"Time (s)","X (m/s^2)","Y (m/s^2)","Z (m/s^2)"
0.000000000E0,1.578916626E0,6.611601105E0,4.423152008E0
9.764999966E-3,1.685944061E0,6.693181458E0,4.105811920E0
1.956199994E-2,1.774110718E0,6.899003448E0,3.955524445E0
2.932700003E-2,2.045196991E0,7.039710846E0,4.300257568E0
3.909300000E-2,2.056723022E0,6.895410919E0,5.144651642E0
4.885799997E-2,1.641935577E0,6.677015076E0,5.696404266E0
5.862399994E-2,1.485061798E0,6.309529266E0,7.069199524E0
6.842000003E-2,1.357377319E0,5.928421783E0,8.376281433E0
7.818600000E-2,9.389973450E-1,5.938899994E0,9.113348694E0
8.795099996E-2,2.755769348E-1,5.993087311E0,9.325607300E0
9.771699994E-2,8.816665649E-2,6.014043732E0,9.470505981E0
1.074830000E-1,2.933898926E-1,6.198310547E0,8.515941010E0
1.172480000E-1,5.117857361E-1,6.103407898E0,7.777227173E0
1.270440000E-1,7.743397522E-1,6.271957397E0,7.294331360E0
1.368099999E-1,9.235794067E-1,6.611152039E0,7.103029175E0
1.465760000E-1,1.071920929E0,6.769672394E0,7.014413452E0
1.563410000E-1,1.257534943E0,6.772366791E0,7.112160187E0
1.661370000E-1,1.368753662E0,6.792125702E0,7.376510468E0
1.759030001E-1,1.341660004E0,6.622678070E0,7.597151642E0
1.856690000E-1,1.060694275E0,6.613846436E0,7.760162659E0
1.954340000E-1,1.286873932E0,6.427933044E0,8.271199951E0
2.052000000E-1,1.306932220E0,6.410718842E0,8.438551941E0
2.149960001E-1,1.030906219E0,6.397097168E0,8.251740417E0
2.247620000E-1,8.036787415E-1,6.308182068E0,8.033793640E0
2.345270000E-1,6.514453125E-1,6.218817902E0,7.772137756E0
2.442930000E-1,4.803511047E-1,6.173761597E0,7.593858490E0
2.540589999E-1,6.132746887E-1,6.103707275E0,7.529043274E0
2.638550000E-1,9.315129089E-1,6.150859222E0,7.630681915E0
2.736200000E-1,1.246907043E0,6.140680389E0,7.860753479E0
2.833860000E-1,1.495390320E0,6.580465851E0,7.898175659E0
2.931519999E-1,1.498084717E0,6.295009460E0,7.714507599E0
3.029170000E-1,1.407223663E0,6.637048187E0,7.172335052E0
3.126830000E-1,1.386566620E0,6.394402771E0,7.335196381E0
3.224790000E-1,1.532962189E0,6.186036072E0,7.382198639E0
3.322449999E-1,1.357826385E0,6.127208405E0,7.334597626E0
3.420100000E-1,1.220861206E0,6.032904510E0,7.406148834E0
3.517760000E-1,1.202449493E0,6.007607117E0,7.518415375E0
3.615420000E-1,1.119821320E0,6.073170776E0,7.406148834E0
3.713379999E-1,1.248104553E0,6.292913818E0,7.141948242E0
3.811030000E-1,1.336420898E0,6.292764130E0,7.120692444E0
3.908690000E-1,1.397194519E0,6.225853271E0,7.217541046E0
4.006350000E-1,1.590592346E0,6.292913818E0,7.233258362E0
4.104000001E-1,1.562750244E0,6.205046539E0,7.323520660E0
4.201660000E-1,1.506766663E0,6.281836853E0,7.826474762E0
4.299620000E-1,6.451583862E-1,6.118825836E0,7.631580048E0
4.397280000E-1,1.199006653E-1,5.705385590E0,7.634723511E0
4.494930001E-1,6.721023560E-2,5.579497375E0,7.685467987E0
4.592590000E-1,4.034111023E-1,5.626050568E0,7.980354767E0
4.690240000E-1,7.737409973E-1,5.550158386E0,8.100105743E0
4.788210000E-1,7.661068726E-1,5.554499359E0,7.957751770E0
4.885860001E-1,7.888595581E-1,5.520669708E0,7.956105194E0
4.983520000E-1,9.963281250E-1,5.589376831E0,7.825876007E0
5.081170000E-1,1.164428558E0,5.651647339E0,7.673492889E0
5.178830000E-1,1.186881866E0,5.707181854E0,7.657326508E0
5.276790000E-1,1.055455170E0,5.807323608E0,7.653883667E0
5.374450000E-1,7.343728638E-1,5.840105438E0,7.803871765E0
5.472100000E-1,3.989204407E-1,5.864953766E0,7.830067291E0
5.569760000E-1,2.056723022E-1,5.905519409E0,7.789351959E0
5.667420001E-1,2.803669739E-1,5.924230499E0,7.963589630E0
5.765070000E-1,5.577401733E-1,5.914500732E0,8.098459167E0
5.863030000E-1,7.685018921E-1,5.798192596E0,8.192014618E0
5.960690000E-1,8.731343079E-1,5.403313751E0,8.717272339E0
6.058350001E-1,1.024170227E0,5.348078613E0,9.238787842E0
6.156000000E-1,1.069974976E0,5.348078613E0,9.149423676E0
6.253660000E-1,6.207591248E-1,4.894372101E0,9.480684814E0
6.351320000E-1,-3.670367432E-1,5.496719513E0,1.267698807E1
6.449280001E-1,-2.713856506E-1,5.500910797E0,1.099059494E1
6.546930000E-1,2.582130432E-1,4.563410339E0,1.112022537E1
6.644590000E-1,1.938468933E-1,4.733007660E0,1.065738785E1
6.742250000E-1,3.053649902E-2,4.839136963E0,1.165626068E1
6.839900000E-1,3.906875610E-1,4.485572205E0,9.775721283E0
6.937860000E-1,1.056203613E0,4.148173828E0,8.860674133E0
7.035520000E-1,1.961371307E0,4.283342743E0,7.150630188E0
7.133180000E-1,2.252964935E0,4.532125397E0,6.162235565E0
7.230830000E-1,1.796863403E0,4.499044189E0,7.136559448E0
7.328790000E-1,3.111729126E0,5.241500244E0,4.554578705E0
7.426450000E-1,2.164049835E0,4.909640350E0,5.047803040E0
7.524110000E-1,1.546284485E0,4.957840118E0,6.832990723E0
7.621760000E-1,1.214723969E0,4.898563385E0,8.246052246E0
7.719420000E-1,1.181193695E0,4.809498596E0,9.091194763E0
7.817080000E-1,1.309626617E0,5.017116852E0,9.121581573E0
7.915030000E-1,1.293310547E0,5.191354523E0,8.465046844E0
8.012680000E-1,1.262474670E0,5.319637756E0,7.693401489E0
8.110340000E-1,1.445094910E0,5.280419312E0,7.150480499E0
8.208000000E-1,1.824555817E0,5.203329620E0,6.558760986E0
8.305650000E-1,2.276915131E0,5.227579193E0,5.927673340E0
8.403610000E-1,2.594704285E0,5.169350281E0,5.674849091E0
8.501270000E-1,2.684367828E0,5.035079498E0,5.841003571E0
8.598930000E-1,2.683469696E0,4.787045288E0,6.570436707E0
8.696580000E-1,2.306403809E0,4.450395355E0,7.063361664E0
8.794240000E-1,2.031275940E0,4.059109039E0,7.807913361E0
8.892200000E-1,2.401156769E0,3.836372223E0,9.095535736E0
8.989860000E-1,2.173330536E0,3.810326385E0,9.985135803E0
9.087510000E-1,1.749861145E0,3.820205841E0,1.004456223E1
9.185170000E-1,1.620230713E0,3.987108765E0,1.029618896E1
9.282820000E-1,1.581161957E0,4.294569397E0,9.730814667E0
9.380480000E-1,1.614841919E0,4.452790375E0,8.923094330E0
9.478440000E-1,1.589993591E0,4.299958191E0,8.231382751E0
9.576100000E-1,1.701511688E0,3.969445496E0,7.945776672E0
9.673750000E-1,1.667532349E0,3.532653809E0,8.121960297E0
9.771410000E-1,1.367107086E0,3.326682129E0,8.827443237E0
9.869370000E-1,8.524772644E-1,3.291056213E0,9.352551270E0
9.967030000E-1,5.815406799E-1,3.318748627E0,9.713301086E0
1.006468000E0,3.239263916E-1,3.438200226E0,9.431886292E0
1.016234000E0,1.713935852E-1,3.611839142E0,8.996441803E0
1.026000000E0,-1.002914429E-2,3.954626312E0,8.773854675E0
1.035796000E0,-1.743873596E-1,4.381538544E0,8.857680359E0
1.045562000E0,-3.975732422E-1,4.510869598E0,8.893156586E0
1.055327000E0,-4.691244507E-1,4.391567688E0,8.978778534E0
1.065093000E0,-3.293151855E-1,4.054768066E0,9.126221924E0
1.074858000E0,-1.064286804E-1,3.727997589E0,9.332492981E0
1.084655000E0,-7.469467163E-2,3.424428864E0,9.618548126E0
1.094420000E0,-3.369493103E-1,3.074306946E0,9.380543060E0
1.104186000E0,-6.888674927E-1,2.962190094E0,9.850116577E0
1.113951000E0,-1.069376221E0,3.254382477E0,9.703271942E0
1.123717000E0,-1.321002960E0,3.397185516E0,1.016057098E1
1.133513000E0,-1.763333130E0,3.537743225E0,1.007479935E1
1.143279000E0,-1.718426514E0,3.622017975E0,1.035187317E1
1.153044000E0,-1.958227844E0,3.398083649E0,1.088237000E1
1.162810000E0,-2.294279022E0,3.364104309E0,1.111259125E1
1.172606000E0,-2.542313232E0,3.195405121E0,1.123668320E1
1.182372000E0,-3.156486053E0,2.974464569E0,9.927505646E0
1.192137000E0,-3.338806915E0,2.511926422E0,8.905880127E0
1.201903000E0,-2.586321716E0,2.666854248E0,8.269852753E0
1.211669000E0,-1.458117828E0,3.328927460E0,7.780819702E0
1.221465000E0,-9.666897583E-1,3.657194824E0,7.547454987E0
1.231230000E0,-6.056405640E-1,3.250789948E0,8.160729675E0
1.240996000E0,-3.174897766E-1,2.980302429E0,8.631800079E0
1.250762000E0,-4.745132446E-2,3.094963989E0,9.282197571E0
1.260527000E0,3.115022278E-1,3.378324738E0,9.344617767E0
1.270293000E0,6.824308777E-1,3.242856445E0,9.098679199E0
1.280089000E0,5.550457764E-1,2.514171753E0,7.919431458E0
1.289855000E0,1.063987427E0,1.979783020E0,7.743547211E0
1.299620000E0,1.278641052E0,1.344204712E0,8.067623291E0
1.309386000E0,1.185534668E0,8.623567200E-1,8.235873413E0
1.319182000E0,1.286275177E0,8.726852417E-1,8.556806030E0
1.328948000E0,1.378932495E0,9.895921326E-1,8.892707520E0
1.338713000E0,1.586550751E0,8.414002991E-1,9.013955383E0
1.348479000E0,1.368154907E0,1.556762695E-1,8.993448029E0
1.358245000E0,1.543440399E0,-1.984872437E-1,8.945847015E0
1.368041000E0,1.654210052E0,-2.583627319E-1,8.849746857E0
1.377806000E0,1.703158264E0,-4.191284180E-3,9.059011688E0
1.387572000E0,1.830243988E0,1.080752563E-1,9.292526093E0
1.397338000E0,1.625320129E0,1.826202393E-1,9.349108429E0
1.407103000E0,1.309476929E0,3.766168213E-1,9.352551270E0
1.416899000E0,1.137484589E0,6.737489319E-1,9.412277069E0
1.426665000E0,1.264420624E0,2.877017212E-1,9.212292938E0
1.436431000E0,1.296304321E0,7.334747314E-1,9.069190521E0
1.446196000E0,1.027912445E0,1.761686554E0,9.821675720E0
1.455962000E0,7.622149658E-1,1.611249390E0,1.025487488E1
1.465728000E0,5.776487732E-1,1.201102295E0,1.021535706E1
1.475524000E0,5.803431702E-1,1.161883850E0,1.019754410E1
1.485289000E0,7.241940308E-1,1.190025330E0,9.848320312E0
1.495055000E0,8.960366821E-1,1.159189453E0,9.488768005E0
1.504821000E0,1.029858398E0,1.139131165E0,9.385931854E0
1.514617000E0,1.132993927E0,1.116827545E0,9.359736328E0
1.524382000E0,1.157243500E0,1.201401672E0,9.441466370E0
1.534148000E0,1.129102020E0,1.224902802E0,9.705966339E0
1.543914000E0,1.182690582E0,1.314865723E0,1.006521927E1
1.553679000E0,1.115779724E0,1.226399689E0,1.046878006E1
1.563445000E0,1.033001862E0,9.228309631E-1,1.105331451E1
1.573210000E0,1.049467621E0,6.210585022E-1,1.148576523E1
1.583007000E0,1.272354126E0,4.903802490E-1,1.137739059E1
1.592772000E0,1.555415497E0,5.740562439E-1,1.094329330E1
1.602538000E0,1.900148621E0,6.691085815E-1,1.062834824E1
1.612303000E0,1.898202667E0,5.343887329E-1,1.044602737E1
1.622100000E0,1.718875580E0,4.938230896E-1,1.024858795E1
1.631865000E0,1.777852936E0,6.646179199E-1,1.018931122E1
1.641631000E0,1.785037994E0,7.710466003E-1,1.025247986E1
1.651396000E0,1.621278534E0,8.222401428E-1,1.020966888E1
1.661193000E0,1.563798065E0,9.785151672E-1,1.017883301E1
1.670958000E0,1.602417755E0,1.016386414E0,1.018706589E1
1.680724000E0,1.573677521E0,9.042695618E-1,1.027208908E1
1.690489000E0,1.481469269E0,7.355703735E-1,1.025726990E1
1.700255000E0,1.465003510E0,6.601272583E-1,1.009560608E1
1.710051000E0,1.530866547E0,7.165599060E-1,1.000863693E1
1.719817000E0,1.382674713E0,8.033793640E-1,9.960886230E0
1.729583000E0,1.294508057E0,8.571176147E-1,9.750423889E0
1.739348000E0,1.288071442E0,9.562115479E-1,9.456285553E0
1.749114000E0,1.106948090E0,1.078656921E0,9.336983643E0
1.758910000E0,8.177494812E-1,1.261576538E0,9.420809326E0
1.768676000E0,5.587879944E-1,1.363813934E0,9.501940613E0
1.778441000E0,3.676354980E-1,1.355880432E0,9.413773956E0
1.788207000E0,2.633024597E-1,1.406175842E0,9.269923096E0
1.797965042E0,1.820214844E-1,1.465901642E0,9.148675232E0
1.807762042E0,1.227447510E-1,1.465153198E0,9.095086670E0
1.817527042E0,1.435514832E-1,1.514251099E0,9.017398224E0
1.827293042E0,1.005908203E-1,1.662891998E0,8.889264679E0
1.837058042E0,3.308120728E-2,1.707499237E0,8.869206390E0
1.846824042E0,-8.187973022E-2,1.700912933E0,9.002429352E0
1.856620042E0,-2.532733154E-1,1.766626282E0,9.243877258E0
1.866386042E0,-3.945794678E-1,1.755998383E0,9.378148041E0
1.876151042E0,-4.282594299E-1,1.657503204E0,9.457483063E0
1.885917042E0,-4.037104797E-1,1.571581879E0,9.494605865E0
1.895683042E0,-4.379891968E-1,1.517843628E0,9.492959290E0
1.905479042E0,-4.272116089E-1,1.395847321E0,9.576635284E0
1.915244042E0,-3.841012573E-1,1.298699341E0,9.752968597E0
1.925010042E0,-3.106040955E-1,1.291813660E0,9.879904633E0
1.934776042E0,-2.526745605E-1,1.238075409E0,9.964329071E0
1.944541042E0,-1.868115234E-1,1.128802643E0,9.946067047E0
1.954307042E0,-1.333726501E-1,9.818083191E-1,9.893226929E0
1.964103042E0,-1.320254517E-1,9.325607300E-1,9.830956421E0
1.973869042E0,-8.083190918E-2,1.013841705E0,9.751920776E0
1.983634042E0,-7.589218140E-2,1.068178711E0,9.695787506E0
1.993400042E0,-1.187031555E-1,1.042731628E0,9.587562561E0
2.003166042E0,-2.234852600E-1,9.627978516E-1,9.650282135E0
2.012962042E0,-4.161346436E-1,7.973918152E-1,9.931397552E0
2.022727042E0,-4.809498596E-1,7.762857056E-1,1.013317795E1
2.032493042E0,-4.846920776E-1,8.349636841E-1,1.020951920E1
2.042259042E0,-4.767585754E-1,8.556207275E-1,1.023945694E1
2.052024042E0,-4.902305603E-1,9.288185120E-1,1.033016830E1
2.061820042E0,-4.673281860E-1,1.038091278E0,1.027104126E1
2.071586042E0,-4.058061218E-1,1.129102020E0,1.002570145E1
2.081352042E0,-4.303550720E-1,1.158740387E0,9.818083191E0
2.091117042E0,-8.051756287E-1,1.207688599E0,9.862540741E0
2.100883042E0,-3.391946411E-1,9.232800293E-1,9.868378601E0
2.110649042E0,-4.245172119E-1,6.951544189E-1,1.026415558E1
2.120445042E0,-4.995112610E-1,5.951623535E-1,1.040156982E1
2.130210042E0,-6.077362061E-1,5.816903687E-1,1.060305084E1
2.139976042E0,-6.397695923E-1,5.343887329E-1,1.085243225E1
2.149742042E0,-6.379733276E-1,3.592529297E-1,1.086710175E1
2.159507042E0,-6.780899048E-1,1.758842468E-1,1.063867676E1
2.169303042E0,-8.758287048E-1,4.041595459E-2,1.048883835E1
2.179069042E0,-9.488768005E-1,1.212478638E-2,1.015069153E1
2.188835042E0,-1.015188904E0,1.308279419E-1,9.687404938E0
2.198600042E0,-1.045126648E0,5.194198608E-1,9.024134216E0
2.208366042E0,-1.130000153E0,9.611512756E-1,8.801996155E0
2.218162042E0,-1.702559509E0,1.287023621E0,9.576186218E0
2.227928042E0,-2.238145752E0,1.373543701E0,1.029334488E1
2.237693042E0,-2.339934082E0,1.289867706E0,1.038136185E1
2.247459042E0,-2.212399292E0,1.138532410E0,1.003558090E1
2.257224042E0,-2.283351746E0,1.149908752E0,9.522148590E0
2.267021042E0,-1.743125153E0,6.735992432E-1,9.139244843E0
2.276786042E0,-1.171912994E0,4.520599365E-2,8.812773743E0
2.286552042E0,-5.833369446E-1,-1.938468933E-1,8.674760742E0
2.296317042E0,-7.399113464E-1,-3.098556519E-1,8.431815948E0
2.306083042E0,-1.114582214E0,-1.185534668E-1,8.352929993E0
2.315879042E0,-1.145867157E0,8.158035278E-2,8.486152954E0
2.325645042E0,-1.350042572E0,3.689826965E-1,8.984766083E0
2.335410042E0,-1.707948303E0,3.484753418E-1,9.540560303E0
2.345176042E0,-1.880838776E0,8.128097534E-2,9.964478760E0
2.354942042E0,-1.943857727E0,6.256988525E-2,1.024709106E1
2.364707042E0,-1.592089233E0,-1.054856415E0,9.495354309E0
2.374503042E0,-9.476792908E-1,-1.148411865E0,9.191037140E0
2.384269042E0,-9.581575012E-1,-9.445358276E-2,9.712402954E0
2.394035042E0,-1.392254791E0,-3.273692322E-1,9.099277954E0
2.403800042E0,-1.542542267E0,-8.168513489E-1,8.409662018E0
2.413566042E0,-1.717977448E0,-6.155200195E-1,8.323441315E0
2.423332042E0,-2.137854309E0,-5.837860107E-2,8.935668182E0
2.433097042E0,-2.638114014E0,3.616479492E-1,9.811496887E0
2.442893042E0,-3.180286560E0,5.834866333E-1,1.091829529E1
2.452659042E0,-3.407813416E0,-3.487747192E-1,1.166554138E1
2.462425042E0,-3.019371185E0,-1.474882965E0,1.202090240E1
2.472190042E0,-2.186802521E0,-2.381248169E0,1.113444580E1
2.481956042E0,-1.238674164E0,-2.155068512E0,9.394015045E0
2.491752042E0,-1.361867981E0,-9.930349731E-1,7.709717560E0
2.501518042E0,-1.219064941E0,4.161346436E-2,6.763834534E0
2.511283042E0,-1.475032654E0,4.375401306E-1,6.741979980E0
2.521049042E0,-2.736459503E0,3.005749512E-1,5.890999603E0
2.530815042E0,-3.285068665E0,5.788462830E-1,6.808741150E0
2.540580042E0,-3.756737823E0,-6.093827820E-1,7.069498901E0
2.550376042E0,-3.497027893E0,-1.041833496E-1,7.382498016E0
2.560142042E0,-2.105970612E0,8.083190918E-3,8.359366608E0
2.569908042E0,-1.210083618E0,-2.344125366E-1,8.631650391E0
2.579673042E0,-9.809101868E-1,-1.166673889E0,8.017627258E0
2.589439042E0,-1.538650360E0,-1.911524963E0,6.981032867E0
2.599235042E0,-2.361489258E0,-2.075434113E0,6.038742371E0
2.609001042E0,-2.481838989E0,-1.586550751E0,5.663472748E0
2.618766042E0,-2.676733704E0,-8.743318176E-1,5.346731415E0
2.628532042E0,-2.905757446E0,-1.296304321E-1,5.256469116E0
2.638297042E0,-2.942131805E0,2.830613708E-1,5.683980103E0
2.648063042E0,-3.494333496E0,4.352947998E-1,6.971153412E0
2.657859042E0,-4.035158844E0,-2.725831604E-1,8.344996490E0
2.667625042E0,-4.312382355E0,-1.111588440E0,8.939111023E0
2.677390042E0,-4.502037964E0,-1.956281891E0,9.732760620E0
2.687156042E0,-4.168980560E0,-2.882406006E0,1.008872040E1
2.696922042E0,-3.867058411E0,-3.405268707E0,9.467811584E0
2.706718042E0,-3.240760803E0,-3.514990540E0,8.515941010E0
2.716483042E0,-2.714754639E0,-3.698059845E0,7.667205963E0
2.726249042E0,-2.931354218E0,-4.196822662E0,7.341483307E0
2.736015042E0,-2.945275269E0,-4.696034546E0,6.912325745E0
2.745780042E0,-3.137176208E0,-4.741090851E0,6.669680328E0
2.755576042E0,-4.351002045E0,-4.795427856E0,7.483537903E0
2.765342042E0,-5.744604034E0,-4.929698639E0,9.025631104E0
2.775108042E0,-6.404132538E0,-4.400399323E0,9.838590546E0
2.784873042E0,-5.998326416E0,-4.216282196E0,9.858050079E0
2.794629917E0,-6.002068634E0,-3.740421753E0,9.598789215E0
2.804395917E0,-6.158044281E0,-3.783232727E0,8.993597717E0
2.814191917E0,-6.828949127E0,-4.725223846E0,8.517587585E0
2.823956917E0,-7.397466888E0,-5.479355621E0,8.398884430E0
2.833722917E0,-8.267158356E0,-5.635480957E0,8.721912689E0
2.843488917E0,-9.197773132E0,-5.345234528E0,9.976453857E0
2.853253917E0,-9.645941162E0,-5.040318604E0,1.136436768E1
2.863049917E0,-9.852661285E0,-5.009333038E0,1.221639587E1
2.872815917E0,-9.849817200E0,-4.744683380E0,1.273880951E1
2.882581917E0,-9.791288910E0,-5.380561066E0,1.257834320E1
2.892346917E0,-9.907447357E0,-6.036497040E0,1.223136475E1
2.902112917E0,-9.941127319E0,-5.813610535E0,1.164757874E1
2.911908917E0,-1.038869659E1,-4.826862488E0,1.081710571E1
2.921674917E0,-1.191851532E1,-3.011886749E0,1.060589493E1
2.931439917E0,-1.277248947E1,-3.018622742E0,1.008842102E1
2.941205917E0,-1.104373444E1,-4.586013336E0,1.044827271E1
2.950971917E0,-6.066584473E0,-6.569388885E0,9.424401855E0
2.960767917E0,-7.428452454E0,-3.674708405E0,6.747518463E0
2.970532917E0,-1.181882263E1,-2.544708252E0,6.087391205E0
2.980298917E0,-1.206326431E1,-2.099833374E0,5.928421783E0
2.990064917E0,-8.663983154E0,-4.225862274E0,5.522316284E0
2.999860917E0,-6.494993591E0,-6.373596039E0,4.825066223E0
3.009625917E0,-5.413492584E0,-7.222929840E0,4.849315796E0
3.019391917E0,-5.989644470E0,-6.390211487E0,4.916825409E0
3.029157917E0,-6.493496704E0,-8.078550568E0,6.083349609E0
3.038922917E0,-5.700296173E0,-9.434131622E0,7.579039307E0
3.048718917E0,-6.138285370E0,-7.525151367E0,6.565496979E0
3.058484917E0,-7.546107788E0,-6.278543701E0,5.770649872E0
3.068250917E0,-6.934030609E0,-6.077362061E0,6.024072876E0
3.078015917E0,-5.309309235E0,-5.236410828E0,5.322631531E0
3.087781917E0,-4.156107330E0,-5.074148254E0,4.789440308E0
3.097577917E0,-3.876488800E0,-4.474794617E0,4.416416016E0
3.107343917E0,-3.874243469E0,-3.902534637E0,4.389921112E0
3.117108917E0,-4.394561462E0,-4.023483124E0,4.461771698E0
3.126874917E0,-4.762945404E0,-4.453838196E0,5.052293701E0
3.136639917E0,-5.017865295E0,-3.994443512E0,4.960684204E0
3.146436917E0,-5.655838623E0,-2.403551788E0,4.691094818E0
3.156201917E0,-6.558760986E0,-2.077978821E0,4.271966400E0
3.165967917E0,-7.322023773E0,-3.048859863E0,4.434977417E0
3.175732917E0,-7.210056610E0,-3.028651886E0,4.403243408E0
3.185498917E0,-6.509812775E0,-3.198398895E0,3.808530121E0
3.195294917E0,-6.419999542E0,-5.748795319E0,3.504512329E0
3.205060917E0,-6.935826874E0,-6.400090942E0,3.262016602E0
3.214826917E0,-7.214098206E0,-5.210514679E0,2.854863281E0
3.224591917E0,-7.451205139E0,-4.434827728E0,2.687361603E0
3.234357917E0,-7.899822235E0,-5.270390167E0,3.428171082E0
3.244153917E0,-7.825277252E0,-5.132377167E0,3.974983978E0
3.253919917E0,-7.726782074E0,-4.134851532E0,4.257745972E0
3.263684917E0,-6.555318146E0,-3.281775513E0,3.914060669E0
3.273450917E0,-6.174060974E0,-5.899531860E0,4.603826294E0
3.283215917E0,-6.680906982E0,-9.278904419E0,4.625381470E0
3.293012917E0,-5.963448944E0,-8.162675629E0,6.465355225E0
3.302777917E0,-4.448299713E0,-8.796906738E0,6.242319031E0
3.312543917E0,-4.636458435E0,-1.003019211E1,6.456673279E0
3.322308917E0,-5.025649109E0,-9.118288422E0,5.625152435E0
3.332105917E0,-5.440286865E0,-7.593708801E0,3.328478394E0
3.341870917E0,-6.286776581E0,-6.318959656E0,2.139949951E0
3.351636917E0,-5.805227966E0,-5.586532745E0,1.648671570E0
3.361401917E0,-5.410947876E0,-5.449717255E0,1.677561493E0
3.371167917E0,-5.851332092E0,-7.369475098E0,2.508782959E0
3.380933917E0,-6.270610199E0,-5.490881653E0,2.545756073E0
3.390729917E0,-7.306456146E0,-4.029770050E0,3.400478668E0
3.400494917E0,-6.440506897E0,-2.986888733E0,3.979923706E0
3.410260917E0,-5.581293640E0,-4.839286652E0,3.386707306E0
3.420026917E0,-7.187902679E0,-4.336033173E0,2.282154236E0
3.429791917E0,-7.436835022E0,-3.523073730E0,2.117945709E0
3.439587917E0,-8.323591003E0,-4.037404175E0,1.960473175E0
3.449353917E0,-9.430988159E0,-4.455484772E0,1.850751343E0
3.459119917E0,-8.507408752E0,-4.250411224E0,1.507365417E0
3.468884917E0,-8.037835236E0,-3.858526154E0,7.093748474E-1
3.478650917E0,-7.863747253E0,-4.869823151E0,-4.713697815E-1
3.488446917E0,-6.986571350E0,-4.551435242E0,-6.589297485E-1
3.498212917E0,-7.164251862E0,-4.918471985E0,-6.319857788E-1
3.507977917E0,-7.348069611E0,-4.657115479E0,-4.849914551E-2
3.517743917E0,-8.002508698E0,-4.416416016E0,7.605683899E-1
3.527509917E0,-8.793014832E0,-3.506158905E0,1.556613007E0
3.537305917E0,-7.090155945E0,-2.444416809E0,1.551523590E0
3.547070917E0,-6.741530914E0,-1.349294128E0,1.426832886E0
3.556836917E0,-8.749006348E0,-3.295995941E0,2.406844940E0
3.566602917E0,-8.836574249E0,-4.143683167E0,2.653382263E0
3.576367917E0,-8.239915009E0,-4.966671753E0,2.033521271E0
3.586163917E0,-7.770341492E0,-6.267317047E0,7.255412292E-1
3.595929917E0,-7.424111481E0,-5.743256836E0,-3.634442139E-1
3.605695917E0,-8.367300110E0,-5.665568390E0,-1.195563812E0
3.615460917E0,-1.095661560E1,-4.717739410E0,-6.430627441E-1
3.625256917E0,-1.230306564E1,-3.052901459E0,4.014651489E-1
3.635022917E0,-1.136376892E1,-3.633993073E0,3.182382202E-1
3.644788917E0,-1.099089432E1,-4.351301422E0,-5.156776428E-1
3.654553917E0,-1.028122009E1,-4.484374695E0,-1.786983948E0
3.664319917E0,-9.749525757E0,-4.726121979E0,-3.814966736E0
3.674115917E0,-9.380543060E0,-5.088518372E0,-4.126618652E0
3.683881917E0,-9.317075043E0,-6.068081360E0,-3.951183472E0
3.693646917E0,-8.535250854E0,-6.444997559E0,-3.896996155E0
3.703412917E0,-7.839347992E0,-5.555996246E0,-4.335584106E0
3.713178917E0,-8.177345123E0,-5.103786621E0,-4.079616394E0
3.722974917E0,-8.668324127E0,-6.242169342E0,-3.227737885E0
3.732739917E0,-8.400980072E0,-7.761210480E0,-1.982477417E0
3.742505917E0,-8.155939636E0,-9.193132782E0,-1.500180359E0
3.752271917E0,-8.466992798E0,-9.349707184E0,-1.645378418E0
3.762036917E0,-8.555608521E0,-1.023975632E1,-1.942660217E0
3.771832917E0,-8.669521637E0,-1.060409866E1,-1.744172974E0
3.781598917E0,-8.148604889E0,-9.305249634E0,-1.249451752E0
3.791364917E0,-7.699838104E0,-7.488028564E0,-1.118324432E0
3.801121250E0,-7.268884277E0,-7.575147400E0,-9.593550110E-1
3.810887250E0,-7.008276215E0,-5.955964508E0,2.544708252E-3
3.820683250E0,-8.614436188E0,-1.462159424E0,5.180726624E-1
3.830449250E0,-8.956025848E0,-2.013762360E0,8.641529846E-1
3.840214250E0,-8.621920624E0,-4.291725311E0,1.955533447E0
3.849980250E0,-7.617958374E0,-6.102060699E0,2.818788300E0
3.859745250E0,-5.509742432E0,-7.726782074E0,5.719606018E-1
3.869542250E0,-3.331472168E0,-7.717501373E0,-2.601739655E0
3.879307250E0,-2.464475098E0,-6.487509155E0,-3.695814514E0
3.889073250E0,-3.523522797E0,-6.080804901E0,-2.403102722E0
3.898839250E0,-5.069807281E0,-6.420598297E0,-1.640588379E-1
3.908604250E0,-5.465733948E0,-6.719376984E0,2.163750458E0
3.918400250E0,-6.450685730E0,-6.558311920E0,3.359763336E0
3.928166250E0,-7.130571899E0,-7.898924103E0,3.058889008E0
3.937932250E0,-7.742649078E0,-7.555388489E0,1.981579285E0
3.947697250E0,-8.810977478E0,-5.667514343E0,1.350940704E0
3.957463250E0,-1.051832703E1,-2.877017212E0,1.737886047E0
3.967228250E0,-9.151968384E0,-2.246977386E0,-5.129832458E-1
3.977025250E0,-5.510640564E0,-5.103936310E0,3.019221497E-1
3.986790250E0,-6.591243439E0,-7.194938049E0,1.941462708E-1
3.996556250E0,-7.777376862E0,-9.422755280E0,-1.182540894E0
4.006321250E0,-3.952830048E0,-1.016251694E1,-2.572700043E0
4.016087250E0,2.800975342E0,-1.096784225E1,-4.398004303E0
4.025883250E0,1.034378998E1,-1.208631638E1,-3.971241760E0
4.035649250E0,1.344878311E1,-1.275213181E1,-1.594783630E0
4.045414250E0,1.104418350E1,-1.229917374E1,5.990542603E-1
4.055180250E0,1.767075348E0,-8.363258514E0,1.745220795E0
4.064946250E0,-3.506009216E0,-6.803352356E0,2.309247894E0
4.074711250E0,-4.596491547E0,-7.704777832E0,1.369502106E0
4.084507250E0,-5.017116852E0,-8.441246338E0,8.207432556E-1
4.094273250E0,-6.373596039E0,-9.231153717E0,3.062631226E-1
4.104039250E0,-7.146887970E0,-1.002016296E1,-1.165326691E0
4.113804250E0,-6.541097717E0,-1.081800385E1,-1.238225098E0
4.123570250E0,-5.371729431E0,-1.057580750E1,-6.144721985E-1
4.133366250E0,-3.536994781E0,-9.934091949E0,2.649490356E-1
4.143132250E0,-2.741997986E0,-9.552535400E0,7.485932922E-1
4.152897250E0,-3.127296753E0,-9.560468903E0,8.610095215E-1
4.162663250E0,-3.721411285E0,-9.455237732E0,4.567002869E-1
4.172429250E0,-4.124373322E0,-9.313033447E0,2.046244812E-1
4.182225250E0,-4.557123413E0,-8.916358337E0,-8.472381592E-2
4.191990250E0,-5.020559692E0,-8.956325226E0,-5.261558533E-1
4.201756250E0,-5.388045502E0,-9.140592041E0,-6.354286194E-1
4.211522250E0,-5.003046112E0,-9.016649780E0,-8.241860962E-1
4.221287250E0,-4.017196198E0,-8.763376465E0,-7.461982727E-1
4.231083250E0,-3.330274658E0,-8.930728455E0,-4.107458496E-1
4.240849250E0,-2.840493164E0,-9.585167542E0,1.960922241E-2
4.250615250E0,-2.905158691E0,-9.503587189E0,4.465214539E-1
4.260380250E0,-3.463347931E0,-9.001082153E0,2.853067017E-1
4.270146250E0,-3.614832916E0,-8.392447815E0,2.848576355E-1
4.279942250E0,-3.791166229E0,-7.335645447E0,3.574566650E-1
4.289708250E0,-4.163292389E0,-6.841972046E0,8.663983154E-1
4.299473250E0,-4.323908386E0,-6.665339355E0,1.480421448E0
4.309239250E0,-4.466262360E0,-6.797065430E0,2.218536530E0
4.319005250E0,-4.244124298E0,-6.910828857E0,1.483415222E-1
4.328770250E0,-6.003116455E0,-8.881480865E0,1.245859222E0
4.338566250E0,-5.952821045E0,-9.430838470E0,1.963616638E0
4.348332250E0,-5.526357880E0,-9.735604706E0,1.340462494E0
4.358098250E0,-4.721781006E0,-9.402696991E0,4.837939453E-1
4.367863250E0,-3.960015106E0,-8.964558105E0,4.821473694E-1
4.377629250E0,-3.758234711E0,-8.528514862E0,2.080673218E-1
4.387425250E0,-4.065845032E0,-8.206085358E0,-3.731739807E-1
4.397191250E0,-4.363276520E0,-7.894882507E0,-3.926335144E-1
4.406956250E0,-4.796775055E0,-7.806266785E0,-1.399589539E-1
4.416722250E0,-5.432203674E0,-7.896828461E0,-1.679507446E-1
4.426487250E0,-5.954617310E0,-8.113577728E0,-2.125579834E-2
4.436253250E0,-5.929619293E0,-8.178093567E0,4.655319214E-1
4.446049250E0,-5.348377991E0,-8.138575745E0,8.660989380E-1
4.455815250E0,-4.572691040E0,-7.835755463E0,5.813909912E-1
4.465580250E0,-3.844156036E0,-7.730973358E0,2.583627319E-1
4.475346250E0,-3.527414703E0,-8.096064148E0,1.704954529E-1
4.485112250E0,-3.809278564E0,-8.587641907E0,-2.088157654E-1
4.494908250E0,-4.287084961E0,-8.356223145E0,-1.207987976E-1
4.504673250E0,-4.992418213E0,-8.181686096E0,-2.212399292E-1
4.514439250E0,-5.999224548E0,-8.608298950E0,-9.964778137E-1
4.524205250E0,-6.336622925E0,-8.867410126E0,-6.515950012E-1
4.533970250E0,-5.755980377E0,-8.643326111E0,-1.142124939E-1
4.543766250E0,-4.791685638E0,-8.476872253E0,2.433938599E-1
4.553532250E0,-3.800147552E0,-8.121660919E0,4.290078735E-1
4.563298250E0,-3.326682129E0,-8.967701569E0,3.579057312E-1
4.573063250E0,-3.726500702E0,-8.749455414E0,-9.759704590E-2
4.582829250E0,-3.898493042E0,-7.504943390E0,7.725434875E-1
4.592625250E0,-3.283422089E0,-6.902446289E0,9.849517822E-1
4.602391250E0,-3.473077698E0,-7.682474213E0,1.477427673E-1
4.612156250E0,-3.675007782E0,-8.596024475E0,-7.229965210E-1
4.621922250E0,-3.825295258E0,-7.729177094E0,-1.511257324E0
4.631688250E0,-3.782334595E0,-6.437812500E0,-1.669328613E0
4.641453250E0,-3.516637115E0,-6.358776855E0,-1.297052765E0
4.651249250E0,-3.264561310E0,-7.021149445E0,-6.896159363E-1
4.661015250E0,-3.264561310E0,-7.691305847E0,-2.612068176E-1
4.670781250E0,-3.826941833E0,-8.338859253E0,-3.125500488E-1
4.680546250E0,-4.357438660E0,-8.884324951E0,-6.759942627E-1
4.690312250E0,-4.445455627E0,-9.276060333E0,-7.824229431E-1
4.700108250E0,-4.229754181E0,-9.361981659E0,-6.454577637E-1
4.709874250E0,-3.935915222E0,-9.479636993E0,-3.363505554E-1
4.719639250E0,-3.657793579E0,-9.656569061E0,-2.829116821E-2
4.729405250E0,-3.344345398E0,-9.930200043E0,-6.137237549E-3
4.739171250E0,-3.245251465E0,-1.006252487E1,-4.064048767E-1
4.748967250E0,-3.049159241E0,-1.093146790E1,-5.060975647E-1
4.758732250E0,-3.085234222E0,-1.215592163E1,-7.688012695E-1
4.768498250E0,-2.910996552E0,-1.298938843E1,-9.999206543E-1
4.778264250E0,-2.710114288E0,-1.346135696E1,-1.523382111E0
4.788029250E0,-3.278781738E0,-1.409798309E1,-1.320254517E0
4.797818625E0,-3.926933899E0,-1.413794998E1,-8.228388977E-1
4.807584625E0,-4.238735504E0,-1.313353867E1,-6.876699829E-1
4.817350625E0,-4.384831696E0,-9.900411987E0,-7.940986633E-1
4.827115625E0,-4.220922546E0,-8.475974121E0,-7.939489746E-1
4.836881625E0,-4.602778473E0,-6.945107574E0,-7.238946533E-1
4.846646625E0,-4.106260986E0,-6.692582703E0,-1.050365753E0
4.856443625E0,-3.598816223E0,-7.629185028E0,-1.380878448E0
4.866208625E0,-3.575165405E0,-9.280700684E0,-1.185085602E0
4.875974625E0,-3.843856659E0,-1.017194733E1,-9.147477722E-1
4.885739625E0,-4.154909821E0,-1.059766205E1,-6.466552734E-1
4.895505625E0,-4.089944916E0,-1.008677444E1,-4.513114929E-1
4.905301625E0,-4.016747131E0,-8.971144409E0,-4.526586914E-1
4.915067625E0,-3.932472382E0,-8.128396912E0,-5.538482666E-1
4.924832625E0,-3.874542847E0,-7.884553986E0,-3.908372498E-1
4.934598625E0,-3.915407867E0,-7.886200562E0,-2.516267395E-1
4.944364625E0,-4.396956482E0,-8.249046021E0,-8.346643066E-1
4.954129625E0,-4.748126221E0,-8.659941559E0,-1.505569153E0
4.963926625E0,-5.102589111E0,-8.665779419E0,-1.398691406E0
4.973691625E0,-5.378016357E0,-8.541537781E0,-1.519490204E0
4.983457625E0,-5.551355896E0,-8.672964478E0,-1.842219086E0
4.993222625E0,-5.081333313E0,-8.496930542E0,-1.875000916E0
5.002988625E0,-4.612208862E0,-8.595725098E0,-1.568288727E0
5.012784625E0,-4.123325500E0,-9.173224182E0,-4.086502075E-1
5.022550625E0,-3.807482300E0,-9.401649170E0,-8.307723999E-2
5.032315625E0,-3.376079407E0,-9.338779907E0,-8.794212341E-1
5.042081625E0,-3.750600586E0,-9.733509064E0,-1.724863129E0
5.051847625E0,-4.523443451E0,-9.269474030E0,-2.372865601E0
5.061643625E0,-5.080734558E0,-9.084309082E0,-2.121238861E0
5.071408625E0,-5.261558533E0,-9.191336517E0,-1.985022125E0
5.081174625E0,-5.288352814E0,-9.211095428E0,-2.346670074E0
5.090940625E0,-5.814658356E0,-9.140592041E0,-2.646496582E0
5.100705625E0,-6.662794647E0,-9.504934387E0,-2.703078918E0
5.110501625E0,-6.665788422E0,-1.022149429E1,-2.117496643E0
5.120267625E0,-6.328240356E0,-9.900411987E0,-2.126328278E0
5.130033625E0,-5.528154144E0,-9.594597931E0,-2.115700378E0
5.139798625E0,-5.009632416E0,-9.582922211E0,-1.921554108E0
5.149564625E0,-4.196223907E0,-9.901010742E0,-1.322200470E0
5.159330625E0,-3.488944702E0,-1.002270767E1,-1.339115295E0
5.169126625E0,-2.879412231E0,-1.027732819E1,-1.466949463E0
5.178891625E0,-2.462529144E0,-1.168380341E1,-1.932930450E0
5.188657625E0,-2.659519501E0,-1.249601440E1,-2.515818329E0
5.198423625E0,-2.421364746E0,-1.390578278E1,-2.042352905E0
5.208188625E0,-1.598226471E0,-1.509760437E1,-1.794318695E0
5.217984625E0,-1.597478027E0,-1.510089752E1,-3.790717163E0
5.227750625E0,-2.181563416E0,-1.336690338E1,-5.231321411E0
5.237516625E0,-3.290457458E0,-1.301004547E1,-4.986430664E0
5.247281625E0,-3.809577942E0,-1.301902679E1,-3.967050476E0
5.257047625E0,-3.789968719E0,-1.216280731E1,-3.466341705E0
5.266812625E0,-3.700604553E0,-1.125763962E1,-2.223326569E0
5.276609625E0,-2.689457245E0,-1.036774017E1,-8.379574585E-1
5.286374625E0,-2.249222717E0,-9.639354858E0,-3.306623840E-1
5.296140625E0,-2.060315552E0,-9.469458160E0,-7.439529419E-2
5.305905625E0,-1.403930511E0,-9.647887115E0,9.026229858E-2
5.315671625E0,-1.070274353E0,-9.629774780E0,-2.412383423E0
5.325467625E0,1.053658905E0,-9.259295197E0,-3.064726868E0
5.335233625E0,4.004023590E0,-8.482410736E0,-5.780978394E-1
5.344999625E0,3.888014832E0,-8.296048279E0,3.289559326E0
5.354764625E0,2.692900085E0,-8.230484619E0,3.826642456E0
5.364530625E0,1.979483643E0,-8.022566986E0,2.257305908E0
5.374326625E0,1.643432465E0,-8.720415802E0,3.218307495E-1
5.384092625E0,8.075706482E-1,-8.791517944E0,-1.045875092E0
5.393857625E0,4.191284180E-1,-7.931556244E0,-1.064436493E0
5.403623625E0,8.355624390E-1,-7.971672821E0,-1.420246582E0
5.413388625E0,8.593629456E-1,-8.177644501E0,-2.315983887E0
5.423154625E0,8.167016602E-1,-8.292605438E0,-2.781366119E0
5.432950625E0,3.849993896E-1,-8.553512878E0,-3.497177582E0
5.442716625E0,-3.118016052E-1,-8.902437286E0,-4.517006836E0
5.452481625E0,-1.124012604E0,-8.948242035E0,-4.792583771E0
5.462247625E0,-1.708247681E0,-8.694968719E0,-4.413422241E0
5.472013625E0,-9.099577332E-1,-8.277037811E0,-4.360432434E0
5.481778625E0,3.664379883E-1,-7.776628418E0,-3.686384125E0
5.491574625E0,4.689747620E-1,-7.477700043E0,-2.026336212E0
5.501340625E0,-7.873626709E-2,-6.422993317E0,-7.463479614E-1
5.511106625E0,-5.539979553E-1,-5.706882477E0,8.442443848E-2
5.520871625E0,-4.794529724E-1,-5.354964294E0,-7.918533325E-2
5.530637625E0,-5.598358154E-1,-5.505102081E0,-1.221759338E0
5.540433625E0,-3.606001282E-1,-5.592669983E0,-1.524280243E0
5.550199625E0,-1.543290710E-1,-5.267097015E0,-1.315314789E0
5.559964625E0,-7.080276489E-2,-4.771178284E0,-1.740131378E0
5.569730625E0,-4.385879517E-2,-4.888683929E0,-2.251468048E0
5.579496625E0,9.235794067E-2,-5.040318604E0,-2.464325409E0
5.589292625E0,3.634442139E-1,-5.275928650E0,-2.827170868E0
5.599057625E0,8.957373047E-1,-5.324427795E0,-3.347189484E0
5.608823625E0,1.401834869E0,-5.645061035E0,-3.692970428E0
5.618589625E0,1.795366516E0,-6.347250824E0,-4.093387756E0
5.628354625E0,1.692829742E0,-7.299570465E0,-4.554129639E0
5.638150625E0,1.294657745E0,-8.314909058E0,-4.759053497E0
5.647916625E0,7.798782349E-1,-9.103918304E0,-4.927153931E0
5.657682625E0,2.309696960E-1,-9.640103302E0,-4.990472260E0
5.667447625E0,-2.309696960E-1,-1.022433838E1,-5.278473358E0
5.677213625E0,-4.466711426E-1,-1.098924774E1,-5.610932007E0
5.686978625E0,-7.614665222E-1,-1.128862518E1,-6.090235291E0
5.696775625E0,-8.887019348E-1,-1.153336624E1,-6.477629700E0
5.706540625E0,-8.446934509E-1,-1.168140839E1,-6.613696747E0
5.716306625E0,-5.072950745E-1,-1.114761841E1,-6.425088959E0
5.726071625E0,-1.939965820E-1,-1.126347748E1,-6.255491638E0
5.735837625E0,-5.987548828E-1,-1.148187332E1,-6.473588104E0
5.745603625E0,-6.319857788E-1,-1.109268265E1,-6.519991608E0
5.755399625E0,-2.637515259E-1,-1.017598892E1,-6.397396545E0
5.765165625E0,2.817141724E-1,-8.925489349E0,-5.951623535E0
5.774930625E0,6.110293579E-1,-7.980504456E0,-5.524112549E0
5.784696625E0,8.502319336E-1,-7.529941406E0,-4.718338165E0
5.794425625E0,4.878355408E-1,-7.551496582E0,-3.761976929E0
5.804222625E0,8.622070312E-2,-8.329279175E0,-3.022814026E0
5.813987625E0,-6.316864014E-2,-8.878187714E0,-2.770887909E0
5.823753625E0,-3.947291565E-1,-8.832682343E0,-2.952759705E0
5.833518625E0,6.078858948E-1,-1.236324051E1,-2.713856506E0
5.843284625E0,7.065307617E-1,-1.374441833E1,-1.822909241E0
5.853050625E0,6.005511475E-1,-1.421563843E1,-2.942580872E0
5.862815625E0,-2.703378296E-1,-1.522977951E1,-5.207221527E0
5.872611625E0,-1.011446686E0,-1.560100754E1,-5.836512909E0
5.882377625E0,-6.948550415E-1,-1.464105377E1,-4.519850922E0
5.892143625E0,1.052910461E0,-1.161569504E1,-3.159779205E0
5.901908625E0,2.981350250E0,-9.022487640E0,-2.105371857E0
5.911674625E0,3.449726257E0,-8.152496796E0,-1.060394897E0
5.921440625E0,3.339405670E0,-7.747439117E0,-5.234614563E-1
5.931236625E0,3.029699707E0,-7.110513611E0,1.258882141E-1
5.941001625E0,2.617307281E0,-6.682852936E0,-6.346801758E-2
5.950767625E0,1.902693329E0,-6.519243164E0,-6.143225098E-1
5.960533625E0,1.353784790E0,-6.834786987E0,-7.369175720E-1
5.970298625E0,9.012757874E-1,-7.426955566E0,-6.903643799E-1
5.980064625E0,3.091072083E-1,-7.659871216E0,-1.850152588E-1
5.989829625E0,1.914518738E-1,-7.812853088E0,5.481600952E-1
5.999626625E0,1.591191101E-1,-7.630083160E0,1.137634277E0
6.009391625E0,6.583309937E-1,-7.460785217E0,2.208208008E0
6.019157625E0,-1.706451416E-1,-8.045768738E0,5.075345764E0
6.028922625E0,-1.716630249E0,-8.575367432E0,6.639293518E0
6.038688625E0,-2.699486389E0,-9.518556061E0,5.962401123E0
6.048484625E0,-2.822680206E0,-1.144939087E1,4.440964966E0
6.058250625E0,-3.018323364E0,-1.395173721E1,2.957849121E0
6.068015625E0,-7.012317810E0,-1.531225800E1,2.212548981E0
6.077781625E0,-8.848100281E0,-1.044617706E1,3.889960785E0
6.087547625E0,-3.946393433E0,-1.053194870E1,1.393601990E-1
6.097312625E0,-1.927242279E0,-1.036848862E1,-1.140628052E-1
6.107108625E0,-1.840572510E0,-9.515113220E0,-2.188149719E0
6.116874625E0,-2.396217041E0,-8.587941284E0,-4.037404175E0
6.126640625E0,-2.718047791E0,-9.372759247E0,-4.809648285E0
6.136405625E0,-2.567161560E0,-1.039827667E1,-5.447471924E0
6.146171625E0,-2.205363922E0,-1.045021866E1,-6.467001801E0
6.155967625E0,-1.458866272E0,-1.006417145E1,-6.865622864E0
6.165733625E0,-6.533912659E-1,-9.248816986E0,-5.247787170E0
6.175498625E0,-1.959425354E-1,-9.252409515E0,-3.113525391E0
6.185264625E0,3.851490784E-1,-9.007069702E0,-1.276844788E0
6.195030625E0,8.785231018E-1,-8.358318787E0,4.360432434E-1
6.204795625E0,1.072519684E0,-8.165819092E0,1.468596039E0
6.214591625E0,6.539900208E-1,-8.744815063E0,1.954036560E0
6.224357625E0,-1.122665405E-2,-9.266779633E0,1.653461609E0
6.234123625E0,-2.409988403E-2,-9.819879456E0,4.855902100E-1
6.243888625E0,1.290316772E-1,-9.958491211E0,-2.989283752E-1
6.253654625E0,-1.838177490E-1,-9.694589996E0,-7.176077271E-1
6.263450625E0,-9.616003418E-1,-9.653425598E0,-1.833387451E0
6.273216625E0,-1.944755859E0,-9.554780731E0,-3.052003326E0
6.282981625E0,-2.689756622E0,-9.314230957E0,-3.794010315E0
6.292747625E0,-3.024011536E0,-9.351054382E0,-4.486170959E0
6.302513625E0,-3.283871155E0,-9.645941162E0,-3.632645874E0
6.312309625E0,-3.197949829E0,-9.557774506E0,-3.203039246E0
6.322074625E0,-3.042423248E0,-9.591604156E0,-2.749931488E0
6.331840625E0,-2.752476196E0,-9.695488129E0,-2.714604950E0
6.341606625E0,-2.602488098E0,-9.966275024E0,-2.580633545E0
6.351371625E0,-2.561323700E0,-1.033660492E1,-2.209255829E0
6.361167625E0,-2.418221283E0,-1.058823166E1,-1.918560333E0
6.370933625E0,-1.976190491E0,-1.090257797E1,-1.741927643E0
6.380699625E0,-1.775457916E0,-1.116992203E1,-1.317111053E0
6.390464625E0,-1.963017883E0,-1.082818268E1,-9.104067993E-1
6.400230625E0,-2.251468048E0,-1.048225204E1,-8.020321655E-1
6.410026625E0,-2.401007080E0,-9.955347748E0,-8.539741516E-1
6.419792625E0,-2.490520935E0,-8.658744049E0,-7.896080017E-1
6.429557625E0,-2.317780151E0,-7.696245575E0,-8.556207275E-1
6.439323625E0,-2.185754700E0,-7.183262329E0,-7.861651611E-1
6.449088625E0,-2.141147461E0,-6.951095123E0,-7.502398682E-1
6.458885625E0,-2.601889343E0,-7.251670074E0,-4.191284180E-1
6.468650625E0,-3.444786530E0,-7.771539001E0,-1.643582153E-1
6.478416625E0,-3.962260437E0,-8.350684662E0,-7.864645386E-1
6.488181625E0,-3.965553589E0,-8.970695343E0,-1.790277100E0
6.497947625E0,-3.859873352E0,-9.777367859E0,-2.616558838E0
6.507743625E0,-4.013304291E0,-1.080318466E1,-3.495830383E0
6.517509625E0,-4.065545654E0,-1.206027054E1,-4.475992126E0
6.527275625E0,-3.533252563E0,-1.307037003E1,-4.981940002E0
6.537040625E0,-2.486030273E0,-1.333651657E1,-4.254003754E0
6.546806625E0,-1.361568604E0,-1.340222992E1,-2.921474762E0
6.556602625E0,-8.786727905E-2,-1.317605026E1,-1.918560333E0
6.566368625E0,5.921685791E-1,-1.350761078E1,-1.179996185E0
6.576133625E0,5.584886169E-1,-1.461171478E1,-4.146377563E-1
6.585899625E0,2.462379456E-1,-1.544952255E1,3.263214111E-1
6.595664625E0,2.785707092E-1,-1.496932114E1,8.656498718E-1
6.605461625E0,5.276527405E-1,-1.318952225E1,7.059320068E-1
6.615226625E0,9.782157898E-1,-1.164099243E1,8.008346558E-1
6.624992625E0,1.309177551E0,-1.108070755E1,1.345252533E0
6.634757625E0,1.416803741E0,-1.175789932E1,1.973795471E0
6.644523625E0,1.276695099E0,-1.274060577E1,2.703078918E0
6.654289625E0,1.391955414E0,-1.314461563E1,2.820285187E0
6.664054625E0,1.653910675E0,-1.308039917E1,2.514171753E0
6.673850625E0,1.868863678E0,-1.321362213E1,1.578467560E0
6.683616625E0,1.796414337E0,-1.301124298E1,3.861968994E-1
6.693382625E0,1.504671021E0,-1.179741714E1,-2.725831604E-1
6.703147625E0,1.184636536E0,-1.034977753E1,-7.536827087E-1
6.712913625E0,1.159339142E0,-9.657467194E0,-1.445094910E0
6.722679625E0,1.034199371E0,-9.165889435E0,-2.010020142E0
6.732444625E0,6.917115784E-1,-8.686137085E0,-2.275118866E0
6.742240625E0,1.661544800E-1,-8.358767853E0,-2.543959808E0
6.752006625E0,-1.851649475E-1,-8.057145081E0,-2.812800751E0
6.761772625E0,-4.101470947E-1,-7.846682739E0,-2.930306396E0
6.771537625E0,-3.492237854E-1,-7.758366394E0,-2.758164368E0
6.781303625E0,-3.959266663E-1,-7.745942230E0,-2.531535645E0
6.791068625E0,-4.547543335E-1,-7.750432892E0,-2.375859375E0
6.800859292E0,-4.781057739E-1,-7.721992035E0,-1.749112701E0
6.810624292E0,-6.108796692E-1,-7.419022064E0,-9.722282410E-1
6.820390292E0,-7.203021240E-1,-7.320975952E0,-1.916015625E-2
6.830155292E0,-7.337741089E-1,-7.665260010E0,7.908055115E-1
6.839921292E0,-6.798861694E-1,-7.938890991E0,9.083111572E-1
6.849717292E0,-2.125579834E-1,-8.586893463E0,1.166224823E0
6.859483292E0,1.281335449E-1,-9.185947723E0,9.342073059E-1
6.869248292E0,4.074526978E-1,-9.098230133E0,4.740641785E-1
6.879014292E0,1.036444702E0,-8.665330353E0,3.215313721E-1
6.888780292E0,1.755699005E0,-8.006550293E0,3.248245239E-1
6.898545292E0,2.762355652E0,-7.412585449E0,3.381468201E-1
6.908342292E0,3.809577942E0,-7.316335602E0,2.020797729E-1
6.918107292E0,3.673061829E0,-8.104746094E0,-3.409909058E-1
6.927873292E0,2.936593323E0,-8.653654633E0,-9.976753235E-1
6.937638292E0,2.616409149E0,-8.779393158E0,-1.342109070E0
6.947404292E0,2.429897003E0,-8.862470398E0,-1.848805389E0
6.957200292E0,2.143542480E0,-8.504864044E0,-2.298170929E0
6.966966292E0,1.684596863E0,-8.014034729E0,-2.418370972E0
6.976731292E0,1.208586731E0,-7.890092468E0,-2.302960968E0
6.986497292E0,7.607180786E-1,-8.396190033E0,-2.348316650E0
6.996263292E0,-4.475692749E-2,-8.529862061E0,-2.575244751E0
7.006028292E0,-8.927435303E-1,-8.326584778E0,-3.003204803E0
7.015824292E0,-1.082249451E0,-8.287366333E0,-3.490441589E0
7.025590292E0,-5.535488892E-1,-8.868457947E0,-3.607198792E0
7.035356292E0,1.456471252E-1,-9.301806793E0,-3.530408478E0
7.045121292E0,4.549040222E-1,-9.568851471E0,-3.157234497E0
7.054887292E0,6.090834045E-1,-1.045770309E1,-2.888543243E0
7.064653292E0,5.533992004E-1,-1.117575989E1,-2.839744720E0
7.074449292E0,3.161425781E-1,-1.125569366E1,-2.669249268E0
7.084214292E0,3.073109436E-1,-1.152797745E1,-2.464624786E0
7.093980292E0,7.934999084E-1,-1.215876572E1,-2.137704620E0
7.103746292E0,1.591191101E0,-1.255708740E1,-1.274000702E0
7.113511292E0,1.866169281E0,-1.251367767E1,-7.708969116E-2
7.123277292E0,1.767075348E0,-1.190100174E1,7.571255493E-1
7.133073292E0,1.791474609E0,-1.080078964E1,4.875361633E-1
7.142839292E0,1.806293793E0,-9.782756653E0,-2.447410583E-1
7.152604292E0,1.721270599E0,-9.307045898E0,-7.168592834E-1
7.162370292E0,1.286574554E0,-8.939560089E0,-1.080902252E0
7.172166292E0,5.364843750E-1,-8.612490234E0,-1.045875092E0
7.181932292E0,-3.365002441E-1,-8.727002106E0,-7.815248108E-1
7.191697292E0,-1.293460236E0,-9.122180328E0,-5.439688110E-1
7.201463292E0,-1.730401611E0,-9.396260376E0,-4.864883423E-1
7.211228292E0,-1.435963898E0,-9.614356842E0,-9.970765686E-1
7.221025292E0,-8.360115051E-1,-9.606722717E0,-1.898951111E0
7.230790292E0,-7.102729797E-1,-9.589957581E0,-2.943628693E0
7.240556292E0,-6.749464417E-1,-9.618847504E0,-3.689826965E0
7.250321292E0,-5.137316895E-1,-9.730365601E0,-3.806584167E0
7.260087292E0,-3.050656128E-1,-9.901759186E0,-3.219804382E0
7.269883292E0,-1.983375549E-1,-9.970166931E0,-2.093696136E0
7.279649292E0,-2.619552612E-1,-9.933343506E0,-9.704319763E-1
7.289415292E0,-1.930984497E-1,-9.746232605E0,-2.164498901E-1
7.299180292E0,8.083190918E-3,-9.611812134E0,1.410067749E-1
7.308976292E0,1.332229614E-1,-9.523495789E0,2.909948730E-1
7.318742292E0,1.369651794E-1,-9.486372986E0,3.188369751E-1
7.328508292E0,1.550775146E-1,-9.484876099E0,1.528321838E-1
7.338273292E0,1.899549866E-1,-9.517657928E0,-7.035369873E-2
7.348069292E0,4.834945679E-1,-9.657766571E0,-1.782792664E-1
7.357835292E0,5.695655823E-1,-9.838590546E0,-4.942721558E-1
7.367601292E0,3.989204407E-1,-9.915530548E0,-9.171427917E-1
7.377366292E0,2.225871277E-1,-9.890532532E0,-1.294807434E0
7.387132292E0,1.098715210E-1,-9.802964630E0,-1.604962463E0
7.396897292E0,-1.245410156E-1,-9.582173767E0,-1.877695312E0
7.406694292E0,-3.891906738E-1,-9.356293488E0,-1.902094574E0
7.416459292E0,-6.936575317E-1,-9.219477997E0,-1.729802856E0
7.426225292E0,-9.219328308E-1,-9.185798035E0,-1.402733002E0
7.435990292E0,-8.491841125E-1,-9.217532043E0,-9.720785522E-1
7.445756292E0,-5.155279541E-1,-9.192534027E0,-5.936654663E-1
7.455552292E0,-2.164498901E-1,-9.266330566E0,-4.564009094E-1
7.465318292E0,-1.841171265E-2,-9.469607849E0,-5.382806396E-1
7.475083292E0,1.359173584E-1,-9.715097351E0,-6.361770630E-1
7.484849292E0,2.213896179E-1,-9.925859070E0,-7.241940308E-1
7.494615292E0,2.281256104E-1,-1.012928604E1,-7.855664063E-1
7.504411292E0,1.311273193E-1,-1.024454636E1,-9.505233765E-1
7.514176292E0,-2.230361938E-2,-1.025682083E1,-1.062490540E0
7.523942292E0,-3.785627747E-1,-1.026490402E1,-1.153950348E0
7.533708292E0,-7.547305298E-1,-1.028286667E1,-1.174607391E0
7.543473292E0,-8.723858643E-1,-1.019694534E1,-1.256936188E0
7.553269292E0,-1.037941589E0,-1.001627106E1,-1.393751678E0
7.563035292E0,-1.147663422E0,-9.785600739E0,-1.413360901E0
7.572801292E0,-1.200054474E0,-9.586514740E0,-1.384321289E0
7.582566292E0,-1.186582489E0,-9.432035980E0,-1.296454010E0
7.592332292E0,-1.138083344E0,-9.299711151E0,-1.206790466E0
7.602098292E0,-9.936337280E-1,-9.234895935E0,-1.154100037E0
7.611894292E0,-8.686436462E-1,-9.194779358E0,-1.144819336E0
7.621659292E0,-7.074288940E-1,-9.226064301E0,-1.014290771E0
7.631425292E0,-4.896318054E-1,-9.242829437E0,-9.172924805E-1
7.641191292E0,-3.540138245E-1,-9.296567688E0,-8.045768738E-1
7.650987292E0,-3.215313721E-1,-9.375902710E0,-7.038363647E-1
7.660752292E0,-3.555107117E-1,-9.453142090E0,-6.526428223E-1
7.670518292E0,-3.981719971E-1,-9.547296295E0,-6.890171814E-1
7.680284292E0,-4.442761230E-1,-9.634714508E0,-7.988887024E-1
7.690049292E0,-5.234614563E-1,-9.688752136E0,-9.720785522E-1
7.699815292E0,-6.026467896E-1,-9.685458984E0,-1.056502991E0
7.709611292E0,-7.466473389E-1,-9.699529724E0,-1.131347351E0
7.719377292E0,-8.310717773E-1,-9.735305328E0,-1.108894043E0
7.729142292E0,-8.461903381E-1,-9.777367859E0,-1.046174469E0
7.738908292E0,-8.494834900E-1,-9.875264282E0,-9.970765686E-1
7.748674292E0,-8.394543457E-1,-9.977052612E0,-1.018032990E0
7.758470292E0,-8.409512329E-1,-1.009395950E1,-1.039288788E0
7.768235292E0,-8.502319336E-1,-1.021625519E1,-1.095871124E0
7.778001292E0,-8.270301819E-1,-1.030307465E1,-1.190025330E0
7.787767292E0,-8.152047729E-1,-1.033705399E1,-1.251248016E0
7.797561500E0,-8.002359009E-1,-1.035277130E1,-1.274150391E0
7.807326500E0,-7.813751221E-1,-1.030517029E1,-1.276246033E0
7.817092500E0,-7.490423584E-1,-1.016760635E1,-1.193318481E0
7.826858500E0,-7.164102173E-1,-9.983339539E0,-1.021176453E0
7.836623500E0,-7.174580383E-1,-9.836794281E0,-8.728349304E-1
7.846389500E0,-7.595205688E-1,-9.701475677E0,-7.634124756E-1
7.856185500E0,-7.604187012E-1,-9.591454468E0,-7.204518127E-1
7.865951500E0,-7.381150818E-1,-9.532028046E0,-6.982978821E-1
7.875716500E0,-7.523355103E-1,-9.493408356E0,-7.092251587E-1
7.885482500E0,-7.313790894E-1,-9.461374969E0,-6.954537964E-1
7.895278500E0,-7.614665222E-1,-9.493558044E0,-6.673123169E-1
7.905044500E0,-7.845185852E-1,-9.479936371E0,-6.345304871E-1
7.914809500E0,-8.116122437E-1,-9.523495789E0,-6.435118103E-1
7.924575500E0,-8.702902222E-1,-9.588460693E0,-6.704557800E-1
7.934340500E0,-8.792715454E-1,-9.665849762E0,-7.441026306E-1
7.944106500E0,-8.783734131E-1,-9.687704315E0,-7.993377686E-1
7.953902500E0,-8.571176147E-1,-9.764943695E0,-8.249345398E-1
7.963668500E0,-8.378077698E-1,-9.865085449E0,-8.608598328E-1
7.973434500E0,-8.451425171E-1,-9.972112885E0,-8.973838806E-1
7.983199500E0,-8.502319336E-1,-1.003842499E1,-8.864566040E-1
7.992965500E0,-8.872050476E-1,-1.011656250E1,-8.571176147E-1
8.002761500E0,-8.828640747E-1,-1.014859589E1,-8.702902222E-1
8.012527500E0,-8.869056702E-1,-1.014904495E1,-8.921447754E-1
8.022292500E0,-8.578660583E-1,-1.009186386E1,-9.340576172E-1
8.032058500E0,-7.985893250E-1,-1.004935226E1,-9.153465271E-1
8.041823500E0,-7.411088562E-1,-9.923913116E0,-8.963360596E-1
8.051589500E0,-7.048841858E-1,-9.776769104E0,-8.529263306E-1
8.061385500E0,-7.301815796E-1,-9.612261200E0,-7.625143433E-1
8.071151500E0,-7.466473389E-1,-9.489516449E0,-7.572752380E-1
8.080916500E0,-7.701484680E-1,-9.411678314E0,-7.310797119E-1
8.090682500E0,-7.777825928E-1,-9.382189636E0,-7.059320068E-1
8.100448500E0,-8.059240723E-1,-9.416019287E0,-7.114704895E-1
8.110213500E0,-8.171507263E-1,-9.503287811E0,-6.544390869E-1
8.120009500E0,-8.729846191E-1,-9.633666687E0,-6.253994751E-1
8.129775500E0,-9.128018188E-1,-9.739197235E0,-6.370751953E-1
8.139541500E0,-9.092092896E-1,-9.844278717E0,-6.914122009E-1
8.149306500E0,-8.791218567E-1,-9.892777863E0,-7.060816956E-1
8.159072500E0,-8.569679260E-1,-9.870025177E0,-6.644682312E-1
8.168868500E0,-8.074209595E-1,-9.812245331E0,-6.120771790E-1
8.178634500E0,-7.622149658E-1,-9.732760620E0,-6.020480347E-1
8.188399500E0,-7.333250427E-1,-9.733059998E0,-5.764512634E-1
8.198165500E0,-6.860234070E-1,-9.749675446E0,-5.945635986E-1
8.207931500E0,-6.542893982E-1,-9.821975098E0,-5.888754272E-1
8.217696500E0,-6.352789307E-1,-9.881700897E0,-6.321354675E-1
8.227492500E0,-6.575825500E-1,-9.947414246E0,-6.982978821E-1
8.237258500E0,-6.915618896E-1,-9.962832184E0,-7.219487000E-1
8.247024500E0,-6.938072205E-1,-9.930948486E0,-7.120692444E-1
8.256789500E0,-6.773414612E-1,-9.863438873E0,-6.674620056E-1
8.266555500E0,-6.524931335E-1,-9.818981323E0,-6.083349609E-1
8.276320500E0,-6.001020813E-1,-9.812844086E0,-5.718109131E-1
8.286117500E0,-5.695655823E-1,-9.824819183E0,-5.761518860E-1
8.295882500E0,-5.375321960E-1,-9.811347198E0,-5.977070618E-1
8.305648500E0,-5.236111450E-1,-9.809101868E0,-6.460565186E-1
8.315413500E0,-4.785548401E-1,-9.732161865E0,-6.357279968E-1
8.325179500E0,-4.441264343E-1,-9.651180267E0,-5.785469055E-1
8.334945500E0,-4.355941772E-1,-9.675130463E0,-5.019062805E-1
8.344741500E0,-5.101391602E-1,-9.721084900E0,-4.815486145E-1
8.354507500E0,-6.026467896E-1,-9.764794006E0,-5.191204834E-1
8.364272500E0,-6.893165588E-1,-9.810299377E0,-5.935157776E-1
8.374038500E0,-7.345225525E-1,-9.818831635E0,-6.491999817E-1
8.383803500E0,-7.197033691E-1,-9.808952179E0,-6.339317322E-1
8.393600500E0,-7.235952759E-1,-9.843230896E0,-5.692662048E-1
8.403365500E0,-6.596781921E-1,-9.849667511E0,-5.697152710E-1
8.413131500E0,-6.225553894E-1,-9.853709106E0,-5.851332092E-1
8.422896500E0,-6.008505249E-1,-9.833351440E0,-6.297404480E-1
8.432662500E0,-6.047424316E-1,-9.773625641E0,-6.439608765E-1
8.442428500E0,-5.682183838E-1,-9.702972565E0,-6.313870239E-1
8.452224500E0,-5.005590820E-1,-9.657916260E0,-5.996530151E-1
8.461989500E0,-4.525090027E-1,-9.632618866E0,-5.574407959E-1
8.471755500E0,-4.760101318E-1,-9.621691589E0,-5.834866333E-1
8.481521500E0,-5.354365540E-1,-9.660311279E0,-6.253994751E-1
8.491286500E0,-5.974076843E-1,-9.647737427E0,-6.917115784E-1
8.501052500E0,-6.508465576E-1,-9.631121979E0,-7.316784668E-1
8.510848500E0,-6.762936401E-1,-9.582024078E0,-7.707472229E-1
8.520614500E0,-6.890171814E-1,-9.568402405E0,-8.051756287E-1
8.530379500E0,-6.957531738E-1,-9.505084076E0,-8.340655518E-1
8.540145500E0,-7.647596741E-1,-9.504185944E0,-8.674461365E-1
8.549911500E0,-8.809181213E-1,-9.526938629E0,-8.804690552E-1
8.559707500E0,-8.331674194E-1,-9.474547577E0,-7.565267944E-1
8.569472500E0,-7.509883118E-1,-9.421557770E0,-6.650669861E-1
8.579238500E0,-7.188052368E-1,-9.468410339E0,-5.668711853E-1
8.589004500E0,-7.074288940E-1,-9.542955322E0,-5.397775269E-1
8.598769500E0,-6.965016174E-1,-9.628726959E0,-5.769003296E-1
8.608565500E0,-7.051835632E-1,-9.730066223E0,-6.514453125E-1
8.618331500E0,-6.312373352E-1,-9.838889923E0,-7.649093628E-1
8.628097500E0,-5.393284607E-1,-9.861043854E0,-8.569679260E-1
8.637862500E0,-4.831951904E-1,-9.868228912E0,-9.032217407E-1
8.647628500E0,-4.963677979E-1,-9.875264282E0,-9.175918579E-1
8.657393500E0,-5.492079163E-1,-9.899513855E0,-9.497749329E-1
8.667190500E0,-6.084846497E-1,-9.914632416E0,-9.749226379E-1
8.676955500E0,-6.307882690E-1,-9.932744751E0,-1.010548553E0
8.686721500E0,-6.655160522E-1,-9.951904907E0,-1.063987427E0
8.696486500E0,-6.746470642E-1,-9.903705139E0,-1.114133148E0
8.706252500E0,-6.888674927E-1,-9.850865021E0,-1.088386688E0
8.716018500E0,-6.752458191E-1,-9.792785797E0,-9.738748169E-1
8.725814500E0,-6.566844177E-1,-9.725276184E0,-8.416996765E-1
8.735580500E0,-6.249504089E-1,-9.698182526E0,-7.596702576E-1
8.745345500E0,-6.468049622E-1,-9.682764587E0,-7.122189331E-1
8.755111500E0,-6.721023560E-1,-9.689799957E0,-6.965016174E-1
8.764876500E0,-6.857240295E-1,-9.701026611E0,-7.241940308E-1
8.774673500E0,-6.201603699E-1,-9.749376068E0,-7.375163269E-1
8.784438500E0,-5.551954651E-1,-9.794282684E0,-7.569758606E-1
8.794204500E0,-5.586383057E-1,-9.786498871E0,-7.599696350E-1
8.803978125E0,-5.656736755E-1,-9.776170349E0,-7.961943054E-1
8.813744125E0,-5.812413025E-1,-9.788295135E0,-8.662486267E-1
8.823510125E0,-6.014492798E-1,-9.808353424E0,-9.026229858E-1
8.833275125E0,-6.206094360E-1,-9.780960388E0,-9.231303406E-1
8.843071125E0,-5.995033264E-1,-9.746531982E0,-8.767268372E-1
8.852837125E0,-5.493576050E-1,-9.741292877E0,-8.175997925E-1
8.862603125E0,-4.974156189E-1,-9.753866730E0,-7.520361328E-1
8.872368125E0,-5.236111450E-1,-9.826615448E0,-7.167095947E-1
8.882134125E0,-5.671705627E-1,-9.849218445E0,-7.111711121E-1
8.891900125E0,-5.978567505E-1,-9.831255798E0,-7.277865601E-1
8.901665125E0,-5.508544922E-1,-9.787696381E0,-7.014413452E-1
8.911431125E0,-5.062472534E-1,-9.730664978E0,-6.291416931E-1
8.921227125E0,-4.403842163E-1,-9.673184509E0,-5.888754272E-1
8.930993125E0,-4.065545654E-1,-9.658664703E0,-5.685177612E-1
8.940758125E0,-4.092489624E-1,-9.654623108E0,-5.598358154E-1
8.950524125E0,-4.174818420E-1,-9.627379761E0,-5.984555054E-1
8.960289125E0,-4.176315308E-1,-9.650731201E0,-7.116201782E-1
8.970055125E0,-4.099974060E-1,-9.685608673E0,-7.771838379E-1
8.979821125E0,-4.239184570E-1,-9.723330231E0,-8.623567200E-1
8.989617125E0,-4.855902100E-1,-9.718540192E0,-8.984317017E-1
8.999382125E0,-5.174739075E-1,-9.703271942E0,-8.813671875E-1
9.009148125E0,-5.674699402E-1,-9.684261475E0,-8.921447754E-1
9.018914125E0,-5.977070618E-1,-9.636361084E0,-8.749305725E-1
9.028679125E0,-6.218069458E-1,-9.552236023E0,-8.536747742E-1
9.038445125E0,-6.273454285E-1,-9.536518707E0,-8.687933350E-1
9.048211125E0,-6.348298645E-1,-9.537117462E0,-8.472381592E-1
9.058007125E0,-6.414161682E-1,-9.529183960E0,-7.966433716E-1
9.067772125E0,-5.999523926E-1,-9.485325165E0,-6.798861694E-1
9.077538125E0,-6.228547668E-1,-9.397906952E0,-5.963598633E-1
9.087304125E0,-5.486091614E-1,-9.557026062E0,-5.412744141E-1
9.097069125E0,-4.779560852E-1,-9.769434357E0,-5.590873718E-1
9.106835125E0,-5.285508728E-1,-9.927206268E0,-6.556365967E-1
9.116600125E0,-5.507048035E-1,-9.980645142E0,-7.324269104E-1
9.126397125E0,-5.246589661E-1,-9.904004517E0,-7.831713867E-1
9.136162125E0,-4.502636719E-1,-9.770332489E0,-7.502398682E-1
9.145928125E0,-4.221221924E-1,-9.830657043E0,-7.688012695E-1
9.155693125E0,-4.740641785E-1,-9.785750427E0,-6.824308777E-1
9.165459125E0,-4.983137512E-1,-9.820627899E0,-6.084846497E-1
9.175225125E0,-5.119354248E-1,-9.819729767E0,-6.120771790E-1
9.185021125E0,-4.733157349E-1,-9.787097626E0,-6.369255066E-1
9.194786125E0,-3.662882996E-1,-9.769284668E0,-6.450086975E-1
9.204552125E0,-2.894979858E-1,-9.793833618E0,-7.110214233E-1
9.214318125E0,-2.827619934E-1,-9.873318329E0,-7.839198303E-1
9.224083125E0,-3.421884155E-1,-9.931247864E0,-8.306227112E-1
9.233880125E0,-3.842509460E-1,-9.946366425E0,-9.259744263E-1
9.243645125E0,-4.405339050E-1,-9.906998291E0,-9.645941162E-1
9.253411125E0,-5.571414185E-1,-9.865534515E0,-9.505233765E-1
9.263176125E0,-6.267466736E-1,-9.801168365E0,-8.659492493E-1
9.272942125E0,-6.840774536E-1,-9.730365601E0,-7.360194397E-1
9.282738125E0,-7.259902954E-1,-9.701924744E0,-6.039939880E-1
9.292504125E0,-7.608677673E-1,-9.644144897E0,-5.369334412E-1
9.302269125E0,-7.791297913E-1,-9.592202911E0,-4.685256958E-1
9.312035125E0,-7.764353943E-1,-9.580826569E0,-4.972659302E-1
9.321801125E0,-7.174580383E-1,-9.613309021E0,-5.420228577E-1
9.331566125E0,-6.598278809E-1,-9.602980499E0,-6.047424316E-1
9.341332125E0,-6.117778015E-1,-9.663305054E0,-6.596781921E-1
9.351128125E0,-5.703140259E-1,-9.730964355E0,-6.834786987E-1
9.360894125E0,-5.364843750E-1,-9.828411713E0,-7.217990112E-1
9.370659125E0,-5.520520020E-1,-9.867330780E0,-7.773335266E-1
9.380425125E0,-5.204676819E-1,-9.900561676E0,-8.250842285E-1
9.390191125E0,-5.228627014E-1,-9.938881989E0,-7.789801025E-1
9.399956125E0,-5.602848816E-1,-9.951605530E0,-7.637118530E-1
9.409752125E0,-5.890251160E-1,-1.000803818E1,-7.548802185E-1
9.419518125E0,-6.309379578E-1,-9.993069305E0,-7.647596741E-1
9.429284125E0,-7.032376099E-1,-9.958042145E0,-7.515870667E-1
9.439049125E0,-7.174580383E-1,-9.868528290E0,-7.120692444E-1
9.448815125E0,-6.750961304E-1,-9.797126770E0,-6.756948853E-1
9.458580125E0,-6.360273743E-1,-9.710157623E0,-6.207591248E-1
9.468377125E0,-6.288423157E-1,-9.728868713E0,-5.623805237E-1
9.478142125E0,-6.623725891E-1,-9.779613190E0,-5.254074097E-1
9.487908125E0,-6.725514221E-1,-9.840386810E0,-5.126838684E-1
9.497673125E0,-6.683601379E-1,-9.885293427E0,-5.379812622E-1
9.507439125E0,-6.333329773E-1,-9.945468292E0,-6.297404480E-1
9.517205125E0,-6.048921204E-1,-9.937085724E0,-7.225474548E-1
9.527001125E0,-5.625302124E-1,-9.926607513E0,-7.002438354E-1
9.536766125E0,-5.234614563E-1,-9.867480469E0,-6.486012268E-1
9.546532125E0,-5.143304443E-1,-9.817484436E0,-6.144721985E-1
9.556298125E0,-5.695655823E-1,-9.816735992E0,-5.840853882E-1
9.566063125E0,-6.420149231E-1,-9.766290894E0,-5.295986938E-1
9.575859125E0,-6.602769470E-1,-9.708061981E0,-5.113366699E-1
9.585625125E0,-6.894662476E-1,-9.708810425E0,-5.162763977E-1
9.595391125E0,-7.143145752E-1,-9.640851746E0,-4.887336731E-1
9.605156125E0,-6.988966370E-1,-9.621990967E0,-4.640350342E-1
9.614922125E0,-6.942562866E-1,-9.633516998E0,-4.285588074E-1
9.624688125E0,-6.462062073E-1,-9.603130188E0,-3.995191956E-1
9.634453125E0,-6.069877625E-1,-9.590855713E0,-3.861968994E-1
9.644249125E0,-5.770500183E-1,-9.643396454E0,-3.718267822E-1
9.654015125E0,-4.978646851E-1,-9.667047272E0,-3.689826965E-1
9.663781125E0,-4.652325439E-1,-9.679471436E0,-4.038601685E-1
9.673546125E0,-4.346960449E-1,-9.695937195E0,-4.264631653E-1
9.683312125E0,-4.149371338E-1,-9.697583771E0,-4.402345276E-1
9.693108125E0,-4.308041382E-1,-9.668394470E0,-4.442761230E-1
9.702874125E0,-4.523593140E-1,-9.644893341E0,-5.084925842E-1
9.712639125E0,-4.674778748E-1,-9.653126221E0,-5.665718079E-1
9.722405125E0,-4.721182251E-1,-9.599687347E0,-6.095324707E-1
9.732171125E0,-4.987628174E-1,-9.576784973E0,-5.999523926E-1
9.741967125E0,-5.110372925E-1,-9.543703766E0,-5.670208740E-1
9.751732125E0,-4.942721558E-1,-9.572294312E0,-5.541476440E-1
9.761498125E0,-5.251080322E-1,-9.602082367E0,-5.487588501E-1
9.771264125E0,-5.866300964E-1,-9.636510773E0,-5.260061646E-1
9.781029125E0,-6.059399414E-1,-9.651779022E0,-5.221142578E-1
9.790795125E0,-6.262976074E-1,-9.676627350E0,-5.381309509E-1
9.800527375E0,-6.553372192E-1,-9.721234589E0,-5.294490051E-1
9.810324375E0,-6.650669861E-1,-9.736203461E0,-5.498066711E-1
9.820089375E0,-7.030879211E-1,-9.751621399E0,-6.161187744E-1
9.829855375E0,-6.822811890E-1,-9.730814667E0,-6.682104492E-1
9.839620375E0,-6.571334839E-1,-9.690847778E0,-6.731501770E-1
9.849386375E0,-5.783972168E-1,-9.674831085E0,-6.363267517E-1
9.859182375E0,-5.689668274E-1,-9.596693573E0,-5.625302124E-1
9.868948375E0,-5.653742981E-1,-9.562863922E0,-4.956193542E-1
9.878713375E0,-5.511538696E-1,-9.546248474E0,-4.123924255E-1
9.888479375E0,-5.221142578E-1,-9.586365051E0,-4.004173279E-1
9.898245375E0,-5.258564758E-1,-9.640402679E0,-4.619393921E-1
9.908010375E0,-5.248086548E-1,-9.680968323E0,-5.324427795E-1
9.917806375E0,-5.222639465E-1,-9.665101318E0,-5.903723145E-1
9.927572375E0,-5.478607178E-1,-9.650880890E0,-6.191125488E-1
9.937338375E0,-5.453160095E-1,-9.598789215E0,-6.535409546E-1
9.947103375E0,-5.481600952E-1,-9.561666412E0,-6.207591248E-1
9.956869375E0,-5.556445312E-1,-9.508676605E0,-5.903723145E-1
9.966635375E0,-6.168672180E-1,-9.462123413E0,-5.792953491E-1
9.976431375E0,-6.533912659E-1,-9.400451660E0,-5.911207581E-1
9.986196375E0,-6.108796692E-1,-9.440418549E0,-5.984555054E-1
9.995962375E0,-5.801934814E-1,-9.536219330E0,-6.810836792E-1
1.000572838E1,-5.581892395E-1,-9.663155365E0,-7.210505676E-1
1.001549338E1,-6.141728210E-1,-9.809550934E0,-7.158114624E-1
1.002525937E1,-6.694079590E-1,-9.931696930E0,-7.006929016E-1
1.003502437E1,-7.132667542E-1,-9.980046387E0,-6.804849243E-1
1.004482138E1,-7.783813477E-1,-9.895322571E0,-6.818321228E-1
1.005458638E1,-8.110134888E-1,-9.700577545E0,-6.768923950E-1
1.006435237E1,-8.419990540E-1,-9.481732635E0,-6.078858948E-1
1.007411837E1,-7.982899475E-1,-9.138795776E0,-5.544470215E-1
1.008388338E1,-7.493417358E-1,-8.800948334E0,-5.138813782E-1
1.009364938E1,-6.228547668E-1,-8.695866852E0,-4.080514526E-1
1.010341437E1,-4.825964355E-1,-9.003477173E0,-3.118016052E-1
1.011321137E1,-5.261558533E-1,-9.328451385E0,-2.149530029E-1
1.012297638E1,-5.492079163E-1,-9.787696381E0,-1.327738953E-1
1.013274238E1,-5.254074097E-1,-1.035127441E1,-2.502795410E-1
1.014250737E1,-4.227209473E-1,-1.051383636E1,-5.616320801E-1
1.015227337E1,-3.600013733E-1,-1.052132080E1,-5.523513794E-1
1.016203938E1,-3.412902832E-1,-1.021820114E1,-5.391787720E-1
1.017180438E1,-3.739224243E-1,-9.849368134E0,-5.254074097E-1
1.018160037E1,-3.405418396E-1,-9.533524933E0,-5.489085388E-1
1.019136637E1,-3.757186890E-1,-9.312285004E0,-6.186634827E-1
1.020113238E1,-5.786965942E-1,-9.147627411E0,-6.313870239E-1
1.021089738E1,-7.960446167E-1,-9.303752747E0,-3.980223083E-1
1.022066337E1,-1.029559021E0,-9.577832794E0,-1.447489929E-1
1.023042937E1,-1.375190277E0,-9.793534241E0,-3.532653809E-2
1.024022538E1,-1.651216278E0,-1.000519409E1,4.041595459E-3
1.024999038E1,-1.839824066E0,-1.013781830E1,8.217910767E-2
1.025975637E1,-2.028880920E0,-1.011162277E1,6.286926270E-2
1.026952237E1,-2.278711395E0,-9.985285492E0,1.930984497E-2
1.027928738E1,-2.577639771E0,-9.915829926E0,2.784210205E-2
1.028908338E1,-2.758314056E0,-9.832303619E0,-2.993774414E-4
1.029884937E1,-2.916085968E0,-9.785750427E0,-2.511776733E-1
1.030861537E1,-3.046165466E0,-9.680369568E0,-4.830455017E-1
1.031838038E1,-3.010539551E0,-9.440568237E0,-6.661148071E-1
1.032814638E1,-2.689008179E0,-9.287137299E0,-7.917036438E-1
1.033791137E1,-2.026186523E0,-9.219777374E0,-9.342073059E-1
1.034770837E1,-1.419647827E0,-9.309590607E0,-9.557624817E-1
1.035747338E1,-9.803114319E-1,-9.278305664E0,-1.137185211E0
1.036723938E1,-6.014492798E-1,-9.314230957E0,-1.310524750E0
1.037700437E1,-5.469625854E-1,-9.274413757E0,-1.316811676E0
1.038680137E1,-7.226971436E-1,-9.270671539E0,-1.024469604E0
1.039656638E1,-9.687854004E-1,-9.325457611E0,-5.523513794E-1
1.040633238E1,-1.176852722E0,-9.342971191E0,-1.472937012E-1
1.041609737E1,-1.535357208E0,-9.324858856E0,1.273851013E-1
1.042586337E1,-1.855990448E0,-9.367520142E0,2.517764282E-1
1.043562938E1,-2.058519287E0,-9.468709717E0,1.945953369E-1
1.044542538E1,-2.190395050E0,-9.415420532E0,6.960525513E-2
1.045519137E1,-2.136507111E0,-9.318571930E0,-1.821711731E-1
1.046495637E1,-1.917362823E0,-9.161847839E0,-5.601351929E-1
1.047472238E1,-1.727407837E0,-9.054670715E0,-9.014254761E-1
1.048448738E1,-1.628613281E0,-9.054071960E0,-1.031654663E0
1.049428437E1,-1.633852386E0,-9.191336517E0,-9.232800293E-1
1.050404937E1,-1.737586670E0,-9.251511383E0,-6.453080750E-1
1.051381538E1,-1.862277374E0,-9.315877533E0,-4.176315308E-1
1.052358038E1,-1.925895081E0,-9.444909210E0,-3.400927734E-1
1.053334637E1,-1.819466400E0,-9.666149139E0,-2.977308655E-1
1.054314237E1,-1.628762970E0,-9.859846344E0,-3.917353821E-1
1.055290838E1,-1.381477203E0,-1.007225464E1,-5.769003296E-1
1.056267338E1,-1.155896301E0,-1.025083328E1,-6.155200195E-1
1.057243937E1,-1.089584198E0,-1.031490005E1,-7.149133301E-1
1.058220537E1,-1.026415558E0,-1.032897079E1,-7.912545776E-1
1.059197038E1,-1.084494781E0,-1.018377274E1,-9.590556335E-1
1.060176638E1,-1.187929688E0,-9.867031403E0,-9.470805359E-1
1.061153237E1,-1.485510864E0,-9.290580139E0,-7.975415039E-1
1.062129837E1,-1.880240021E0,-8.649463348E0,-6.701564026E-1
1.063106338E1,-2.283651123E0,-8.067772980E0,-3.836521912E-1
1.064082938E1,-2.696342926E0,-7.353009338E0,-2.609074402E-1
1.065059537E1,-3.190315704E0,-7.147037659E0,2.020797729E-2
1.066039137E1,-3.608396301E0,-7.804620209E0,-1.907034302E-1
1.067015638E1,-4.235891418E0,-8.675958252E0,-5.466632080E-1
1.067992238E1,-4.778962097E0,-9.469458160E0,-8.744815063E-1
1.068968837E1,-4.496200104E0,-9.891280975E0,-1.006357269E0
1.069945337E1,-3.796555023E0,-1.035232224E1,-1.278940430E0
1.070921938E1,-3.656895447E0,-1.084045715E1,-1.219813385E0
1.071898438E1,-3.661835175E0,-1.141601028E1,-9.818083191E-1
1.072878137E1,-3.550017700E0,-1.214454529E1,-7.917036438E-1
1.073854637E1,-3.242557068E0,-1.243015137E1,-5.243595886E-1
1.074831238E1,-2.918031921E0,-1.277967453E1,-4.050576782E-1
1.075807738E1,-2.756817169E0,-1.296034882E1,-4.270619202E-1
1.076784337E1,-2.578837280E0,-1.326212128E1,-9.536668396E-1
1.077760937E1,-2.645748138E0,-1.398796188E1,-1.745520172E0
1.078737438E1,-2.713407440E0,-1.445588882E1,-2.450404358E0
1.079717038E1,-2.426005096E0,-1.464943634E1,-3.015928345E0
1.080692550E1,-2.069596252E0,-1.467413498E1,-3.585942993E0
1.081669150E1,-1.750310211E0,-1.457683731E1,-3.606300659E0
1.082645650E1,-1.437610474E0,-1.398541718E1,-3.566034393E0
1.083622250E1,-1.263672180E0,-1.337184311E1,-3.415148163E0
1.084598850E1,-1.197659454E0,-1.280616943E1,-2.773282928E0
1.085578450E1,-8.318202209E-1,-1.260603561E1,-2.398013306E0
1.086554950E1,-2.656974792E-1,-1.239242981E1,-1.827549591E0
1.087531550E1,2.109114075E-1,-1.234318222E1,-1.053209839E0
1.088508150E1,7.002438354E-1,-1.256891281E1,-4.565505981E-2
1.089484650E1,1.306333466E0,-1.271560776E1,9.568103027E-1
1.090461250E1,2.052082672E0,-1.277458511E1,1.600920868E0
1.091437850E1,2.894530792E0,-1.283655624E1,1.774410095E0
1.092417450E1,3.508404236E0,-1.287382874E1,1.712289276E0
1.093393950E1,3.814966736E0,-1.294118866E1,1.128353577E0
1.094370550E1,3.959116974E0,-1.219783447E1,6.581813049E-1
1.095347150E1,3.422333221E0,-1.021056702E1,1.285826111E-1
1.096323650E1,1.598525848E0,-9.264683990E0,-1.298100586E0
1.097300250E1,4.086502075E-1,-8.642278290E0,-2.392175446E0
1.098279850E1,-4.093986511E-1,-8.399483185E0,-3.687881012E0
1.099256450E1,-2.767744446E0,-8.084388428E0,-3.825295258E0
1.100232950E1,-4.765340424E0,-9.724976807E0,-3.510649567E0
1.101209550E1,-4.722828827E0,-1.004111938E1,-2.943479004E0
1.102186050E1,-3.485352173E0,-9.184899902E0,-2.138453064E0
1.103162650E1,-2.874472504E0,-9.001980286E0,-1.373394012E0
1.104139250E1,-2.302212524E0,-8.538993073E0,-7.384144592E-1
1.105118850E1,-1.738933868E0,-7.387886810E0,-6.451583862E-1
1.106095350E1,-1.094823303E0,-6.474336548E0,6.586303711E-2
1.107071950E1,-3.733236694E-1,-6.213878174E0,2.110610962E-1
1.108048550E1,-4.370910645E-2,-6.488556976E0,-1.046324158E-1
1.109025050E1,6.107299805E-2,-6.426436157E0,-2.619552612E-1
1.110001650E1,1.019380188E-1,-6.082900543E0,7.484436035E-2
1.110978250E1,3.043171692E-1,-5.006788330E0,3.487747192E-1
1.111957850E1,7.596702576E-1,-3.723057861E0,1.534309387E-1
1.112934350E1,9.193881226E-1,-3.348237305E0,1.410067749E-1
1.113910950E1,1.817221069E0,-2.973716125E0,1.478924561E-1
1.114887550E1,2.192640381E0,-2.193688202E0,-7.259902954E-2
1.115864050E1,2.107018433E0,-1.972597961E0,-3.761677551E-1
1.116840650E1,1.696272583E0,-1.730102234E0,-5.143304443E-1
1.117820250E1,1.294957123E0,-2.019749908E0,-5.789959717E-1
1.118796850E1,8.840615845E-1,-2.216590576E0,-8.801696777E-1
1.119773350E1,5.583389282E-1,-2.792143707E0,-1.600471802E0
1.120749950E1,6.185137939E-1,-3.933819580E0,-2.302661591E0
1.121726450E1,6.577322388E-1,-5.738017731E0,-3.718716888E0
1.122703050E1,1.034798126E0,-8.310119019E0,-5.418432312E0
1.123679650E1,1.090781708E0,-1.064571213E1,-8.010142822E0
1.124659250E1,9.569599915E-1,-1.275737091E1,-1.089509354E1
1.125635750E1,6.042933655E-1,-1.424542648E1,-1.285811142E1
1.126612350E1,6.571334839E-2,-1.466500397E1,-1.265827698E1
1.127588950E1,2.254312134E-1,-1.394485153E1,-1.081515976E1
1.128565450E1,1.217118988E0,-1.275737091E1,-9.193282471E0
1.129542050E1,2.220482483E0,-1.134924911E1,-7.833659821E0
1.130521650E1,2.885998535E0,-9.914931793E0,-6.986870728E0
1.131498250E1,3.865262146E0,-7.766150208E0,-5.613027649E0
1.132474750E1,3.075205078E0,-7.197333069E0,-4.233496399E0
1.133451350E1,1.826501770E0,-8.513695679E0,-3.278632050E0
1.134427950E1,1.569935303E0,-8.820407867E0,-2.124681702E0
1.135407550E1,1.655257874E0,-8.939111023E0,-1.590292969E0
1.136384050E1,1.190175018E0,-9.917775879E0,-2.403252411E0
1.137360650E1,5.125341797E-1,-1.152213959E1,-3.714974670E0
1.138337250E1,4.459226990E-1,-1.412537613E1,-5.405110016E0
1.139313750E1,8.349636841E-1,-1.693443466E1,-6.929240570E0
1.140290350E1,1.833686829E-1,-1.853266113E1,-8.032895508E0
1.141269950E1,-2.520458679E0,-1.781415527E1,-6.680906982E0
1.142246550E1,-3.177741852E0,-1.455558151E1,-3.123704224E0
1.143223050E1,1.091979218E0,-1.129176865E1,-2.219883728E0
1.144199650E1,4.723277893E0,-8.676407318E0,-1.867815857E0
1.145176250E1,5.631289673E0,-7.042854309E0,-7.782316589E-1
1.146152750E1,5.243296509E0,-6.464157715E0,3.125500488E-1
1.147132350E1,4.638703766E0,-6.088139648E0,9.312135315E-1
1.148108950E1,3.793710938E0,-5.791606293E0,7.617658997E-1
1.149085550E1,2.526446228E0,-5.474116516E0,8.009843445E-1
1.150062050E1,9.704319763E-1,-5.680537262E0,1.297651520E0
1.151038650E1,-3.272195435E-1,-6.726262665E0,1.577120361E0
1.152018250E1,-1.190175018E0,-8.222251740E0,1.772913208E0
1.152994850E1,-1.731599121E0,-9.511221313E0,2.643053741E0
1.153971350E1,-3.006497955E0,-1.062206131E1,3.921096039E0
1.154947950E1,-3.886368256E0,-1.178783707E1,4.021686859E0
1.155924450E1,-4.630919952E0,-1.257340347E1,2.881956940E0
1.156904150E1,-5.245242462E0,-1.213586334E1,1.619781647E0
1.157880650E1,-5.933960266E0,-1.075393707E1,6.156697083E-1
1.158857250E1,-6.029311981E0,-9.432934113E0,8.966354370E-2
1.159833750E1,-5.810916138E0,-9.226213989E0,-4.870870972E-1
1.160810350E1,-5.426365814E0,-1.013527359E1,-2.537223816E-1
1.161789950E1,-4.237987061E0,-1.020113663E1,7.137158203E-1
1.162766550E1,-2.972668304E0,-1.027702881E1,8.177494812E-1
1.163743050E1,-2.066752167E0,-9.218430176E0,6.221063232E-1
1.164719650E1,-2.022444305E0,-8.130342865E0,2.198927307E-1
1.165696250E1,-1.301992493E0,-7.627388763E0,-1.237925720E-1
1.166672750E1,-1.092727661E0,-7.450307007E0,-3.592529297E-3
1.167652450E1,-1.492546234E0,-8.012687531E0,-3.665876770E-1
1.168628950E1,-1.775308228E0,-8.744216309E0,-8.125103760E-1
1.169605550E1,-1.421743469E0,-8.603508911E0,-1.460363159E0
1.170582050E1,-1.850751343E0,-8.101303253E0,-2.116748199E0
1.171558650E1,-2.384391632E0,-8.002508698E0,-1.109642487E0
1.172538250E1,-2.109862518E0,-8.399932251E0,9.813592529E-1
1.173514850E1,-1.734443207E0,-8.822204132E0,1.424138489E0
1.174491350E1,-1.077609100E0,-9.610315247E0,1.111588440E0
1.175467950E1,3.119512939E-1,-1.089000412E1,5.667214966E-1
1.176444550E1,1.056652679E0,-1.112052475E1,-1.161285095E0
1.177424150E1,1.293759613E0,-1.112187195E1,-1.302142181E0
1.178400650E1,1.191971283E0,-1.181987045E1,-2.524200897E0
1.179377250E1,5.387297058E-1,-1.148801056E1,-4.055516510E0
1.180354342E1,-5.839356995E-1,-1.004276596E1,-5.183570709E0
1.181330842E1,-2.884052582E0,-9.121581573E0,-4.163142700E0
1.182307442E1,-6.220763855E0,-9.492061157E0,-2.684816895E0
1.183287042E1,-9.129515076E0,-1.163216080E1,-3.150797882E0
1.184263642E1,-1.037282959E1,-1.050665131E1,-2.129920807E0
1.185240142E1,-9.236692200E0,-8.650660858E0,-1.791923676E0
1.186216742E1,-7.687863007E0,-8.296497345E0,-1.826801147E0
1.187193342E1,-5.917195129E0,-8.173153839E0,-1.023721161E0
1.188172942E1,-4.340523834E0,-7.475305023E0,1.848655701E-1
1.189149442E1,-3.424578552E0,-7.093299408E0,7.807763672E-1
1.190126042E1,-3.811523895E0,-7.392676849E0,1.186732178E0
1.191102642E1,-4.944667511E0,-9.030570831E0,1.392404480E0
1.192079142E1,-5.413492584E0,-1.052206924E1,2.474354553E-1
1.193058742E1,-5.161117401E0,-1.156899216E1,-9.264234924E-1
1.194035342E1,-5.503455505E0,-1.275018585E1,-1.642684021E0
1.195011942E1,-5.990093536E0,-1.361433884E1,-2.294428711E0
1.195988442E1,-6.053411865E0,-1.367930374E1,-3.435206451E0
1.196965042E1,-5.227279816E0,-1.355760681E1,-4.832400970E0
1.197941542E1,-4.410578156E0,-1.386042709E1,-5.788762207E0
1.198921242E1,-3.744912415E0,-1.400996613E1,-5.921685791E0
1.199897742E1,-3.593277740E0,-1.449855011E1,-5.576204224E0
1.200874342E1,-3.492088165E0,-1.482846405E1,-5.304070129E0
1.201850842E1,-3.485651550E0,-1.551239182E1,-4.954696655E0
1.202827442E1,-3.793561249E0,-1.682156937E1,-4.122427368E0
1.203807042E1,-3.365900574E0,-1.599109634E1,-1.549577637E0
1.204783642E1,-2.494412842E0,-1.432865341E1,7.110214233E-1
1.205760242E1,-1.916614380E0,-1.443942307E1,2.369273071E0
1.206736742E1,-1.456770630E0,-1.539832901E1,3.707639923E0
1.207713342E1,-5.496569824E-1,-1.616458557E1,4.615951080E0
1.208692942E1,1.127605133E0,-1.657203827E1,5.518574066E0
1.209669542E1,3.155288544E0,-1.633493134E1,5.526806946E0
1.210646042E1,4.543950806E0,-1.583152817E1,4.489613800E0
1.211622642E1,5.116210785E0,-1.531704803E1,2.856210480E0
1.212599142E1,4.568948822E0,-1.431548080E1,4.839436340E-1
1.213575742E1,3.238515472E0,-1.230950226E1,-9.398954773E-1
1.214555342E1,1.619931335E0,-1.075902649E1,-1.482666779E0
1.215531942E1,1.989363098E-1,-9.671388245E0,-2.307301941E0
1.216508442E1,-1.348545685E0,-8.063132629E0,-2.748584290E0
1.217485042E1,-3.577410736E0,-6.689439240E0,-2.283800812E0
1.218461642E1,-4.705165558E0,-7.154522095E0,-2.418670349E0
1.219438142E1,-3.495231628E0,-7.498806152E0,-3.075205078E0
1.220417742E1,-2.204016724E0,-6.674170990E0,-2.082469482E0
1.221394342E1,-1.872007141E0,-5.988746338E0,-1.080453186E0
1.222370942E1,-2.901117096E0,-5.709876251E0,-8.777746582E-1
1.223347442E1,-3.632645874E0,-5.036426697E0,-7.509883118E-1
1.224324042E1,-3.910318451E0,-4.898563385E0,-8.515791321E-1
1.225303642E1,-3.346291351E0,-5.407654724E0,-7.834707642E-1
1.226280242E1,-2.079326019E0,-5.327271881E0,3.083587646E-2
1.227256742E1,-7.313790894E-1,-4.965923309E0,3.218307495E-1
1.228233342E1,-3.049159241E-1,-4.374503174E0,7.863148499E-1
1.229209942E1,-4.504133606E-1,-3.964356079E0,1.842817841E0
1.230186442E1,-3.773652649E-1,-3.426674194E0,2.946173401E0
1.231166042E1,2.023791504E-1,-3.098556519E0,3.051853638E0
1.232142642E1,1.533560944E0,-2.059866486E0,3.302133179E0
1.233119242E1,2.657573547E0,-1.187330933E0,2.938838654E0
1.234095742E1,3.586392059E0,-2.639012146E-1,2.416125641E0
1.235075342E1,3.872596893E0,-2.514770508E-2,1.857637024E0
1.236051942E1,3.763324127E0,-4.894821167E-2,1.442999268E0
1.237028542E1,3.367696838E0,-4.311035156E-1,7.382647705E-1
1.238005042E1,3.056943054E0,-1.201701050E0,-3.547622681E-1
1.238981642E1,2.477647705E0,-2.420765991E0,-1.701511688E0
1.239961242E1,1.424737244E0,-5.066214752E0,-3.607797546E0
1.240937842E1,1.165476379E0,-1.035351974E1,-6.930438080E0
1.241914342E1,2.401605835E0,-1.799482956E1,-1.245020966E1
1.242890942E1,9.842033386E-1,-2.323977264E1,-1.965936813E1
1.243867542E1,-3.532803497E0,-2.705399094E1,-2.219389755E1
1.244847142E1,-3.417692871E0,-2.294189209E1,-1.697619781E1
1.245823642E1,-9.969268799E-2,-1.562974777E1,-1.143352386E1
1.246800242E1,3.153791656E0,-1.112351852E1,-7.890092468E0
1.247776842E1,4.643793182E0,-9.321865082E0,-4.942871246E0
1.248753342E1,6.132447510E0,-8.823551331E0,-3.230432281E0
1.249729942E1,7.888894958E0,-1.024289978E1,-1.409319305E0
1.250709542E1,6.356531525E0,-1.713277222E1,-3.478167114E0
1.251686142E1,1.628762970E0,-2.145847687E1,-4.086801453E0
1.252662642E1,-6.084846497E-1,-2.085538101E1,-2.176623688E0
1.253639242E1,-1.879341888E0,-1.853819962E1,-2.364632721E0
1.254615742E1,-1.437161407E0,-1.498099686E1,-2.228565674E0
1.255592342E1,-8.360115051E-1,-1.051039352E1,-3.107537842E-1
1.256571942E1,3.405418396E-1,-6.245761871E0,1.572180634E0
1.257548542E1,3.209176483E0,-4.448000336E0,1.683399353E0
1.258525042E1,4.980443115E0,-4.808600464E0,5.875282288E-1
1.259501642E1,5.037324829E0,-5.204676819E0,4.385879517E-1
1.260478242E1,4.033362579E0,-4.797972565E0,8.901988220E-1
1.261457842E1,2.776127014E0,-4.170627136E0,1.408870239E0
1.262434342E1,1.411414948E0,-4.575535126E0,2.036814423E0
1.263410942E1,2.237846375E-1,-6.143374786E0,2.213896179E0
1.264387542E1,-8.333171082E-1,-7.658524017E0,1.587299194E0
1.265367142E1,-1.453327789E0,-8.511749725E0,1.303040314E0
1.266343642E1,-2.015109558E0,-9.565408630E0,2.642005920E0
1.267320242E1,-2.641856232E0,-1.117680771E1,3.603456573E0
1.268296842E1,-3.843407593E0,-1.335582642E1,3.195554810E0
1.269273342E1,-4.188290405E0,-1.359802277E1,2.699935455E0
1.270252942E1,-4.445755005E0,-1.275737091E1,1.848655701E0
1.271229542E1,-5.131479034E0,-1.173005722E1,1.470392303E0
1.272206142E1,-5.775739288E0,-1.038914566E1,8.402027893E-1
1.273182642E1,-6.436764679E0,-9.455836487E0,1.660047913E-1
1.274159242E1,-6.810986481E0,-9.227860565E0,-7.906558228E-1
1.275135842E1,-6.856042786E0,-8.823251953E0,-1.870659943E0
1.276115442E1,-6.532415771E0,-8.064779205E0,-1.895358582E0
1.277091942E1,-5.004542999E0,-7.391479340E0,-8.828640747E-1
1.278068542E1,-3.201242981E0,-8.006250916E0,-8.083190918E-1
1.279045142E1,-2.091600494E0,-7.702382813E0,-1.087189178E0
1.280023700E1,-1.349443817E0,-7.553292847E0,-1.878743134E0
1.281000200E1,-3.513194275E-1,-8.238867188E0,-4.587061157E0
1.281976800E1,5.346881104E-1,-9.883197784E0,-6.469546509E0
1.282953400E1,-5.014572144E-2,-9.829908600E0,-2.410587158E0
1.283929900E1,-1.329235840E0,-9.115743713E0,6.936575317E-1
1.284906500E1,-1.467099152E0,-8.738827515E0,1.533411255E0
1.285883100E1,-1.586401062E0,-8.220156097E0,1.100511475E0
1.286862700E1,-1.500030670E0,-8.131540375E0,5.087919617E-1
1.287839200E1,-1.331331482E0,-8.371341705E0,3.676354980E-1
1.288815800E1,-1.247954865E0,-9.218729553E0,8.819659424E-1
1.289792400E1,-6.560856628E-1,-9.833800507E0,1.259929962E0
1.290768900E1,-2.686912537E-1,-9.957742767E0,7.466473389E-1
1.291745500E1,-6.918612671E-1,-9.684261475E0,-9.934840393E-1
1.292725100E1,-1.070573730E0,-9.773475952E0,-2.681074677E0
1.293701700E1,-2.223176880E0,-1.006117767E1,-4.608316956E0
1.294678200E1,-3.708238678E0,-1.004321503E1,-5.045258331E0
1.295654800E1,-5.494174805E0,-1.053329590E1,-4.221371613E0
1.296631300E1,-6.932234344E0,-1.093341385E1,-3.348237305E0
1.297607900E1,-7.322921906E0,-1.032313293E1,-2.164498901E0
1.298587500E1,-6.709946594E0,-9.401200104E0,-1.421294403E0
1.299564100E1,-6.022426300E0,-9.071435852E0,-1.289867706E0
1.300540600E1,-5.712121582E0,-8.846154327E0,-1.035696259E0
1.301517200E1,-4.824168091E0,-8.457263031E0,-9.572593689E-1
1.302493800E1,-4.082011414E0,-7.396568756E0,-2.770738220E-1
1.303473400E1,-4.183350677E0,-7.001240845E0,7.873626709E-1
1.304449900E1,-5.787265320E0,-8.061186676E0,1.474733276E0
1.305426500E1,-6.927144928E0,-9.407936096E0,7.828720093E-1
1.306403100E1,-6.130950623E0,-1.006536896E1,-7.605683899E-1
1.307379600E1,-5.570066986E0,-1.149235153E1,-2.444117432E0
1.308359200E1,-6.287075958E0,-1.351494553E1,-3.294349365E0
1.309335800E1,-7.131170654E0,-1.458342361E1,-3.939507751E0
1.310312400E1,-7.018305359E0,-1.481514175E1,-4.728966064E0
1.311288900E1,-5.518424377E0,-1.478191086E1,-5.361400909E0
1.312265500E1,-3.881877594E0,-1.485870117E1,-5.608836365E0
1.313245100E1,-3.348386993E0,-1.462907867E1,-5.619464264E0
1.314221700E1,-3.738775177E0,-1.485870117E1,-5.249284058E0
1.315198200E1,-3.648063812E0,-1.594574066E1,-4.750820618E0
1.316174800E1,-2.662213898E0,-1.733305573E1,-3.445834351E0
1.317151400E1,-1.594933319E0,-1.620694748E1,-5.068460083E-1
1.318131000E1,-1.003962250E0,-1.502261032E1,2.096091156E0
1.319107500E1,-8.387059021E-1,-1.467757782E1,3.568130035E0
1.320084100E1,-8.930429077E-1,-1.494462250E1,3.724255371E0
1.321060700E1,-4.053570557E-1,-1.587553665E1,3.558549957E0
1.322040300E1,5.578898621E-1,-1.623957962E1,4.249962158E0
1.323016800E1,1.759441223E0,-1.633657791E1,4.730912018E0
1.323993400E1,2.774630127E0,-1.647743500E1,3.618275757E0
1.324970000E1,3.725003815E0,-1.532513123E1,1.710343323E0
1.325946500E1,4.416715393E0,-1.409558807E1,4.128414917E-1
1.326926100E1,4.372108154E0,-1.292621979E1,-1.254541168E0
1.327902700E1,3.582051086E0,-1.141062149E1,-1.913620605E0
1.328879300E1,2.086062012E0,-1.036324951E1,-2.053280182E0
1.329855800E1,-7.783813477E-2,-8.182883606E0,-1.553319855E0
1.330832400E1,-3.536096649E0,-6.080355835E0,-1.228495331E0
1.331809000E1,-4.991669769E0,-6.116281128E0,-9.440867615E-1
1.332788600E1,-3.864513702E0,-7.565567322E0,-1.394051056E0
1.333765100E1,-2.601739655E0,-6.831194458E0,-1.267264709E0
1.334741700E1,-2.420616302E0,-5.927224274E0,-5.263055420E-1
1.335718300E1,-2.771636353E0,-5.062622223E0,-3.165916443E-1
1.336694800E1,-3.532354431E0,-4.817132721E0,-2.836601257E-1
1.337674400E1,-3.418591003E0,-4.724325714E0,-7.381150818E-1
1.338651000E1,-2.720293121E0,-4.547992401E0,-5.960604858E-1
1.339627600E1,-2.143243103E0,-4.229305115E0,-3.475772095E-1
1.340604100E1,-1.742825775E0,-3.790268097E0,-3.912863159E-1
1.341580700E1,-1.037193146E0,-3.656895447E0,-2.055226135E-1
1.342557200E1,-7.448510742E-1,-3.260519714E0,5.605842590E-1
1.343536900E1,-7.072792053E-1,-2.924917603E0,1.600771179E0
1.344513400E1,-3.954776001E-1,-2.451302490E0,1.907782745E0
1.345490000E1,7.259902954E-2,-1.739532623E0,1.867666168E0
1.346466500E1,9.669891357E-1,-9.966275024E-1,2.319127350E0
1.347446200E1,2.289638672E0,-2.978805542E-1,2.066303101E0
1.348422700E1,2.942580872E0,-1.203497314E-1,1.677112427E0
1.349399300E1,3.576961670E0,7.888595581E-2,1.564097443E0
1.350375800E1,3.433859253E0,-4.602928162E-1,9.779164124E-1
1.351352400E1,2.783312073E0,-2.041604462E0,-1.507365417E-1
1.352332000E1,1.739981689E0,-4.302951965E0,-1.760189667E0
1.353308600E1,5.520520020E-1,-8.121361542E0,-5.165907440E0
1.354285200E1,-1.362167358E-2,-1.479373627E1,-1.143966110E1
1.355261700E1,-9.951306152E-1,-2.217054611E1,-1.854703125E1
1.356238300E1,-2.364782410E0,-3.091940277E1,-2.448293747E1
1.357214800E1,-3.111429749E0,-2.852273666E1,-1.948153793E1
1.358194500E1,-2.622247009E0,-1.967807922E1,-1.257280472E1
1.359171000E1,5.156776428E-1,-1.106768463E1,-7.500452728E0
1.360147600E1,3.807033234E0,-5.790708160E0,-4.091292114E0
1.361124100E1,5.721402283E0,-3.074157257E0,-5.760021973E-1
1.362100700E1,7.008725281E0,-2.079176331E0,1.549427948E0
1.363080300E1,5.995033264E0,-7.670948181E0,4.516108704E-1
1.364056900E1,3.642076263E0,-1.067789520E1,3.996688843E-2
1.365033400E1,3.514840851E0,-1.268761597E1,-1.311722260E0
1.366010000E1,3.196602631E0,-1.672037979E1,-4.184697876E0
1.366986600E1,1.159788208E0,-2.010409332E1,-5.968238983E0
1.367963100E1,-1.243613892E0,-2.050451065E1,-6.134243774E0
1.368942700E1,-2.094594269E0,-1.902483765E1,-5.779481506E0
1.369919300E1,-2.402204590E0,-1.573527832E1,-3.535048828E0
1.370895900E1,-1.023122406E0,-1.135658386E1,-1.435814209E0
1.371872400E1,1.789378967E0,-9.191336517E0,-2.383044434E-1
1.372849000E1,3.383563843E0,-7.815697174E0,1.096918945E0
1.373825600E1,3.833977203E0,-6.769073639E0,2.485281830E0
1.374805200E1,3.549119568E0,-5.986201630E0,3.090772705E0
1.375781700E1,2.699785767E0,-5.894442444E0,3.128494263E0
1.376758300E1,1.902094574E0,-6.991810455E0,2.760858765E0
1.377734900E1,9.577084351E-1,-7.873477020E0,2.296823730E0
1.378711400E1,-6.242019653E-2,-8.258775787E0,1.947899323E0
1.379691000E1,-5.691165161E-1,-8.235124969E0,1.500928802E0
1.380666029E1,-8.452922058E-1,-8.004754028E0,1.636397095E0
1.381642629E1,-1.278790741E0,-8.291407928E0,2.220931549E0
1.382619129E1,-1.991758118E0,-8.398135986E0,2.804867249E0
1.383595729E1,-3.232228546E0,-9.188791809E0,3.981121216E0
1.384575329E1,-4.889881439E0,-9.193881226E0,4.633464661E0
1.385551929E1,-5.632337494E0,-8.851842499E0,5.174140320E0
1.386528429E1,-5.960006104E0,-9.168733521E0,4.335434418E0
1.387505029E1,-5.880371704E0,-1.121901993E1,3.046165466E0
1.388481529E1,-5.603896637E0,-1.243015137E1,1.527723083E0
1.389461229E1,-5.276677094E0,-1.205413330E1,7.520361328E-1
1.390437729E1,-4.817731476E0,-1.037597305E1,6.216572571E-1
1.391414329E1,-3.042872314E0,-9.451046448E0,-1.136137390E-1
1.392390929E1,-1.275796967E0,-9.627080383E0,-6.152206421E-1
1.393367429E1,-7.638615417E-1,-9.694739685E0,-5.665718079E-1
1.394344029E1,-1.171463928E0,-9.523346100E0,-1.400337982E0
1.395323629E1,-1.493294678E0,-9.456285553E0,-3.228186951E0
1.396300229E1,-1.641336823E0,-9.543404388E0,-6.756200409E0
1.397276729E1,-1.419797516E0,-1.083896027E1,-1.002165985E1
1.398253329E1,-1.575473785E0,-1.099448685E1,-7.067403259E0
1.399229829E1,-1.871707764E0,-9.617649994E0,-3.116519165E0
1.400206429E1,-1.609602814E0,-8.697214050E0,6.649172974E-1
1.401186029E1,-1.132095795E0,-7.424261169E0,2.630928955E0
1.402162629E1,-1.240320740E0,-7.469766541E0,2.889890442E0
1.403139129E1,-9.557624817E-1,-9.336983643E0,2.794538727E0
1.404115729E1,-8.945397949E-1,-9.743538208E0,3.841162262E0
1.405092329E1,-1.241518250E0,-9.179660797E0,4.226461029E0
1.406068829E1,-9.382489014E-1,-8.894054718E0,1.057101746E0
1.407045429E1,-7.054829407E-1,-8.868907013E0,-1.840572510E0
1.408025029E1,-8.434959412E-1,-9.473350067E0,-4.011957092E0
1.409001629E1,-2.205513611E0,-9.240584106E0,-5.196743317E0
1.409978129E1,-4.903353424E0,-8.491841125E0,-4.871020660E0
1.410954729E1,-7.754923553E0,-8.251141663E0,-4.549788666E0
1.411931329E1,-9.648635559E0,-8.012088776E0,-3.514691162E0
1.412907829E1,-1.004486160E1,-7.458988953E0,-2.248773651E0
1.413887429E1,-8.945098572E0,-7.265740814E0,-1.682201843E0
1.414864029E1,-7.140900421E0,-7.179969177E0,-8.827143860E-1
1.415840629E1,-6.198460236E0,-7.790399780E0,-4.790039062E-1
1.416817129E1,-6.066434784E0,-8.791218567E0,-5.791456604E-1
1.417793729E1,-5.765560455E0,-8.782686310E0,-4.707710266E-1
1.418770229E1,-5.990392914E0,-9.603279877E0,5.867797852E-2
1.419749929E1,-6.340514832E0,-1.090512268E1,4.481680298E-1
1.420726429E1,-5.705834656E0,-1.221055801E1,-3.607498169E-1
1.421703029E1,-5.203329620E0,-1.355476273E1,-1.955383759E0
1.422679529E1,-5.583838348E0,-1.449944824E1,-2.979853363E0
1.423659229E1,-6.019432526E0,-1.456905350E1,-3.379073181E0
1.424635729E1,-5.691314850E0,-1.430560135E1,-3.794160004E0
1.425612329E1,-4.985532532E0,-1.441816727E1,-4.264931030E0
1.426588829E1,-4.392465820E0,-1.468760696E1,-3.932173004E0
1.427565429E1,-3.345542908E0,-1.432296524E1,-3.783083038E0
1.428542029E1,-2.765050049E0,-1.469314545E1,-3.897145844E0
1.429518529E1,-2.721640320E0,-1.503024445E1,-3.726051636E0
1.430498229E1,-3.021616516E0,-1.566642151E1,-3.856879578E0
1.431474729E1,-3.382815399E0,-1.698981949E1,-3.676953735E0
1.432451329E1,-3.016826477E0,-1.512379990E1,-1.237027588E0
1.433427829E1,-2.679877167E0,-1.304073166E1,1.316212921E0
1.434404429E1,-2.790497131E0,-1.386761215E1,2.858455811E0
1.435381029E1,-2.516716461E0,-1.553933578E1,3.755091248E0
1.436357529E1,-1.397044830E0,-1.639211243E1,4.935536499E0
1.437337129E1,5.542973328E-1,-1.647803375E1,5.918692017E0
1.438313729E1,2.569855957E0,-1.669463333E1,5.287903748E0
1.439290329E1,3.742218018E0,-1.629646133E1,4.233346710E0
1.440266829E1,3.910318451E0,-1.457459198E1,3.215014343E0
1.441243429E1,2.822979584E0,-1.266516266E1,1.834884338E0
1.442223029E1,1.173110504E0,-1.115091156E1,8.484356689E-1
1.443199629E1,4.640350342E-2,-1.026385620E1,-7.026388550E-1
1.444176129E1,-1.096769257E0,-8.801996155E0,-1.365011444E0
1.445152729E1,-3.420686646E0,-6.735243988E0,-1.585802307E0
1.446129329E1,-3.721860352E0,-6.546935577E0,-1.996099091E0
1.447105829E1,-4.452940063E0,-6.897356873E0,-2.220183105E0
1.448082429E1,-3.599115601E0,-7.009024658E0,-2.288291473E0
1.449062029E1,-3.585942993E0,-6.901847534E0,-1.600621490E0
1.450038629E1,-2.856809235E0,-6.756050720E0,-4.641847229E-1
1.451015129E1,-2.874771881E0,-6.001918945E0,1.950444031E-1
1.451991729E1,-3.604504395E0,-5.238207092E0,-1.938468933E-1
1.452968229E1,-4.085304565E0,-5.306764526E0,-6.792874146E-1
1.453944829E1,-4.051025848E0,-5.620362396E0,-9.611512756E-1
1.454921429E1,-3.012335815E0,-6.164780273E0,-7.384144592E-1
1.455901029E1,-1.358574829E0,-6.312073975E0,-3.758683777E-1
1.456877529E1,1.586700439E-2,-5.538782043E0,6.360273743E-1
1.457854129E1,6.956034851E-1,-4.734803925E0,2.198927307E0
1.458830729E1,1.133742371E0,-3.796555023E0,3.945046234E0
1.459807229E1,1.546284485E0,-2.705623627E0,4.072730713E0
1.460786829E1,2.375859375E0,-2.168690186E0,3.941154327E0
1.461763429E1,3.415148163E0,-2.018702087E0,3.375031586E0
1.462740029E1,4.101021881E0,-1.517693939E0,2.568209381E0
1.463716529E1,4.141587524E0,-7.860154724E-1,2.027533722E0
1.464693129E1,3.420836334E0,-7.726931763E-1,1.416354675E0
1.465669729E1,2.221979370E0,-1.479074249E0,7.288343811E-1
1.466646229E1,1.772763519E0,-2.002236328E0,-2.074685669E-1
1.467625829E1,1.602118378E0,-3.584895172E0,-1.907034302E0
1.468602429E1,1.431473236E0,-6.441405029E0,-3.024011536E0
1.469579029E1,2.340682526E0,-1.122440872E1,-6.196963348E0
1.470555529E1,2.521057434E0,-1.704161179E1,-1.160731247E1
1.471532129E1,9.623487854E-1,-2.245869690E1,-1.751088593E1
1.472508629E1,-8.445437622E-1,-2.571742035E1,-2.067680237E1
1.473488329E1,-1.348096619E0,-2.445883759E1,-1.721001160E1
1.474464829E1,1.094224548E0,-1.889011780E1,-1.235171448E1
1.475441429E1,3.137924652E0,-1.281036072E1,-8.161777496E0
1.476418029E1,4.968917084E0,-8.228089600E0,-4.794080658E0
1.477394529E1,5.942342834E0,-5.688770142E0,-2.469115448E0
1.478371129E1,5.603148193E0,-5.626948700E0,-1.781894531E0
1.479350729E1,4.596790924E0,-7.719297638E0,-2.071093140E0
1.480326825E1,2.459685059E0,-8.211025085E0,-1.344055023E0
1.481303325E1,6.981481934E-1,-1.095122681E1,-6.706054688E-2
1.482279925E1,2.311193848E-1,-1.549308197E1,-1.270108795E0
1.483256425E1,-5.129832458E-1,-1.910297516E1,-3.056643677E0
1.484236125E1,-1.992057495E0,-1.917826859E1,-4.020339661E0
1.485212625E1,-2.315085754E0,-1.725671448E1,-4.226011963E0
1.486189225E1,-2.372865601E0,-1.353680008E1,-2.288141785E0
1.487165725E1,-8.348139954E-1,-8.904383240E0,-1.117725677E0
1.488142325E1,2.224524078E0,-6.966962128E0,-2.260299683E0
1.489118925E1,3.917802887E0,-7.038962402E0,-1.272653503E0
1.490098525E1,3.771107941E0,-6.648125153E0,5.797444153E-1
1.491075025E1,2.917283478E0,-5.902076569E0,1.143172760E0
1.492051625E1,1.975292358E0,-5.741161194E0,1.212328949E0
1.493028225E1,1.045875092E0,-6.130950623E0,1.608105927E0
1.494004725E1,2.215393066E-2,-7.061415710E0,2.164199524E0
1.494981325E1,-7.837701416E-1,-8.333021393E0,2.849324799E0
1.495960925E1,-1.886077881E0,-9.614506531E0,4.045337677E0
1.496937525E1,-2.707120514E0,-1.114073273E1,5.115013275E0
1.497914025E1,-3.361709290E0,-1.151360733E1,4.817282410E0
1.498890625E1,-4.162244568E0,-1.183843185E1,4.334536285E0
1.499867225E1,-5.089715881E0,-1.181777481E1,3.307072906E0
1.500843725E1,-5.925577698E0,-1.118668716E1,2.499651947E0
1.501823325E1,-6.159990234E0,-1.083057770E1,1.661844177E0
1.502799925E1,-5.905519409E0,-1.069331314E1,6.959028625E-1
1.503776525E1,-4.856949921E0,-1.031609756E1,-2.700384521E-1
1.504753025E1,-3.910168762E0,-9.854158173E0,-5.801934814E-1
1.505729625E1,-2.755769348E0,-9.749974823E0,-5.809419250E-1
1.506706125E1,-1.839225311E0,-9.501341858E0,-2.026785278E-1
1.507685825E1,-8.884025574E-1,-9.080716553E0,7.469467163E-2
1.508662325E1,1.272354126E-2,-8.838071136E0,-4.435276794E-1
1.509638925E1,5.372328186E-1,-8.804989929E0,-1.624721375E0
1.510615425E1,9.476792908E-1,-8.712332611E0,-2.935695190E0
1.511592025E1,8.345146179E-1,-8.851543121E0,-4.132306824E0
1.512568625E1,-3.385958862E-1,-8.912316742E0,-4.306095428E0
1.513548225E1,-1.454974365E0,-8.157137146E0,-3.938160553E0
1.514524825E1,-2.802322540E0,-7.507488098E0,-2.975961456E0
1.515501325E1,-3.841611328E0,-7.305558014E0,-1.247206421E0
1.516477925E1,-3.548820190E0,-7.189100189E0,1.055904236E0
1.517454425E1,-2.972967682E0,-7.814499664E0,2.439028015E0
1.518431025E1,-2.601889343E0,-8.823701019E0,2.371219025E0
1.519407625E1,-1.767225037E0,-9.435778198E0,1.768871613E0
1.520387225E1,-1.120120697E0,-9.567504272E0,1.358724518E0
1.521363725E1,-1.060245209E0,-9.545649719E0,5.644761658E-1
1.522340325E1,-1.484612732E0,-9.529932404E0,-5.087919617E-1
1.523316925E1,-2.057920532E0,-9.279652863E0,-1.793121185E0
1.524293425E1,-2.981949005E0,-8.722212067E0,-2.118694153E0
1.525270025E1,-4.150119781E0,-8.555159454E0,-1.844464417E0
1.526246625E1,-5.595813446E0,-8.651708679E0,-1.272354126E0
1.527226225E1,-6.921756134E0,-8.753047943E0,-1.251996460E0
1.528202725E1,-7.709118805E0,-8.888665924E0,-1.450633392E0
1.529179325E1,-7.664361877E0,-8.706345062E0,-1.516795807E0
1.530155925E1,-6.747967529E0,-8.256530457E0,-1.611099701E0
1.531132425E1,-5.453758850E0,-7.898924103E0,-1.595831451E0
1.532109025E1,-4.369413757E0,-8.096064148E0,-1.606010284E0
1.533085525E1,-3.315605164E0,-8.655301208E0,-1.083147583E0
1.534065225E1,-3.297043762E0,-8.748257904E0,1.309776306E-1
1.535041725E1,-4.382885742E0,-9.653425598E0,-1.972897339E-1
1.536018325E1,-5.342540131E0,-1.006985962E1,-8.258326721E-1
1.536994825E1,-5.580395508E0,-1.065140030E1,-1.564546509E0
1.537971425E1,-5.922583923E0,-1.197509766E1,-2.960393829E0
1.538948025E1,-6.790628815E0,-1.320404205E1,-4.063300323E0
1.539924525E1,-7.635322266E0,-1.404484360E1,-4.683011627E0
1.540904125E1,-7.747588806E0,-1.446292419E1,-5.264851685E0
1.541880725E1,-7.079078979E0,-1.429497345E1,-5.649701385E0
1.542857325E1,-5.585484924E0,-1.395278503E1,-5.767207031E0
1.543833825E1,-4.459676056E0,-1.401475616E1,-4.760999451E0
1.544810425E1,-3.715274048E0,-1.434931046E1,-3.837120667E0
1.545787025E1,-3.798950043E0,-1.482038086E1,-3.372337189E0
1.546766625E1,-4.792284393E0,-1.545491135E1,-2.651136932E0
1.547743125E1,-5.312452698E0,-1.501916748E1,-8.321195984E-1
1.548719725E1,-4.807402954E0,-1.389740021E1,1.234183502E0
1.549696325E1,-3.651057587E0,-1.358350296E1,2.313738556E0
1.550672825E1,-2.703677673E0,-1.368469254E1,3.131787415E0
1.551649425E1,-1.985620880E0,-1.416190018E1,3.974385223E0
1.552629025E1,-1.167572021E0,-1.411310165E1,4.606520691E0
1.553605625E1,1.402583313E-1,-1.420156769E1,5.045408020E0
1.554582125E1,2.122586060E0,-1.432176773E1,5.097948761E0
1.555558725E1,3.539838867E0,-1.482053055E1,4.348008270E0
1.556535225E1,3.873794403E0,-1.564606384E1,2.843636627E0
1.557511825E1,3.848946075E0,-1.508158768E1,1.417552185E0
1.558491425E1,3.476670227E0,-1.376402756E1,2.908451843E-1
1.559468025E1,2.976410522E0,-1.255813522E1,-6.834786987E-1
1.560444625E1,1.919907532E0,-1.167661835E1,-1.820065155E0
1.561421125E1,4.902305603E-1,-1.056772430E1,-2.274969177E0
1.562397725E1,-1.304686890E0,-8.704249420E0,-2.046244812E0
1.563374225E1,-4.248165894E0,-6.313720551E0,-3.643423462E-1
1.564350825E1,-4.480482788E0,-7.532486115E0,-8.887019348E-1
1.565330425E1,-2.606080627E0,-9.516610107E0,-3.579207001E0
1.566307025E1,-3.368894348E0,-8.357869720E0,-3.043920135E0
1.567283525E1,-3.810326385E0,-7.611821136E0,-1.913770294E0
1.568260125E1,-3.069217529E0,-7.166497192E0,-1.788480835E0
1.569236725E1,-2.915187836E0,-6.183491364E0,-1.340612183E0
1.570213225E1,-3.194357300E0,-5.452112274E0,-5.318440247E-1
1.571189825E1,-3.466790771E0,-5.285059662E0,-4.580474854E-1
1.572166425E1,-3.114722900E0,-5.135221252E0,-5.725593567E-1
1.573146025E1,-1.808539124E0,-4.593797150E0,-2.170486450E-1
1.574122525E1,1.809736633E-1,-4.221221924E0,9.363029480E-1
1.575099125E1,1.883533173E0,-3.379073181E0,2.739303589E0
1.576075725E1,2.743345184E0,-2.233056335E0,3.414699097E0
1.577052225E1,2.999312897E0,-1.423090668E0,3.487447815E0
1.578028825E1,3.568130035E0,-8.198451233E-1,2.717598724E0
1.579005325E1,4.064797211E0,-5.956114197E-1,2.229164429E0
1.579984479E1,4.289180603E0,-5.316943359E-1,1.730401611E0
1.580960979E1,4.205205231E0,-4.445755005E-2,1.426533508E0
1.581937579E1,3.262016602E0,-1.146615601E-1,1.087039490E0
1.582914079E1,1.933529205E0,-8.756790161E-1,5.704637146E-1
1.583890679E1,3.201841736E-1,-2.256856842E0,-4.799020386E-1
1.584867279E1,-1.325194244E0,-4.828059998E0,-2.154020691E0
1.585843779E1,-2.685415649E0,-8.626860352E0,-5.190306702E0
1.586823379E1,-2.020348663E0,-1.425096497E1,-1.163799866E1
1.587799979E1,-1.577719116E-1,-2.200528976E1,-2.111060028E1
1.588776579E1,-1.583407288E0,-2.902015228E1,-2.594883911E1
1.589753079E1,-1.310973816E0,-2.528167648E1,-2.109682892E1
1.590729679E1,-1.050515442E0,-1.716570374E1,-1.271979904E1
1.591706279E1,1.196911011E0,-1.161479691E1,-6.465205536E0
1.592682779E1,3.891757050E0,-7.628735962E0,-3.048560486E0
1.593662379E1,5.306764526E0,-5.006488953E0,-1.312470703E0
1.594638979E1,6.649921417E0,-3.697161713E0,1.655407562E0
1.595615579E1,8.268954620E0,-5.802533569E0,1.367705841E0
1.596592079E1,6.430178375E0,-1.002255798E1,-1.459465027E-1
1.597568679E1,3.450474701E0,-1.347033829E1,-3.499722290E-1
1.598545179E1,1.545386353E0,-1.565699112E1,-2.329455872E0
1.599524879E1,-4.658312988E-1,-1.717273911E1,-5.079237671E0
1.600501379E1,-3.101101227E0,-1.905402695E1,-7.454797668E0
1.601477979E1,-4.163891144E0,-1.908695847E1,-6.334976349E0
1.602454479E1,-3.174149323E0,-1.550445831E1,-2.601739655E0
1.603431079E1,-9.280700684E-3,-1.071441925E1,-4.839436340E-1
1.604407679E1,2.755919037E0,-8.248147888E0,-1.122066650E0
1.605384179E1,4.527485046E0,-6.789131927E0,-9.419911194E-1
1.606363879E1,5.197940826E0,-6.051765289E0,-3.682342529E-2
1.607340379E1,4.939278717E0,-5.602848816E0,4.655319214E-1
1.608316979E1,4.266278229E0,-5.300776978E0,1.083596649E0
1.609293479E1,3.346890106E0,-5.483247528E0,1.122665405E0
1.610270079E1,2.146985321E0,-6.341862030E0,9.794132996E-1
1.611246679E1,1.006057892E0,-8.524473267E0,1.648821259E0
1.612223179E1,-5.954617310E-1,-1.047147446E1,2.750530243E0
1.613202779E1,-1.832040253E0,-1.225202179E1,3.590733032E0
1.614179379E1,-3.090323639E0,-1.261127472E1,3.958518219E0
1.615155979E1,-4.083657990E0,-1.145912064E1,4.089795227E0
1.616132479E1,-4.756059723E0,-1.039184006E1,2.981350250E0
1.617109079E1,-5.411995697E0,-9.060358887E0,2.629581757E0
1.618088679E1,-5.733227692E0,-8.600215759E0,2.563419342E0
1.619065279E1,-6.007906494E0,-8.681796112E0,2.161205750E0
1.620041779E1,-6.447991333E0,-9.114546204E0,7.195536804E-1
1.621018379E1,-6.934928741E0,-9.316326599E0,-8.330177307E-1
1.621994979E1,-6.917864227E0,-8.789871368E0,-1.562450867E0
1.622971479E1,-5.802982635E0,-8.396639099E0,-1.552571411E0
1.623951079E1,-4.224664764E0,-8.135731659E0,-1.272803192E0
1.624927679E1,-2.703527985E0,-8.804540863E0,-8.523275757E-1
1.625904279E1,-2.097438354E0,-8.884324951E0,-5.252577209E-1
1.626880779E1,-1.929637299E0,-8.467890930E0,-1.724713440E0
1.627857379E1,-1.527573395E0,-8.828341370E0,-3.654949493E0
1.628836979E1,-1.010548553E0,-9.639354858E0,-6.501579895E0
1.629813579E1,-6.343807983E-1,-1.109103607E1,-9.040899353E0
1.630790079E1,-9.051676941E-1,-1.118084930E1,-5.301226044E0
1.631766679E1,-1.209933929E0,-8.882828064E0,-4.960684204E-1
1.632743179E1,-1.411864014E0,-7.593110046E0,2.162702637E0
1.633719779E1,-1.711241455E0,-7.499704285E0,2.385289764E0
1.634699379E1,-2.281555481E0,-7.679330750E0,2.050436096E0
1.635675979E1,-2.656675415E0,-8.288863220E0,1.392703857E0
1.636652479E1,-2.342927856E0,-8.638685760E0,1.495689697E0
1.637629079E1,-1.957030334E0,-9.955048370E0,1.644629974E0
1.638605679E1,-1.929786987E0,-1.131856293E1,6.551875305E-1
1.639585279E1,-1.635648651E0,-1.145058838E1,-1.734143829E0
1.640561779E1,-9.166937256E-1,-1.098760117E1,-4.779560852E0
1.641538379E1,-1.090182953E0,-1.036684204E1,-7.125033417E0
1.642514979E1,-2.661465454E0,-9.783355408E0,-6.546037445E0
1.643491479E1,-5.120551758E0,-9.660760345E0,-4.542453918E0
1.644471079E1,-7.241491241E0,-9.247918854E0,-3.147205353E0
1.645447679E1,-8.047864380E0,-9.154513092E0,-2.089355164E0
1.646424279E1,-7.797435150E0,-8.203690338E0,-1.190923462E0
1.647400779E1,-7.097191315E0,-7.788603516E0,-1.070424042E0
1.648377379E1,-6.556066589E0,-7.913443909E0,-1.059646454E0
1.649356979E1,-5.704188080E0,-6.765032043E0,-6.487509155E-1
1.650333579E1,-4.796775055E0,-6.745871887E0,5.599855042E-1
1.651310079E1,-3.782184906E0,-7.062762909E0,1.788331146E0
1.652286679E1,-3.670966187E0,-7.062164154E0,1.966909790E0
1.653263279E1,-4.902455292E0,-7.379953308E0,1.352736969E0
1.654242879E1,-5.832920380E0,-7.624993744E0,4.026626587E-1
1.655219379E1,-5.688770142E0,-7.988887024E0,-1.080453186E0
1.656195979E1,-5.766757965E0,-9.261091461E0,-3.016826477E0
1.657172579E1,-6.645131378E0,-1.156360336E1,-5.090314636E0
1.658149079E1,-7.504045258E0,-1.381926270E1,-6.988966370E0
1.659128679E1,-7.363188171E0,-1.503698044E1,-8.093818817E0
1.660105279E1,-6.726562042E0,-1.620006180E1,-8.349187775E0
1.661081879E1,-6.214327240E0,-1.690913727E1,-7.287295990E0
1.662058379E1,-5.444777527E0,-1.701511688E1,-5.234913940E0
1.663034979E1,-4.268822937E0,-1.656200912E1,-3.769760742E0
1.664014579E1,-3.931125183E0,-1.722318420E1,-2.930755463E0
1.664991179E1,-4.280947723E0,-1.790277100E1,-1.641486511E0
1.665967679E1,-4.616549835E0,-1.744816635E1,1.466949463E-2
1.666944279E1,-4.217928772E0,-1.571551941E1,1.548230438E0
1.667920879E1,-3.183130646E0,-1.336151459E1,2.710114288E0
1.668897379E1,-1.832938385E0,-1.303130127E1,2.891537018E0
1.669876979E1,-6.885681152E-2,-1.388782013E1,3.125949554E0
1.670853579E1,1.608554993E0,-1.519789581E1,4.188589783E0
1.671830179E1,3.170107727E0,-1.629646133E1,5.195994873E0
1.672806679E1,3.779789886E0,-1.630244888E1,4.472549286E0
1.673783279E1,2.467917938E0,-1.464180222E1,2.130070496E0
1.674762879E1,1.083446960E0,-1.264211060E1,7.176077271E-1
1.675739479E1,7.056326294E-1,-1.103415436E1,-5.709127808E-1
1.676715979E1,7.572752380E-1,-1.019020935E1,-1.434317322E0
1.677692579E1,5.547463989E-1,-8.769064636E0,-1.779499512E0
1.678669079E1,-1.163829803E0,-6.909781036E0,-1.316362610E0
1.679648779E1,-2.701432343E0,-6.086193695E0,-1.662592621E0
1.680624129E1,-2.581082611E0,-7.032825165E0,-2.650538177E0
1.681600729E1,-2.676434326E0,-6.997947693E0,-3.127596130E0
1.682577229E1,-3.080444183E0,-5.980064392E0,-2.869682465E0
1.683553829E1,-3.487896881E0,-5.303770752E0,-3.035986633E0
1.684530429E1,-3.922443237E0,-5.077740784E0,-2.939736786E0
1.685510029E1,-3.580703888E0,-4.766388245E0,-2.689756622E0
1.686486629E1,-3.575165405E0,-4.456682281E0,-2.146236877E0
1.687463129E1,-3.752995605E0,-5.049449615E0,-2.165397034E0
1.688439729E1,-3.478466492E0,-5.283562775E0,-1.927541656E0
1.689416229E1,-2.937641144E0,-4.852010193E0,-7.259902954E-1
1.690395929E1,-1.612147522E0,-4.400698700E0,1.463057556E0
1.691372429E1,-1.169068909E-1,-3.645369415E0,3.461701355E0
1.692349029E1,1.188827820E0,-2.148781586E0,4.741390228E0
1.693325529E1,2.506986694E0,-1.279688873E0,4.458328857E0
1.694302129E1,3.251688080E0,-8.433462524E-1,3.820355530E0
1.695281729E1,3.534599762E0,-3.808081055E-1,2.880909119E0
1.696258329E1,3.049907684E0,8.592132568E-2,2.018702087E0
1.697234829E1,2.321522369E0,8.876541138E-2,1.687890015E0
1.698211429E1,1.408720551E0,-4.863386536E-1,1.119971008E0
1.699188029E1,1.965412903E-1,-1.890269165E0,4.400848389E-2
1.700167629E1,-7.364685059E-1,-4.061953125E0,-1.543590088E0
1.701144129E1,-1.389859772E0,-7.578141174E0,-4.110751648E0
1.702120729E1,-1.100062408E0,-1.270737488E1,-9.200916595E0
1.703097329E1,-8.966354370E-1,-1.920910446E1,-1.536015839E1
1.704073829E1,-2.279160461E0,-2.490625717E1,-1.985980133E1
1.705053429E1,-2.679877167E0,-2.536400528E1,-1.925999863E1
1.706030029E1,-8.955876160E-1,-2.108859604E1,-1.575952789E1
1.707006629E1,1.288370819E0,-1.499880981E1,-9.891131287E0
1.707983129E1,2.777324524E0,-1.073268127E1,-6.785090332E0
1.708959729E1,3.544479218E0,-8.053103485E0,-5.316643982E0
1.709936329E1,3.871848450E0,-5.410049744E0,-2.772235107E0
1.710915929E1,6.168223114E0,-3.670816498E0,5.599855042E-1
1.711892429E1,4.895868988E0,-8.679101715E0,1.597178650E-1
1.712869029E1,3.088078308E-1,-1.205113953E1,1.229393463E0
1.713845629E1,-1.334474945E0,-1.274779083E1,-1.199006653E-1
1.714822129E1,-1.864971771E0,-1.406939255E1,-2.391427002E0
1.715798729E1,-1.569336548E0,-1.411474823E1,-4.095633087E0
1.716778329E1,-6.926097107E-1,-1.422746384E1,-5.544769592E0
1.717754929E1,-1.493893433E-1,-1.468581070E1,-5.936804352E0
1.718731429E1,-8.211923218E-1,-1.479658035E1,-4.235142975E0
1.719708029E1,-1.317859497E0,-1.369771545E1,-1.597178650E0
1.720684529E1,7.783813477E-1,-1.216580109E1,-1.132095795E0
1.721661129E1,3.715274048E0,-1.115525253E1,-1.684746552E0
1.722640729E1,5.304818573E0,-9.695188751E0,-1.228794708E0
1.723617329E1,5.485043793E0,-8.165220337E0,4.251159668E-2
1.724593929E1,4.785698090E0,-6.970404968E0,7.943980408E-1
1.725570429E1,3.880979462E0,-6.572682037E0,1.389410706E0
1.726547029E1,2.875969391E0,-7.197183380E0,1.289568329E0
1.727523529E1,1.751208344E0,-8.157286835E0,1.376537476E0
1.728500129E1,2.706372070E-1,-9.660760345E0,1.865720215E0
1.729479729E1,-7.283853149E-1,-1.179651901E1,2.631078644E0
1.730456329E1,-2.105820923E0,-1.313548462E1,3.241958313E0
1.731432829E1,-3.568878479E0,-1.293639862E1,4.160747681E0
1.732409429E1,-4.271367645E0,-1.092802505E1,4.177512817E0
1.733386029E1,-4.811444550E0,-7.574997711E0,4.008663940E0
1.734362529E1,-5.127886505E0,-6.103108521E0,4.574187927E0
1.735339129E1,-5.582341461E0,-5.176685028E0,4.858746185E0
1.736318729E1,-5.456153870E0,-5.550906830E0,3.991898804E0
1.737295329E1,-4.954247589E0,-7.927065582E0,2.653082886E0
1.738271829E1,-4.897814941E0,-9.341623993E0,1.641037445E0
1.739248429E1,-4.802463226E0,-9.965227203E0,4.703219604E-1
1.740225029E1,-3.593577118E0,-9.333540802E0,4.854405212E-1
1.741201529E1,-1.453028412E0,-8.427924042E0,7.795788574E-1
1.742178129E1,-4.090992737E-1,-8.073012085E0,9.141490173E-1
1.743157729E1,-1.441502380E0,-8.575966187E0,1.185235291E0
1.744134329E1,-2.439477081E0,-9.315129089E0,1.216520233E0
1.745110829E1,-3.018173676E0,-9.886041870E0,6.161187744E-1
1.746087429E1,-3.566483459E0,-1.022733215E1,-1.171463928E0
1.747063929E1,-3.653751984E0,-1.044288391E1,-3.185675354E0
1.748043629E1,-3.842808838E0,-1.049946625E1,-6.935527496E0
1.749020129E1,-3.668271790E0,-1.116243759E1,-8.779991913E0
1.749996729E1,-2.744093628E0,-1.025502457E1,-3.488345947E0
1.750973229E1,-2.023342438E0,-9.186546478E0,4.439767456E-1
1.751949829E1,-1.209035797E0,-8.695567474E0,9.310638428E-1
1.752926429E1,-1.456770630E0,-8.714727631E0,8.027806091E-1
1.753906029E1,-1.230141907E0,-9.375004578E0,1.580413513E0
1.754882529E1,-9.710307312E-1,-1.089763824E1,1.504371643E0
1.755859129E1,-1.304088135E0,-1.179741714E1,1.606159973E-1
1.756835729E1,-1.468895416E0,-1.169188660E1,-1.209784241E0
1.757812229E1,-1.816472626E0,-1.111229187E1,-3.271596680E0
1.758788829E1,-2.713856506E0,-1.029663803E1,-4.590803375E0
1.759768429E1,-5.055886230E0,-1.013347733E1,-4.229903870E0
1.760745029E1,-7.970325623E0,-9.574988708E0,-3.244203644E0
1.761721529E1,-9.702822876E0,-9.016350403E0,-2.807112579E0
1.762698129E1,-9.756710815E0,-7.885601807E0,-1.960772552E0
1.763674729E1,-8.825048218E0,-8.088579712E0,-1.464105377E0
1.764654329E1,-7.272327118E0,-8.303682404E0,-1.407073975E0
1.765630829E1,-5.256469116E0,-7.740703125E0,-1.056802368E0
1.766607429E1,-3.651656342E0,-7.464527435E0,-2.025288391E-1
1.767584029E1,-3.100951538E0,-7.516020355E0,8.860075378E-1
1.768560529E1,-3.790268097E0,-7.936046906E0,1.778751068E0
1.769540129E1,-4.860243073E0,-8.598868561E0,1.554816742E0
1.770516729E1,-5.464386749E0,-8.950487366E0,5.245092773E-1
1.771493329E1,-5.767805786E0,-9.257498932E0,-3.034190369E-1
1.772469829E1,-6.228547668E0,-1.028705795E1,-1.214723969E0
1.773446429E1,-6.636449432E0,-1.175041489E1,-2.362686768E0
1.774426029E1,-6.814878387E0,-1.341615097E1,-3.313808899E0
1.775402629E1,-6.098767548E0,-1.470676712E1,-4.142036591E0
1.776379129E1,-5.245392151E0,-1.587583603E1,-4.741090851E0
1.777355729E1,-4.850513306E0,-1.640019562E1,-4.982089691E0
1.778332329E1,-4.550537109E0,-1.620530090E1,-4.945415955E0
1.779311929E1,-4.663552094E0,-1.625185410E1,-4.436324615E0
1.780287804E1,-4.744084625E0,-1.662862061E1,-3.057541809E0
1.781264404E1,-4.421505432E0,-1.634735550E1,-9.960287476E-1
1.782241004E1,-3.935915222E0,-1.572629700E1,5.834866333E-1
1.783217504E1,-3.495830383E0,-1.530073196E1,1.279838562E0
1.784197104E1,-3.382066956E0,-1.421264465E1,1.735940094E0
1.785173704E1,-2.993774414E0,-1.430365540E1,2.203118591E0
1.786150304E1,-2.086810455E0,-1.525268188E1,2.884950714E0
1.787126804E1,-4.915777588E-1,-1.633433258E1,3.921395416E0
1.788103404E1,1.447340240E0,-1.687815170E1,5.004992065E0
1.789083004E1,3.409459991E0,-1.690285034E1,4.901407471E0
1.790059604E1,4.618795166E0,-1.526316010E1,3.452720032E0
1.791036104E1,3.703448639E0,-1.318922287E1,1.723665619E0
1.792012704E1,1.307381287E0,-1.214768875E1,4.599934387E-1
1.792989204E1,-6.759942627E-1,-1.037402710E1,-1.419049072E-1
1.793965804E1,-2.401456146E0,-8.573421478E0,-7.012916565E-1
1.794942404E1,-3.037034454E0,-7.187004547E0,-1.754202118E0
1.795922004E1,-3.596870270E0,-6.304140472E0,-8.180488586E-1
1.796898504E1,-4.229155426E0,-6.344257050E0,-8.875044250E-1
1.797875104E1,-3.897744598E0,-6.495592346E0,-1.487007751E0
1.798851704E1,-4.474794617E0,-6.242618408E0,-1.470392303E0
1.799828204E1,-4.514911194E0,-6.294859772E0,-1.364263000E0
1.800804804E1,-4.890629883E0,-5.669909363E0,-1.088985443E0
1.801784404E1,-5.579347687E0,-5.140310669E0,-6.342311096E-1
1.802761004E1,-5.223836975E0,-5.549110565E0,-8.792715454E-1
1.803737504E1,-3.037333832E0,-5.976920929E0,-5.002597046E-1
1.804714104E1,-4.569996643E-1,-6.533463593E0,3.812571716E-1
1.805690704E1,1.118324432E0,-5.863007812E0,9.779164124E-1
1.806667204E1,1.804796906E0,-4.608766022E0,2.051334229E0
1.807643804E1,2.019001465E0,-3.676354980E0,3.045866089E0
1.808623404E1,2.393223267E0,-2.365830231E0,3.752696228E0
1.809600004E1,2.621348877E0,-1.592687988E0,3.563339996E0
1.810576504E1,3.379671936E0,-1.166673889E0,3.598516846E0
1.811553104E1,3.609893188E0,-7.455995178E-1,3.336711273E0
1.812529704E1,3.461701355E0,-3.191363525E-1,2.965183868E0
1.813506204E1,2.776725769E0,-4.730163574E-2,2.619103546E0
1.814482804E1,2.133064270E0,-8.996292114E-2,2.176923065E0
1.815462404E1,1.297501831E0,-5.237608337E-1,1.250499573E0
1.816439004E1,1.073567505E0,-2.041903839E0,5.215155029E-1
1.817415504E1,3.388952637E-1,-4.461771698E0,-9.604028320E-1
1.818392104E1,2.392025757E-1,-8.617429962E0,-4.077221375E0
1.819368604E1,2.206411743E-1,-1.481199829E1,-9.555678864E0
1.820345204E1,-4.866380310E-1,-2.122601028E1,-1.506197845E1
1.821324804E1,-1.832938385E0,-2.550605988E1,-1.902902893E1
1.822301404E1,-2.434687042E0,-2.528332306E1,-1.770997192E1
1.823277904E1,-1.427431641E0,-2.069147186E1,-1.385039795E1
1.824254504E1,1.026116180E0,-1.542826675E1,-1.075633209E1
1.825231104E1,2.963088226E0,-1.125374771E1,-8.598419495E0
1.826207604E1,4.526437225E0,-8.006400604E0,-6.136938171E0
1.827187204E1,4.023782501E0,-5.998027039E0,-3.872746582E0
1.828163804E1,3.642525330E0,-5.780229950E0,-1.663790131E0
1.829140404E1,3.232677612E0,-6.932533722E0,-9.868977356E-1
1.830116904E1,1.960323486E0,-6.984625397E0,1.721420288E-2
1.831093504E1,8.960366821E-1,-8.980125732E0,5.538482666E-3
1.832070104E1,1.347198486E-2,-1.412866928E1,-1.613943787E0
1.833046604E1,-1.367107086E0,-1.940504700E1,-4.665048981E0
1.834026204E1,-3.314856720E0,-2.135863449E1,-5.939648438E0
1.835002804E1,-4.234993286E0,-2.077110626E1,-5.804778900E0
1.835979404E1,-4.554129639E0,-1.722557922E1,-3.257226562E0
1.836955904E1,-3.212020569E0,-1.218136871E1,-9.136999512E-1
1.837932504E1,1.534309387E-1,-8.784033508E0,-9.386979675E-1
1.838912104E1,3.376378784E0,-6.810687103E0,-1.484013977E0
1.839888704E1,5.166057129E0,-5.738317108E0,-7.405101013E-1
1.840865204E1,5.169499969E0,-5.503754883E0,1.857637024E-1
1.841841804E1,4.669389954E0,-5.509443054E0,1.026864624E0
1.842818304E1,4.276157684E0,-5.751340027E0,1.587149506E0
1.843794904E1,3.609294434E0,-6.259383545E0,2.285597076E0
1.844771504E1,1.999092865E0,-6.878945160E0,3.562441864E0
1.845751104E1,2.483335876E-1,-8.975784760E0,5.083428955E0
1.846727704E1,-1.659299469E0,-1.149369873E1,6.588698730E0
1.847704204E1,-3.698059845E0,-1.104957230E1,5.981112213E0
1.848680804E1,-5.211412811E0,-1.074600357E1,5.102439423E0
1.849657304E1,-6.049969025E0,-1.094344299E1,3.932622070E0
1.850633904E1,-6.617438965E0,-1.022344025E1,3.010838928E0
1.851610504E1,-6.361321564E0,-9.309740295E0,2.053579559E0
1.852590104E1,-5.676795044E0,-9.103618927E0,1.172362061E0
1.853566604E1,-5.334756317E0,-9.408684540E0,3.457809448E-2
1.854543204E1,-4.957540741E0,-1.036250107E1,-1.259181519E0
1.855519804E1,-4.489015045E0,-1.107022934E1,-1.110690308E0
1.856496304E1,-3.721860352E0,-1.075917618E1,-7.246430969E-1
1.857475904E1,-2.575693817E0,-1.020323227E1,-9.280700684E-1
1.858452504E1,-1.477727051E0,-9.233848114E0,-1.459614716E0
1.859429104E1,-1.059047699E0,-8.789571991E0,-2.222278748E0
1.860405604E1,-1.446891174E0,-8.896749115E0,-2.144739990E0
1.861382204E1,-2.024390259E0,-9.014404449E0,-1.668580170E0
1.862361804E1,-2.895578613E0,-8.901838531E0,-1.894011383E0
1.863338404E1,-3.802243195E0,-8.394543457E0,-3.217109985E0
1.864314904E1,-4.519850922E0,-7.807464294E0,-3.967050476E0
1.865291504E1,-4.845423889E0,-6.832691345E0,-3.013233948E0
1.866268104E1,-4.842879181E0,-6.255791016E0,5.789959717E-1
1.867244604E1,-3.453169098E0,-5.812263336E0,3.781137085E0
1.868224204E1,-2.456691284E0,-5.456902313E0,4.355043640E0
1.869200804E1,-2.934946747E0,-7.150181122E0,3.337010651E0
1.870177404E1,-2.555635529E0,-9.401948547E0,2.335144043E0
1.871153904E1,-1.137783966E0,-1.015069153E1,1.522633667E0
1.872130504E1,-2.486329651E-1,-9.999805298E0,7.373666382E-1
1.873110104E1,1.419049072E-1,-1.075543396E1,-9.985734558E-1
1.874086704E1,2.221380615E-1,-1.187735092E1,-3.779340820E0
1.875063204E1,-3.944297791E-1,-1.166763702E1,-5.900280304E0
1.876039804E1,-2.302960968E0,-1.044632675E1,-5.658533020E0
1.877016304E1,-4.606071625E0,-9.911788330E0,-4.729415131E0
1.877996004E1,-7.090455322E0,-9.829609222E0,-3.690874786E0
1.878972504E1,-8.533005524E0,-8.635242920E0,-1.719474335E0
1.879949104E1,-8.819659424E0,-7.608078918E0,-3.466790771E-1
1.880925837E1,-7.934550018E0,-8.401279449E0,-7.987390137E-1
1.881902437E1,-5.728437653E0,-7.321125641E0,2.261796570E-1
1.882882038E1,-4.378544769E0,-7.010820923E0,-3.147953796E-1
1.883858638E1,-4.700225830E0,-6.725813599E0,2.743794250E-1
1.884835237E1,-6.059249725E0,-8.000562744E0,3.197351074E-1
1.885811737E1,-6.880292358E0,-9.070537720E0,-1.070274353E-1
1.886788338E1,-6.402635651E0,-1.047776138E1,-9.301657104E-1
1.887764837E1,-6.459217987E0,-1.219064941E1,-2.226320343E0
1.888744537E1,-7.673792267E0,-1.317410431E1,-3.066672821E0
1.889721037E1,-8.452922058E0,-1.354548203E1,-4.080813904E0
1.890697638E1,-7.921078033E0,-1.377241013E1,-5.064119110E0
1.891674137E1,-7.166048126E0,-1.386731277E1,-5.191055145E0
1.892650737E1,-6.256988525E0,-1.342483292E1,-4.502337341E0
1.893630337E1,-5.790109406E0,-1.337723190E1,-3.683689728E0
1.894606938E1,-5.344935150E0,-1.425395874E1,-3.416345673E0
1.895583437E1,-4.938679962E0,-1.580473389E1,-3.211272125E0
1.896560037E1,-5.245392151E0,-1.692605209E1,-1.718276825E0
1.897536637E1,-5.247787170E0,-1.658985123E1,2.529739380E-2
1.898513138E1,-4.349205780E0,-1.484388199E1,9.575587463E-1
1.899492737E1,-2.930156708E0,-1.245140717E1,1.875599670E0
1.900469337E1,-2.003433838E0,-1.209350143E1,1.999691620E0
1.901445937E1,-1.618434448E0,-1.283475998E1,2.247576141E0
1.902422438E1,-1.413809967E0,-1.375579468E1,2.799029388E0
1.903399037E1,-7.012916565E-1,-1.469539078E1,3.711382141E0
1.904378637E1,8.071215820E-1,-1.533007095E1,4.368365936E0
1.905355237E1,2.431842957E0,-1.595666794E1,3.910019073E0
1.906331738E1,3.138523407E0,-1.660122757E1,2.699935455E0
1.907308337E1,3.273093567E0,-1.577180237E1,1.489402771E0
1.908287937E1,2.480940857E0,-1.407597885E1,5.882766724E-1
1.909264537E1,7.372169495E-1,-1.186762115E1,-1.919009399E-1
1.910241038E1,-7.696994019E-1,-1.005279510E1,-9.042695618E-1
1.911217637E1,-2.184108124E0,-8.333171082E0,-1.173709259E0
1.912194237E1,-3.584745483E0,-5.574707336E0,-1.654060364E-1
1.913173837E1,-3.976480865E0,-6.437962189E0,-5.560935974E-1
1.914150338E1,-3.258124695E0,-7.215894470E0,-1.750310211E0
1.915126937E1,-3.657045135E0,-7.121740265E0,-1.659149780E0
1.916103537E1,-3.706741791E0,-6.880591736E0,-1.579216003E0
1.917080038E1,-4.071533203E0,-6.465504913E0,-1.541644135E0
1.918059638E1,-4.950205994E0,-5.565576324E0,-1.038839722E0
1.919036237E1,-6.001320190E0,-5.234614563E0,-7.679031372E-1
1.920012837E1,-5.458099823E0,-5.938750305E0,-9.258247375E-1
1.920989338E1,-3.237916718E0,-6.213728485E0,-9.457333374E-1
1.921965938E1,-8.493338013E-1,-5.847739563E0,-2.398013306E-1
1.922945537E1,1.487905884E0,-5.010979614E0,6.863227844E-1
1.923922137E1,2.659519501E0,-3.885470123E0,2.186652832E0
1.924898638E1,2.740201721E0,-2.556982727E0,2.887495422E0
1.925875238E1,2.835703125E0,-1.771416321E0,3.333717499E0
1.926851837E1,3.117117920E0,-1.469344482E0,3.177891541E0
1.927828337E1,3.343746643E0,-1.268761597E0,2.566263428E0
1.928807938E1,3.433559875E0,-3.833528137E-1,1.864073639E0
1.929784538E1,3.547472992E0,2.535726929E-1,1.647324371E0
1.930761137E1,3.610641632E0,8.961863708E-1,1.791175232E0
1.931737637E1,2.924318848E0,7.821235657E-1,1.599873047E0
1.932714237E1,1.976789246E0,1.422042847E-2,1.509910126E0
1.933690738E1,6.948550415E-1,-1.726210327E0,1.102008362E0
1.934670437E1,-8.907975769E-1,-4.835544434E0,-5.569917297E-1
1.935646937E1,-2.775827637E0,-9.867480469E0,-4.849166107E0
1.936623537E1,-2.781366119E0,-1.763527725E1,-1.382929184E1
1.937600038E1,-3.112477570E0,-2.756173508E1,-2.343975677E1
1.938576637E1,-4.939278717E0,-3.805985413E1,-2.789673843E1
1.939553237E1,-2.801125031E0,-2.957474899E1,-2.174123886E1
1.940532837E1,-1.719324646E0,-1.662113617E1,-1.192360474E1
1.941509338E1,1.385668488E0,-9.564061432E0,-7.245981903E0
1.942485937E1,4.428241425E0,-6.257736969E0,-5.336552582E0
1.943462537E1,5.298381958E0,-3.490142212E0,-2.920426941E0
1.944439038E1,4.447700958E0,-2.703078918E0,4.715194702E-1
1.945415638E1,3.681743774E0,-4.145329742E0,8.190966797E-1
1.946395237E1,1.874252472E0,-5.766458588E0,1.799557800E0
1.947371837E1,1.065933380E0,-9.889634399E0,2.462529144E0
1.948348338E1,1.257385254E-1,-1.425186310E1,-1.426982574E0
1.949324938E1,-1.709295502E0,-1.714025665E1,-3.989204407E0
1.950301537E1,-2.508483582E0,-1.808119995E1,-4.420457611E0
1.951278037E1,-1.651066589E0,-1.789034683E1,-4.626129913E0
1.952257638E1,-9.690847778E-1,-1.664299072E1,-3.170556793E0
1.953234238E1,-2.139051819E-1,-1.316721863E1,-1.847907257E0
1.954210837E1,1.484163666E0,-9.398655396E0,-2.645149384E0
1.955187337E1,3.901486816E0,-8.349636841E0,-2.969674530E0
1.956163938E1,4.449646912E0,-7.840395813E0,-1.245410156E0
1.957143538E1,3.542084198E0,-7.046895905E0,4.833448792E-1
1.958120137E1,2.513123932E0,-6.532415771E0,1.385369110E0
1.959096637E1,1.548829193E0,-6.796766052E0,1.875599670E0
1.960073238E1,3.909869385E-1,-7.729476471E0,2.357747040E0
1.961049838E1,-7.788304138E-1,-9.161548462E0,3.115171967E0
1.962026337E1,-1.798959045E0,-1.126033401E1,3.950584717E0
1.963002937E1,-3.002905426E0,-1.278820679E1,4.814438324E0
1.963979438E1,-3.846101990E0,-1.187450684E1,4.518653412E0
1.964959138E1,-4.149071960E0,-1.057311310E1,3.920946350E0
1.965935637E1,-4.297712860E0,-9.565708008E0,2.973117371E0
1.966912237E1,-4.478387146E0,-8.169112244E0,2.513123932E0
1.967888738E1,-4.663851471E0,-7.290289764E0,2.232756958E0
1.968865338E1,-4.495451660E0,-7.393724670E0,1.900298309E0
1.969841937E1,-4.452940063E0,-7.577991486E0,1.333127747E0
1.970821537E1,-4.853956146E0,-8.346044312E0,3.873944092E-1
1.971798038E1,-5.330565033E0,-9.623936920E0,-1.134640503E-1
1.972774638E1,-5.012476501E0,-9.972561951E0,1.730401611E-1
1.973751237E1,-3.927083588E0,-9.124575348E0,5.601351929E-1
1.974727737E1,-2.658621368E0,-8.713230743E0,3.215313721E-1
1.975704338E1,-1.392554169E0,-9.341174927E0,2.043251038E-1
1.976683938E1,-8.098159790E-1,-1.013976425E1,-5.225633240E-1
1.977660537E1,-6.345304871E-1,-1.019889130E1,-1.631906433E0
1.978637037E1,-1.344653778E0,-9.678273926E0,-2.785258026E0
1.979613638E1,-2.074985046E0,-8.912017365E0,-3.965703278E0
1.980589463E1,-2.457140350E0,-8.378377075E0,-5.869893494E0
1.981565962E1,-2.969225464E0,-7.735014954E0,-5.980064392E0
1.982545562E1,-3.202141113E0,-7.692653046E0,-2.624941406E0
1.983522163E1,-2.363285522E0,-7.549999695E0,1.596729584E0
1.984498763E1,-2.054328003E0,-7.551945648E0,2.819237366E0
1.985475262E1,-2.458936615E0,-8.064180450E0,2.649190979E0
1.986451862E1,-2.095492401E0,-8.431666260E0,2.213147736E0
1.987428363E1,-1.709295502E0,-9.206455078E0,2.667902069E0
1.988408063E1,-1.474433899E0,-1.117680771E1,2.001637573E0
1.989384562E1,-9.909393311E-1,-1.141406433E1,-4.031117249E-1
1.990361162E1,-4.260140991E-1,-1.056697586E1,-2.445464630E0
1.991337663E1,-6.236032104E-1,-9.974657593E0,-3.714226227E0
1.992314263E1,-1.795965271E0,-9.565109253E0,-4.288282471E0
1.993293862E1,-3.744912415E0,-9.225465546E0,-3.719165955E0
1.994270462E1,-6.227799225E0,-9.090146942E0,-2.252964935E0
1.995246963E1,-8.453969879E0,-8.726553040E0,-1.156195679E0
1.996223563E1,-9.277407532E0,-8.273894348E0,-8.048762512E-1
1.997200162E1,-8.522227936E0,-8.366851044E0,-9.053173828E-1
1.998179762E1,-6.793622589E0,-8.379275208E0,-8.436456299E-1
1.999156263E1,-5.253774719E0,-8.669222260E0,-9.949809265E-1
2.000132863E1,-4.194577332E0,-7.613916779E0,-1.094523926E0
2.001109462E1,-4.559219055E0,-6.935527496E0,-1.630110168E-1
2.002085962E1,-5.810317383E0,-7.657925262E0,2.709365845E-1
2.003062563E1,-6.510411530E0,-8.545429688E0,-2.577639771E-1
2.004042163E1,-6.129154358E0,-9.782756653E0,-1.249002686E0
2.005018762E1,-5.837860107E0,-1.103909409E1,-2.176923065E0
2.005995262E1,-6.664441223E0,-1.240066269E1,-2.573298798E0
2.006971863E1,-7.926317139E0,-1.299522629E1,-2.912792816E0
2.007948463E1,-8.171956329E0,-1.288310944E1,-3.908971252E0
2.008924962E1,-7.274572449E0,-1.305854462E1,-4.763544159E0
2.009904562E1,-6.884633331E0,-1.386282211E1,-5.147795105E0
2.010881163E1,-6.519243164E0,-1.410112656E1,-4.872816925E0
2.011857763E1,-5.762117615E0,-1.367047211E1,-4.734354858E0
2.012834262E1,-5.672454071E0,-1.378498398E1,-4.959636383E0
2.013810862E1,-6.159541168E0,-1.381447266E1,-3.840413818E0
2.014790463E1,-6.252048798E0,-1.466156113E1,-2.337988129E0
2.015767063E1,-5.833818512E0,-1.510613663E1,-4.921765137E-1
2.016743562E1,-4.772675171E0,-1.473401047E1,1.095871124E0
2.017720162E1,-3.992946625E0,-1.379501312E1,3.113226013E0
2.018696763E1,-3.383563843E0,-1.421982971E1,4.463268585E0
2.019676363E1,-2.277513885E0,-1.528800842E1,5.276078339E0
2.020652862E1,-6.261479187E-1,-1.624062744E1,5.857169952E0
2.021629462E1,1.315614166E0,-1.678429688E1,6.265520782E0
2.022606063E1,3.137026520E0,-1.676064606E1,5.735023956E0
2.023582563E1,3.992647247E0,-1.570099960E1,4.066593475E0
2.024559162E1,3.878734131E0,-1.457504105E1,2.433040466E0
2.025538762E1,3.005150757E0,-1.317215836E1,5.354365540E-1
2.026515363E1,2.050885162E0,-1.128024261E1,-2.908451843E-1
2.027491863E1,1.047072601E0,-1.015218842E1,-1.068627777E0
2.028468462E1,3.532653809E-2,-9.584868164E0,-1.789977722E0
2.029444962E1,-1.303938446E0,-8.445737000E0,-1.822460175E0
2.030424663E1,-3.043471069E0,-6.676566010E0,-2.239642639E0
2.031401163E1,-4.060755615E0,-6.863976288E0,-1.145268402E0
2.032377762E1,-3.828887787E0,-7.026238861E0,-1.007105713E0
2.033354262E1,-3.268902283E0,-7.047644348E0,-2.221979370E0
2.034330863E1,-4.184099121E0,-7.100035400E0,-2.096390533E0
2.035307463E1,-4.315825195E0,-6.566095734E0,-1.374292145E0
2.036287062E1,-5.220094757E0,-6.270310822E0,-1.253493347E0
2.037263562E1,-5.022655334E0,-5.831573181E0,-1.440454559E0
2.038240163E1,-6.164331207E0,-6.095923462E0,-1.277742920E0
2.039216763E1,-5.116061096E0,-6.910529480E0,-5.694158936E-1
2.040193262E1,-2.207309875E0,-5.900429993E0,2.677931213E-1
2.041169862E1,2.421963501E-1,-4.857997742E0,1.685944061E0
2.042149463E1,1.538800049E0,-4.675676880E0,2.673739929E0
2.043126063E1,2.290536804E0,-3.864813080E0,3.387006683E0
2.044102562E1,2.731819153E0,-3.097957764E0,3.219954071E0
2.045079162E1,3.335214386E0,-2.337389374E0,3.212319946E0
2.046055763E1,4.183350677E0,-1.590143280E0,2.674338684E0
2.047032263E1,4.745581512E0,-9.830058289E-1,2.069446564E0
2.048011862E1,4.103267212E0,-6.777905273E-1,1.266516266E0
2.048988462E1,2.802771606E0,-6.773414612E-1,5.457650757E-1
2.049965063E1,1.270258484E0,-7.911048889E-1,2.013313293E-1
2.050941563E1,-1.257385254E-2,-1.460213470E0,-1.347198486E-2
2.051918162E1,-1.233584747E0,-3.286415863E0,-9.981243896E-1
2.052897762E1,-2.064656525E0,-6.907685394E0,-2.654130707E0
2.053874363E1,-2.133513336E0,-1.217627930E1,-6.474336548E0
2.054850863E1,-1.612596588E0,-1.869866592E1,-1.306483154E1
2.055827462E1,-2.868185577E0,-2.486958344E1,-1.968855743E1
2.056804062E1,-4.694687347E0,-2.523227921E1,-2.012055908E1
2.057783663E1,-2.961291962E0,-1.938947937E1,-1.561358139E1
2.058760163E1,5.149291992E-2,-1.498728378E1,-1.127320724E1
2.059736762E1,2.734962616E0,-1.035845947E1,-8.040978699E0
2.060713362E1,4.505331116E0,-6.781797180E0,-5.588029633E0
2.061689863E1,6.440357208E0,-3.978277130E0,-1.876048737E0
2.062666463E1,7.112908630E0,-5.072351990E0,5.544470215E-1
2.063642962E1,4.389172668E0,-8.604107666E0,2.288740540E-1
2.064622662E1,2.872376862E0,-1.063253952E1,7.623646545E-1
2.065599163E1,1.321601715E0,-1.226998444E1,2.065704346E-2
2.066575763E1,2.228865051E-1,-1.494776596E1,-2.691253510E0
2.067552262E1,-8.452922058E-1,-1.799213516E1,-5.416037292E0
2.068528862E1,-2.318827972E0,-1.992386810E1,-6.573879547E0
2.069508463E1,-3.270099792E0,-1.991623398E1,-5.291496277E0
2.070485063E1,-3.769611053E0,-1.764874924E1,-3.467688904E0
2.071461562E1,-1.804198151E0,-1.323128540E1,-1.069076843E0
2.072438162E1,1.487007751E0,-9.548643494E0,-9.774673462E-1
2.073414763E1,4.209695892E0,-7.779322815E0,-6.706054688E-1
2.074391263E1,4.898264008E0,-6.788233795E0,7.640112305E-1
2.075367862E1,4.363575897E0,-6.391858063E0,1.761836243E0
2.076347462E1,3.585344238E0,-6.326294403E0,2.046095123E0
2.077324063E1,2.629132690E0,-6.284980316E0,2.069296875E0
2.078300563E1,1.233285370E0,-6.988666992E0,2.035616913E0
2.079277162E1,-7.559280396E-2,-8.351433105E0,2.205214233E0
2.080252967E1,-1.448238373E0,-9.929152222E0,2.357896729E0
2.081229467E1,-3.049757996E0,-1.121063736E1,2.648891602E0
2.082206067E1,-4.219725037E0,-1.091066116E1,2.858455811E0
2.083185667E1,-5.222789154E0,-9.861642609E0,3.334615631E0
2.084162267E1,-5.838608551E0,-8.300988007E0,3.535946960E0
2.085138767E1,-6.313870239E0,-6.826254730E0,3.408711548E0
2.086115367E1,-6.375691681E0,-6.366261292E0,3.171604614E0
2.087091967E1,-6.124364319E0,-6.586004333E0,3.115022278E0
2.088071567E1,-5.978717194E0,-7.967930603E0,2.400707703E0
2.089048067E1,-5.857918396E0,-9.623338165E0,1.207389221E0
2.090024667E1,-5.348527679E0,-1.013647110E1,2.642005920E-1
2.091001267E1,-4.957241364E0,-9.897867279E0,-8.412506104E-2
2.091977767E1,-3.747157745E0,-9.489666138E0,-4.767585754E-1
2.092957367E1,-2.286195831E0,-9.638905792E0,-7.828720093E-1
2.093933967E1,-1.862277374E0,-9.856403503E0,-1.892514496E0
2.094910567E1,-2.088906097E0,-9.954748993E0,-3.964505768E0
2.095887067E1,-2.053130493E0,-1.025697052E1,-6.097420349E0
2.096863667E1,-1.178499298E0,-1.115180969E1,-1.016371445E1
2.097843267E1,-8.006849670E-1,-1.227567261E1,-9.283694458E0
2.098819867E1,-9.478289795E-1,-1.066172882E1,-4.638554077E0
2.099796367E1,-1.985920258E0,-8.501271515E0,2.032772827E-1
2.100772967E1,-2.396815796E0,-7.430248718E0,3.576961670E0
2.101749467E1,-2.115550690E0,-6.682104492E0,3.602708130E0
2.102729167E1,-2.470312958E0,-6.502627716E0,2.297123108E0
2.103705667E1,-2.278112640E0,-6.760541382E0,1.920057220E0
2.104682267E1,-1.604064331E0,-7.261549530E0,2.483934631E0
2.105658767E1,-1.571432190E0,-8.160879364E0,3.206931152E0
2.106635367E1,-1.954785004E0,-9.824370117E0,2.683769073E0
2.107611967E1,-2.030078430E0,-1.015623001E1,1.161285095E0
2.108591567E1,-1.300794983E0,-9.805359650E0,-9.924362183E-1
2.109568067E1,-1.186582489E0,-9.968220978E0,-3.130889282E0
2.110544667E1,-2.307301941E0,-1.044138702E1,-4.595743103E0
2.111521267E1,-4.347259827E0,-1.079854431E1,-4.632716217E0
2.112497767E1,-7.084467773E0,-1.077085190E1,-3.613934784E0
2.113477367E1,-9.328601074E0,-9.857750702E0,-2.897075500E0
2.114453967E1,-9.762548676E0,-8.431965637E0,-2.557132416E0
2.115430567E1,-7.898624725E0,-7.845335541E0,-2.329605560E0
2.116407067E1,-5.115761719E0,-7.194189606E0,-1.143472137E0
2.117383667E1,-3.929328918E0,-8.199648743E0,-9.160949707E-1
2.118360267E1,-3.554208984E0,-7.986042938E0,-3.239263916E-1
2.119339867E1,-4.310885468E0,-7.185208282E0,3.719764709E-1
2.120316367E1,-5.912105713E0,-7.587122498E0,5.066963196E-1
2.121292967E1,-6.921307068E0,-8.206384735E0,2.754272461E-1
2.122269567E1,-6.951095123E0,-9.120384064E0,-4.574487305E-1
2.123246067E1,-6.403084717E0,-1.085871918E1,-1.867366791E0
2.124225667E1,-6.852599945E0,-1.269914200E1,-2.498604126E0
2.125202267E1,-8.077652435E0,-1.351359833E1,-2.326312408E0
2.126178867E1,-8.004754028E0,-1.417133057E1,-2.770289154E0
2.127155367E1,-6.707401886E0,-1.456546097E1,-3.532953186E0
2.128131967E1,-5.534291382E0,-1.455722809E1,-3.688180389E0
2.129108567E1,-4.800666962E0,-1.436293213E1,-3.166964264E0
2.130088167E1,-4.054468689E0,-1.427566360E1,-3.247496796E0
2.131064667E1,-3.908522186E0,-1.480241821E1,-3.460952911E0
2.132041267E1,-4.271667023E0,-1.514086441E1,-3.070265350E0
2.133017867E1,-4.521347809E0,-1.522079819E1,-2.409838715E0
2.133994367E1,-4.513264618E0,-1.562121552E1,-2.100881195E0
2.134973967E1,-4.313130798E0,-1.463476685E1,-8.864566040E-1
2.135950567E1,-3.817511444E0,-1.282338364E1,1.277293854E0
2.136927167E1,-3.441493378E0,-1.278326706E1,2.953358459E0
2.137903667E1,-2.730172577E0,-1.417507278E1,3.695964203E0
2.138880267E1,-1.226998444E0,-1.557481201E1,4.259991302E0
2.139859867E1,1.097068634E0,-1.645692764E1,5.153034210E0
2.140836467E1,3.315305786E0,-1.700987778E1,5.008883972E0
2.141812967E1,4.411326599E0,-1.674058777E1,3.885619812E0
2.142789567E1,4.383035431E0,-1.520702682E1,1.981878662E0
2.143766067E1,2.434088287E0,-1.278670990E1,4.689747620E-1
2.144742667E1,5.448669434E-1,-1.091949280E1,1.532812500E-1
2.145722267E1,-6.125262451E-1,-9.823471985E0,-9.888436890E-1
2.146698867E1,-1.478774872E0,-8.688981171E0,-1.584904175E0
2.147675367E1,-2.889441376E0,-7.033124542E0,-1.586251373E0
2.148651967E1,-4.419559479E0,-5.591921539E0,-1.955832825E0
2.149628567E1,-5.816304932E0,-6.380332031E0,-2.086511078E0
2.150608167E1,-5.120851135E0,-6.778204651E0,-2.123484192E0
2.151584667E1,-3.629352722E0,-6.409072266E0,-2.343676300E0
2.152561267E1,-3.230881348E0,-5.593268738E0,-1.597178650E0
2.153537867E1,-4.093836823E0,-4.699477386E0,-2.903961182E-1
2.154514367E1,-4.377496948E0,-4.812492371E0,-4.287084961E-1
2.155494067E1,-3.095413055E0,-4.971012726E0,-9.547146606E-1
2.156470567E1,-1.272503815E0,-5.289849701E0,-4.685256958E-1
2.157447167E1,1.645079041E-1,-5.434898071E0,5.478607178E-2
2.158423667E1,8.078700256E-1,-4.653972015E0,1.037642212E0
2.159400267E1,1.438508606E-1,-4.096531219E0,1.712738342E0
2.160379867E1,-1.571731567E-2,-3.414399719E0,2.913092194E0
2.161356467E1,4.275109863E-1,-2.547252960E0,3.247347107E0
2.162332967E1,2.069745941E0,-2.035916290E0,3.704047394E0
2.163309567E1,3.478765869E0,-1.034498749E0,3.713477783E0
2.164286167E1,3.670068054E0,-2.510279846E-1,3.376977539E0
2.165265767E1,3.190166016E0,2.832110596E-1,2.893333282E0
2.166242267E1,2.148332520E0,5.677693176E-1,1.866019592E0
2.167218867E1,1.081351318E0,2.766247559E-1,6.101312256E-1
2.168195467E1,-2.637515259E-1,-1.051862640E0,-6.273454285E-1
2.169171967E1,-2.010169830E0,-3.985462189E0,-2.084116058E0
2.170148567E1,-2.596650238E0,-9.070986786E0,-5.901627502E0
2.171128167E1,-3.514691162E-1,-1.779873734E1,-1.444091995E1
2.172104767E1,-1.276844788E-1,-2.750455399E1,-2.407338913E1
2.173081267E1,-3.149899750E0,-2.907089676E1,-2.343302078E1
2.174057867E1,-2.041604462E0,-2.245151184E1,-1.780667084E1
2.175034467E1,-1.685494995E-1,-1.653611298E1,-1.049332901E1
2.176014067E1,2.279459839E0,-1.127709915E1,-6.556515656E0
2.176990567E1,4.157454529E0,-8.661288757E0,-4.682263184E0
2.177967167E1,5.530848541E0,-6.875053253E0,-2.443668365E0
2.178943767E1,6.432423706E0,-8.289911041E0,-2.064207458E-1
2.179920267E1,3.515738983E0,-1.209769272E1,-5.730084229E-1
2.180899054E1,8.921447754E-1,-1.473610611E1,8.192463684E-1
2.181875654E1,2.769241333E-2,-1.772988052E1,-5.215155029E-1
2.182852254E1,-9.388476562E-1,-1.981639160E1,-3.973786469E0
2.183828754E1,-2.610421600E0,-1.899489990E1,-5.702691193E0
2.184805354E1,-3.222947845E0,-1.612910934E1,-4.031117249E0
2.185784954E1,-1.351838837E0,-1.136167328E1,-1.713037720E0
2.186761554E1,1.365610199E0,-7.835755463E0,-1.428030396E-1
2.187738054E1,2.480042725E0,-6.726262665E0,-4.610412598E-2
2.188714654E1,2.961441650E0,-6.647676086E0,6.833290100E-1
2.189694254E1,3.072360992E0,-6.150110779E0,1.436113586E0
2.190670854E1,2.655777283E0,-5.367987213E0,2.176024933E0
2.191647354E1,1.861079865E0,-5.158872070E0,2.096390533E0
2.192623954E1,1.140777740E0,-5.765410767E0,1.859283600E0
2.193600554E1,6.746470642E-1,-7.054679718E0,1.966011658E0
2.194580154E1,5.837860107E-2,-8.402177582E0,2.405647430E0
2.195556654E1,-5.270539856E-1,-9.452693024E0,2.343526611E0
2.196533254E1,-9.566606140E-1,-9.949060822E0,2.717299347E0
2.197509854E1,-1.527124329E0,-1.038106247E1,3.201392670E0
2.198486354E1,-2.333048401E0,-1.121408020E1,3.518134003E0
2.199465954E1,-3.246898041E0,-1.179038177E1,3.603905640E0
2.200442554E1,-4.492607574E0,-1.137245087E1,2.905607758E0
2.201419154E1,-5.229674835E0,-1.033316208E1,2.825524292E0
2.202395654E1,-6.328390045E0,-9.978998566E0,2.659519501E0
2.203372254E1,-6.766528931E0,-9.861043854E0,2.546055450E0
2.204351854E1,-7.055577850E0,-9.591604156E0,1.957778778E0
2.205328454E1,-6.555467834E0,-9.117689667E0,3.908372498E-1
2.206304954E1,-6.682104492E0,-8.537645874E0,-4.372407532E-1
2.207281554E1,-5.859564972E0,-7.974516907E0,-7.560777283E-1
2.208261154E1,-3.151696014E0,-7.679630127E0,-6.713539124E-1
2.209237754E1,-2.288890228E0,-8.297844543E0,-6.671626282E-1
2.210214254E1,-2.342628479E0,-8.924890594E0,-1.093027039E0
2.211190854E1,-2.287992096E0,-9.232351227E0,-2.208507385E0
2.212170454E1,-1.902693329E0,-9.448352051E0,-4.087699585E0
2.213147054E1,-8.918453979E-1,-1.024005569E1,-7.928712158E0
2.214123554E1,-8.006849670E-1,-1.077923447E1,-7.155420227E0
2.215100154E1,-1.603315887E0,-9.658515015E0,-2.613864441E0
2.216076654E1,-1.732497253E0,-9.136400757E0,1.060993652E0
2.217053254E1,-1.755848694E0,-7.939340057E0,1.863325195E0
2.218032854E1,-2.252366180E0,-7.258705444E0,1.912423096E0
2.219009454E1,-2.836900635E0,-7.500452728E0,2.044897614E0
2.219985954E1,-3.084785156E0,-7.986941071E0,2.321672058E0
2.220962554E1,-2.591411133E0,-8.340505829E0,2.762056274E0
2.221942154E1,-2.667003937E0,-9.348958740E0,2.590063934E0
2.222918754E1,-2.679577789E0,-1.035905823E1,6.670129395E-1
2.223895354E1,-2.181264038E0,-1.017089951E1,-2.191442871E0
2.224871854E1,-2.108066254E0,-9.560319214E0,-4.524640961E0
2.225848454E1,-3.411106567E0,-9.272617493E0,-4.776118011E0
2.226828054E1,-5.857469330E0,-9.622290344E0,-3.748804321E0
2.227804654E1,-8.191864929E0,-9.758656769E0,-3.017275543E0
2.228781154E1,-9.113797760E0,-9.298214264E0,-2.222578125E0
2.229757754E1,-9.055868225E0,-8.646918640E0,-2.011666718E0
2.230734254E1,-8.266110535E0,-7.978408813E0,-1.754501495E0
2.231710854E1,-7.170239410E0,-7.413184204E0,-1.500629425E0
2.232690454E1,-5.720803528E0,-7.414531403E0,-1.059197388E0
2.233667054E1,-4.770729218E0,-7.026987305E0,-1.384620667E-1
2.234643554E1,-5.396877136E0,-7.168592834E0,8.526269531E-1
2.235620154E1,-6.636299744E0,-7.644153900E0,8.901988220E-1
2.236599754E1,-6.977140961E0,-8.033643951E0,3.049159241E-1
2.237576354E1,-6.667285309E0,-9.157057800E0,-8.330177307E-1
2.238552854E1,-6.770420837E0,-1.067340454E1,-2.171534271E0
2.239529454E1,-7.549400940E0,-1.224274109E1,-3.006048889E0
2.240506054E1,-8.260572052E0,-1.332484085E1,-3.650608521E0
2.241485654E1,-7.815547485E0,-1.407972107E1,-4.411027222E0
2.242462154E1,-7.159761200E0,-1.463820969E1,-4.871769104E0
2.243438754E1,-6.801406403E0,-1.473071732E1,-4.646188202E0
2.244415354E1,-6.071075134E0,-1.417656967E1,-4.254602509E0
2.245391854E1,-5.511089630E0,-1.405083115E1,-4.111649780E0
2.246371454E1,-5.932613068E0,-1.462309113E1,-3.721411285E0
2.247348054E1,-6.485862579E0,-1.515283951E1,-2.900368652E0
2.248324654E1,-6.407425690E0,-1.576551544E1,-2.167342987E0
2.249301154E1,-5.563480682E0,-1.484268448E1,-5.474116516E-1
2.250277754E1,-4.527035980E0,-1.336510712E1,1.895208893E0
2.251254354E1,-4.008514252E0,-1.380638947E1,3.321742401E0
2.252233954E1,-3.315754852E0,-1.516466492E1,4.353846130E0
2.253210454E1,-1.808389435E0,-1.640139313E1,5.129233704E0
2.254187054E1,4.291575623E-1,-1.762494873E1,5.779331818E0
2.255163654E1,2.695744171E0,-1.799632645E1,5.957311707E0
2.256140154E1,3.664828949E0,-1.744936386E1,4.691394196E0
2.257119754E1,2.552342377E0,-1.573438019E1,2.260748749E0
2.258096354E1,7.714956665E-1,-1.358978989E1,7.939489746E-1
2.259072954E1,-7.364685059E-2,-1.200024536E1,9.265731812E-2
2.260049454E1,-8.641529846E-1,-1.088730972E1,-3.324586487E-1
2.261026054E1,-1.993704071E0,-9.558073883E0,-5.617817688E-1
2.262005654E1,-5.115162964E0,-5.821843414E0,6.999444580E-1
2.262982254E1,-5.704487457E0,-5.621709595E0,3.608995056E-1
2.263958754E1,-3.185226288E0,-7.012018433E0,-2.489622803E0
2.264935354E1,-2.618504791E0,-6.507268066E0,-2.708916779E0
2.265914954E1,-3.331771545E0,-6.186185760E0,-1.786085815E0
2.266891554E1,-3.312910767E0,-5.931714935E0,-2.165995789E0
2.267868054E1,-4.184398499E0,-5.155429230E0,-1.464853821E0
2.268844654E1,-5.303621063E0,-5.323230286E0,-1.433568878E0
2.269824254E1,-6.347999268E0,-5.589676208E0,-1.615440674E0
2.270800854E1,-5.899831238E0,-5.772146759E0,-1.324445801E0
2.271777354E1,-3.839964752E0,-6.060596924E0,-9.663903809E-1
2.272753954E1,-1.358574829E0,-5.621260529E0,1.859133911E-1
2.273733554E1,1.206790466E0,-5.155429230E0,2.037862244E0
2.274710154E1,2.883304138E0,-4.114793243E0,3.589086456E0
2.275686654E1,3.456611938E0,-2.940185852E0,4.398603058E0
2.276663254E1,3.886068878E0,-2.225272522E0,4.239483948E0
2.277642854E1,4.505331116E0,-1.560205536E0,3.579656067E0
2.278619454E1,4.752467194E0,-9.948312378E-1,3.001258850E0
2.279595954E1,4.374952240E0,-4.781057739E-1,2.538870392E0
2.280569513E1,3.488944702E0,4.340972900E-2,2.359992371E0
2.281546112E1,2.248324585E0,2.197430420E-1,1.955234070E0
2.282525712E1,9.886940002E-1,-2.784210205E-2,1.457818451E0
2.283502213E1,-7.993377686E-2,-9.577084351E-1,5.496569824E-1
2.284478813E1,-1.181642761E0,-3.036735077E0,-6.396199036E-1
2.285455412E1,-1.929936676E0,-7.255711670E0,-3.250789948E0
2.286435012E1,-1.475182343E0,-1.375399841E1,-9.302854614E0
2.287411513E1,-1.544937286E0,-2.197220856E1,-1.807700867E1
2.288388113E1,-3.856280823E0,-3.103421402E1,-2.492047760E1
2.289364712E1,-5.443580017E0,-2.777504150E1,-2.140907959E1
2.290341212E1,-3.701053619E0,-1.726973740E1,-1.328337708E1
2.291320813E1,-2.523751831E-1,-1.108444977E1,-9.059161377E0
2.292297413E1,2.437082062E0,-7.807464294E0,-7.138206024E0
2.293274012E1,4.015848999E0,-5.704337769E0,-5.263803864E0
2.294250512E1,4.397854614E0,-4.258045349E0,-2.800675964E0
2.295230113E1,5.011278992E0,-3.599564667E0,1.503174133E0
2.296206713E1,2.871329041E0,-7.540569305E0,1.424288177E0
2.297183312E1,-7.258406067E-1,-1.191956314E1,1.027613068E0
2.298159812E1,-1.691632233E0,-1.471904160E1,-3.832031250E-1
2.299139413E1,-1.138831787E0,-1.728994537E1,-4.071383514E0
2.300116013E1,-1.530417480E0,-1.868549332E1,-6.386918335E0
2.301092612E1,-2.797682190E0,-1.799662582E1,-5.183271332E0
2.302069112E1,-2.883902893E0,-1.611578705E1,-2.690954132E0
2.303045713E1,-1.924098816E0,-1.295091843E1,-1.072220306E0
2.304025313E1,1.676513672E-2,-1.025233017E1,-1.078058167E0
2.305001912E1,2.655178528E0,-9.732311554E0,-1.950893097E0
2.305978412E1,4.671784973E0,-1.013677048E1,-1.452729034E0
2.306955013E1,4.528083801E0,-9.203461304E0,3.827540588E-1
2.307934613E1,3.148253174E0,-7.800578613E0,1.448986816E0
2.308911212E1,1.878593445E0,-8.026907959E0,2.440973969E0
2.309887712E1,7.749385071E-1,-8.923094330E0,2.212848358E0
2.310864313E1,-2.354603577E-1,-1.038196060E1,2.109413452E0
2.311840913E1,-1.722019043E0,-1.169592819E1,2.380050659E0
2.312820512E1,-3.274440765E0,-1.147513733E1,2.299967194E0
2.313797012E1,-4.463118896E0,-9.265731812E0,2.461032257E0
2.314773613E1,-4.502487030E0,-7.533833313E0,3.246748352E0
2.315750213E1,-4.552183685E0,-6.420598297E0,4.011807404E0
2.316726712E1,-5.222489777E0,-5.631439362E0,4.413122864E0
2.317706312E1,-5.882317657E0,-5.512287140E0,5.034630432E0
2.318682913E1,-6.251000977E0,-6.239624634E0,4.899311829E0
2.319659513E1,-5.900429993E0,-7.252119141E0,3.533701630E0
2.320636012E1,-6.240073700E0,-8.929381256E0,1.809137878E0
2.321612612E1,-6.399342499E0,-9.728569336E0,1.833686829E-1
2.322592213E1,-6.153403931E0,-9.963131561E0,-1.242416382E-2
2.323568813E1,-5.171745300E0,-1.002270767E1,-5.539979553E-1
2.324545312E1,-4.068240051E0,-9.889784088E0,-1.359772339E0
2.325521912E1,-2.940634918E0,-9.840237122E0,-2.920876007E0
2.326498513E1,-2.813998260E0,-1.007075775E1,-4.401297455E0
2.327478113E1,-3.166964264E0,-1.023257126E1,-5.115761719E0
2.328454612E1,-2.757415924E0,-9.960736542E0,-7.764952698E0
2.329431212E1,-1.876048737E0,-1.017763550E1,-9.259444885E0
2.330407813E1,-1.228794708E0,-1.007674530E1,-6.277495880E0
2.331384313E1,-1.291663971E0,-8.179889832E0,-1.960772552E0
2.332363912E1,-2.556084595E0,-7.278614044E0,1.934127960E0
2.333340512E1,-3.242706757E0,-7.137607269E0,2.766546936E0
2.334317113E1,-3.681145020E0,-7.203320618E0,1.302441559E0
2.335293613E1,-3.840114441E0,-6.759643250E0,1.127904510E0
2.336270212E1,-4.285887451E0,-6.564449158E0,2.741848297E0
2.337249812E1,-4.135749664E0,-7.720345459E0,3.435954895E0
2.338226413E1,-3.708388367E0,-9.452992401E0,2.668500824E0
2.339202913E1,-2.679128723E0,-1.080453186E1,1.216669922E0
2.340179512E1,-1.079555054E0,-1.048120422E1,-9.909393311E-1
2.341159112E1,1.754351807E-1,-1.078058167E1,-3.608096924E0
2.342135713E1,-2.245330811E-2,-1.100765945E1,-5.600603485E0
2.343112213E1,-1.846560059E0,-1.032597702E1,-5.215304718E0
2.344088812E1,-4.777914276E0,-9.316326599E0,-3.443888397E0
2.345065312E1,-7.837402039E0,-8.303383026E0,-1.961970062E0
2.346045013E1,-9.459429016E0,-8.393345947E0,-1.952389984E0
2.347021513E1,-9.261989594E0,-8.233777771E0,-1.217568054E0
2.347998112E1,-7.871680756E0,-7.464976501E0,-8.322692871E-1
2.348974612E1,-6.113437042E0,-7.568860474E0,-4.739144897E-1
2.349951213E1,-5.019362183E0,-7.220085754E0,2.359094238E-1
2.350930813E1,-5.588628387E0,-6.393953705E0,1.245709534E0
2.351907412E1,-6.647526398E0,-6.855593719E0,1.137634277E0
2.352883912E1,-6.788233795E0,-8.091423798E0,2.902464294E-1
2.353860513E1,-6.305038605E0,-9.343719635E0,-1.109492798E0
2.354837113E1,-6.783144379E0,-1.100376755E1,-2.134860535E0
2.355816712E1,-8.009095001E0,-1.236234238E1,-2.548300781E0
2.356793312E1,-8.679101715E0,-1.286619461E1,-2.946921844E0
2.357769813E1,-8.051606598E0,-1.338381821E1,-3.482657776E0
2.358746413E1,-6.893914032E0,-1.365176102E1,-3.857927399E0
2.359722912E1,-6.827452240E0,-1.377555359E1,-3.941603394E0
2.360702612E1,-6.527326355E0,-1.332873276E1,-4.219126282E0
2.361679113E1,-6.260281677E0,-1.331705704E1,-4.581223297E0
2.362655713E1,-6.460265808E0,-1.391266846E1,-4.443210297E0
2.363632212E1,-6.289021912E0,-1.426653259E1,-2.961890717E0
2.364608812E1,-6.087391205E0,-1.505793686E1,-1.553768921E0
2.365588413E1,-5.618416443E0,-1.489582397E1,-2.574645996E-1
2.366565013E1,-4.512516174E0,-1.340701996E1,1.750459900E0
2.367541512E1,-3.856131134E0,-1.344069992E1,3.204236755E0
2.368518112E1,-3.284918976E0,-1.462593521E1,4.347858582E0
2.369494713E1,-2.047592010E0,-1.584799393E1,5.465135193E0
2.370474313E1,-6.795867920E-2,-1.671169785E1,6.259084167E0
2.371450812E1,2.115401001E0,-1.681573151E1,5.984255676E0
2.372427412E1,3.239712982E0,-1.689132431E1,4.832850037E0
2.373404013E1,3.473227386E0,-1.597268463E1,2.676434326E0
2.374383613E1,2.977009277E0,-1.431563049E1,2.995271301E-1
2.375360112E1,1.502425690E0,-1.247326172E1,-7.661068726E-1
2.376336712E1,-2.905458069E-1,-1.022628433E1,-7.406597900E-1
2.377313313E1,-1.558109894E0,-9.430090027E0,-1.647623749E0
2.378292913E1,-2.468067627E0,-9.255103912E0,-2.248474274E0
2.379269412E1,-2.808908844E0,-8.005652161E0,-2.329755249E0
2.380246012E1,-3.622916107E0,-6.377637634E0,-1.166823578E0
2.381224400E1,-3.880530396E0,-5.879473572E0,-1.007255402E0
2.382204000E1,-3.611090698E0,-7.010671234E0,-2.376458130E0
2.383180500E1,-4.141437836E0,-6.833290100E0,-1.883533173E0
2.384157100E1,-4.254452820E0,-6.363716583E0,-1.179098053E0
2.385133700E1,-4.287833405E0,-5.760620728E0,-1.032253418E0
2.386110200E1,-5.193001099E0,-5.177433472E0,-4.564009094E-1
2.387089900E1,-5.452112274E0,-4.860093384E0,-2.076182556E-1
2.388066400E1,-4.059408417E0,-5.261259155E0,5.837860107E-3
2.389043000E1,-1.859732666E0,-5.561235352E0,3.722758484E-1
2.390019500E1,7.185058594E-3,-6.146069183E0,1.080902252E0
2.390996100E1,1.377435608E0,-5.266947327E0,1.839824066E0
2.391972700E1,2.092498627E0,-4.083358612E0,2.519560547E0
2.392952300E1,2.390229492E0,-3.056793365E0,3.278632050E0
2.393928800E1,3.582500153E0,-2.412233734E0,3.629352722E0
2.394905400E1,4.319866791E0,-1.454375610E0,2.965483246E0
2.395882000E1,4.981191559E0,-1.148262177E0,2.074685669E0
2.396858500E1,4.661306763E0,-7.647596741E-1,1.887574768E0
2.397838100E1,3.478466492E0,-2.956352234E-1,1.630409546E0
2.398814700E1,2.210153961E0,-2.047741699E-1,1.092428284E0
2.399791300E1,9.966275024E-1,-7.749385071E-1,2.713856506E-1
2.400767800E1,-4.580474854E-2,-2.601140900E0,-1.013392639E0
2.401747400E1,-1.844614105E0,-6.220165100E0,-2.870730286E0
2.402724000E1,-2.384092255E0,-1.265678009E1,-8.141270142E0
2.403700600E1,-2.041005707E0,-2.056917618E1,-1.706675949E1
2.404677100E1,-4.050127716E0,-2.890878387E1,-2.447320770E1
2.405653700E1,-5.335355072E0,-2.650328613E1,-2.145293839E1
2.406633300E1,-3.644920349E0,-1.804961563E1,-1.558543991E1
2.407609900E1,-8.250842285E-1,-1.169937103E1,-9.384884033E0
2.408586400E1,1.911225586E0,-8.020621033E0,-6.678661652E0
2.409563000E1,4.535268860E0,-6.839726715E0,-4.723427582E0
2.410539600E1,5.491929474E0,-5.746400299E0,-7.855664063E-1
2.411519200E1,6.117927704E0,-8.680897980E0,7.375163269E-1
2.412495700E1,2.153122559E0,-1.278072235E1,-2.655477905E-1
2.413472300E1,-4.791535950E-1,-1.575129501E1,-2.347119141E-1
2.414448900E1,-9.936337280E-1,-1.724054810E1,-1.127455444E0
2.415425400E1,-1.623074799E0,-1.771326508E1,-3.055595856E0
2.416402000E1,-2.098785553E0,-1.784469177E1,-3.401077423E0
2.417381600E1,-2.415377197E0,-1.723665619E1,-2.952610016E0
2.418358200E1,-2.083217926E0,-1.436906937E1,-1.804946594E0
2.419334700E1,-8.116122437E-1,-9.780511322E0,-8.340655518E-1
2.420311300E1,5.066963196E-1,-6.482120361E0,-1.020577698E0
2.421290900E1,2.061363373E0,-6.172863464E0,-3.948788452E-1
2.422267500E1,2.639760590E0,-6.413413239E0,8.201445007E-1
2.423244000E1,2.323468323E0,-6.090684357E0,1.545835419E0
2.424220600E1,1.835632782E0,-5.964796143E0,1.845961304E0
2.425197200E1,1.515298920E0,-6.162984009E0,1.770518188E0
2.426176800E1,9.556127930E-1,-7.022346954E0,2.099833374E0
2.427153300E1,-1.315763855E-1,-7.883057098E0,2.662064209E0
2.428129900E1,-1.290765839E0,-9.087302856E0,2.771486664E0
2.429106500E1,-2.209405518E0,-9.949958954E0,2.856958923E0
2.430083000E1,-2.997366943E0,-1.009695328E1,3.295846252E0
2.431062600E1,-3.479065247E0,-1.007390121E1,4.090543671E0
2.432039200E1,-4.040547638E0,-9.854756927E0,4.614454193E0
2.433015800E1,-4.364773407E0,-9.600735168E0,4.727169800E0
2.433992300E1,-4.966372375E0,-9.801467743E0,3.929628296E0
2.434968900E1,-5.822741547E0,-9.766290894E0,3.166215820E0
2.435948500E1,-6.440656586E0,-9.986782379E0,2.322719879E0
2.436925100E1,-6.623276825E0,-9.920619965E0,8.328680420E-1
2.437901600E1,-6.396498413E0,-9.381441193E0,1.142124939E-1
2.438878200E1,-6.683002625E0,-8.739126892E0,-1.823208618E-1
2.439854700E1,-6.516249390E0,-8.495433655E0,-9.267228699E-1
2.440834400E1,-4.959187317E0,-8.406518555E0,-1.692680054E0
2.441810900E1,-3.594624939E0,-8.805438995E0,-3.557352448E0
2.442787500E1,-2.912343750E0,-9.099277954E0,-3.935615845E0
2.443764000E1,-3.020119629E0,-8.856183472E0,-3.776047668E0
2.444740600E1,-2.783910828E0,-8.783734131E0,-3.995191956E0
2.445720200E1,-2.518363037E0,-8.447233887E0,-4.861889648E0
2.446696800E1,-3.079695740E0,-7.545209656E0,-4.693789215E0
2.447673300E1,-3.576961670E0,-6.831643524E0,-1.359922028E0
2.448649900E1,-3.563938751E0,-7.054679718E0,2.115850067E0
2.449626500E1,-3.506458282E0,-8.080346832E0,3.220702515E0
2.450606100E1,-3.314108276E0,-8.446036377E0,2.691253510E0
2.451582600E1,-2.791544952E0,-7.870782623E0,2.344574432E0
2.452559200E1,-2.936144257E0,-7.442972260E0,2.893033905E0
2.453535800E1,-2.928210754E0,-7.541617126E0,3.653153229E0
2.454512300E1,-2.188000031E0,-8.909472656E0,2.409838715E0
2.455492000E1,-1.435664520E0,-9.701176300E0,1.441502380E-1
2.456468500E1,-4.691244507E-1,-1.039198975E1,-1.905088348E0
2.457445100E1,-3.442840576E-1,-1.154399414E1,-4.280199280E0
2.458421600E1,-1.443448334E0,-1.170850204E1,-4.492158508E0
2.459398200E1,-3.792962494E0,-1.118474121E1,-3.060984650E0
2.460377800E1,-6.713539124E0,-1.029124924E1,-2.226470032E0
2.461354400E1,-9.049581299E0,-1.005578888E1,-1.692230988E0
2.462330900E1,-1.001716919E1,-9.926757202E0,-1.969005432E0
2.463307500E1,-9.819131012E0,-8.954678650E0,-2.404300232E0
2.464284100E1,-9.225615234E0,-7.870632935E0,-3.119812317E0
2.465260600E1,-8.122708740E0,-6.997199249E0,-3.219654694E0
2.466240200E1,-7.273973694E0,-5.954018555E0,-1.598525848E0
2.467216800E1,-6.837331696E0,-6.013744354E0,3.685336304E-1
2.468193400E1,-7.333100739E0,-6.874903564E0,9.939331055E-1
2.469169900E1,-7.730973358E0,-7.754773865E0,8.803193665E-1
2.470146500E1,-7.898475037E0,-9.024134216E0,6.051914978E-1
2.471123100E1,-8.101452942E0,-1.034034714E1,4.520599365E-2
2.472102700E1,-8.368048553E0,-1.170700516E1,-7.622149658E-1
2.473079200E1,-8.181536407E0,-1.263297958E1,-1.398990784E0
2.474055800E1,-7.484136658E0,-1.324595490E1,-1.972897339E0
2.475032400E1,-6.684200134E0,-1.375669281E1,-2.603086853E0
2.476008900E1,-6.010451202E0,-1.414753006E1,-2.957549744E0
2.476985500E1,-5.247038727E0,-1.397419052E1,-3.274440765E0
2.477965100E1,-4.998854828E0,-1.405607025E1,-3.556604004E0
2.478941700E1,-4.551584930E0,-1.455258774E1,-4.032763824E0
2.479918200E1,-4.510570221E0,-1.521540939E1,-3.640729065E0
2.480891538E1,-5.585634613E0,-1.567734879E1,-2.744692383E0
2.481868037E1,-6.661746826E0,-1.630424515E1,-3.441942444E0
2.482847737E1,-5.747298431E0,-1.479942444E1,-3.494333496E0
2.483824237E1,-4.637057190E0,-1.281051041E1,-1.561702423E0
2.484800838E1,-4.395908661E0,-1.220082825E1,7.116201782E-1
2.485777337E1,-4.547393646E0,-1.348006805E1,1.996548157E0
2.486753937E1,-3.927382965E0,-1.506317596E1,3.204236755E0
2.487730537E1,-1.983525238E0,-1.657473267E1,4.573589172E0
2.488710138E1,6.828799438E-1,-1.724174561E1,5.614674225E0
2.489686637E1,2.840493164E0,-1.735985001E1,5.716163177E0
2.490663237E1,3.567830658E0,-1.642624146E1,4.801265717E0
2.491639837E1,2.640509033E0,-1.412522644E1,3.091521149E0
2.492616338E1,7.569758606E-1,-1.190115143E1,1.593586121E0
2.493596038E1,-6.876699829E-1,-9.613758087E0,9.699829102E-1
2.494572537E1,-2.679428101E0,-6.423741760E0,1.350192261E0
2.495549137E1,-4.655917969E0,-5.560486908E0,1.275198212E0
2.496525638E1,-4.033063202E0,-6.451434174E0,-1.178050232E0
2.497502238E1,-3.631148987E0,-7.560777283E0,-3.055745544E0
2.498481837E1,-4.404440918E0,-6.709048462E0,-2.292333069E0
2.499458437E1,-4.798571320E0,-6.454278259E0,-1.860181732E0
2.500434938E1,-5.031486969E0,-5.901777191E0,-1.538800049E0
2.501411538E1,-6.538852386E0,-4.933440857E0,-8.744815063E-1
2.502388137E1,-6.325246582E0,-4.469705200E0,-5.712121582E-1
2.503364637E1,-3.748504944E0,-4.112697601E0,-7.050338745E-1
2.504344238E1,-2.447410583E-1,-4.126918030E0,4.191284180E-2
2.505320838E1,1.989812164E0,-4.267176361E0,-1.749861145E-1
2.506297437E1,2.622995453E0,-3.923491058E0,7.830216980E-1
2.507273937E1,2.347119141E0,-3.025508423E0,1.709445190E0
2.508250538E1,1.803749084E0,-1.958826599E0,2.729723511E0
2.509230137E1,2.155218201E0,-1.417402496E0,3.080444183E0
2.510206737E1,3.342249756E0,-9.416917419E-1,3.252137146E0
2.511183237E1,3.795207825E0,-4.731660461E-1,3.198398895E0
2.512159838E1,3.444038086E0,-3.023712158E-2,3.228785706E0
2.513136438E1,2.776725769E0,3.173400879E-2,2.976709900E0
2.514116037E1,2.255359955E0,-1.442999268E-1,2.075883179E0
2.515092537E1,1.661694489E0,-1.238374786E0,4.697232056E-1
2.516069138E1,7.565267944E-1,-3.167263641E0,-1.400188293E0
2.517045738E1,-4.602928162E-1,-6.954238586E0,-4.831053772E0
2.518022237E1,-9.196875000E-1,-1.323832077E1,-1.351659210E1
2.519001837E1,-1.162931671E0,-2.287872345E1,-2.832664444E1
2.519978438E1,-5.855074310E0,-2.913930450E1,-2.743719406E1
2.520955038E1,-8.014034729E0,-2.545202225E1,-1.936792419E1
2.521931537E1,-5.603597260E0,-1.585727463E1,-1.096020813E1
2.522908137E1,-2.608475647E0,-9.577084351E0,-6.149811401E0
2.523887738E1,3.174897766E-1,-6.670578461E0,-1.403481445E0
2.524864338E1,2.299967194E0,-5.707780609E0,3.742517395E0
2.525840837E1,5.413043518E0,-6.354884949E0,7.202572174E0
2.526817437E1,7.859256592E0,-1.409184586E1,3.074007568E0
2.527793938E1,3.538042603E0,-2.206696152E1,-1.634301453E0
2.528773638E1,-1.971550140E0,-2.188598785E1,-9.131011963E-1
2.529750137E1,-5.041067047E0,-1.751373001E1,-2.677182770E0
2.530726737E1,-4.013154602E0,-1.529818726E1,-4.798571320E0
2.531703338E1,-1.284778290E0,-1.396550858E1,-4.453089752E0
2.532679837E1,6.481521606E-1,-1.133697464E1,-2.977308655E0
2.533659437E1,1.122665405E0,-9.169781342E0,-3.887416077E-1
2.534636037E1,9.217831421E-1,-7.824678497E0,7.547305298E-1
2.535612638E1,6.917115784E-1,-6.713688812E0,1.618733826E0
2.536589137E1,4.444258118E-1,-5.705385590E0,2.371518402E0
2.537565737E1,-1.646575928E-3,-5.050198059E0,2.547252960E0
2.538542238E1,-9.315129089E-1,-5.024002533E0,2.897225189E0
2.539521938E1,-1.771865387E0,-6.153104553E0,3.259621582E0
2.540498437E1,-2.459834747E0,-8.383765869E0,3.227438507E0
2.541475037E1,-2.934647369E0,-9.840686188E0,3.473676453E0
2.542451538E1,-2.918331299E0,-1.039872574E1,3.342399445E0
2.543428138E1,-3.217559052E0,-1.072938812E1,2.657723236E0
2.544407737E1,-3.344644775E0,-1.086665268E1,2.787054291E0
2.545384337E1,-3.380420380E0,-1.057161621E1,2.881956940E0
2.546360838E1,-4.327051849E0,-1.005728577E1,2.988086243E0
2.547337438E1,-5.923931122E0,-1.031115784E1,3.042872314E0
2.548314037E1,-6.645430756E0,-1.054347473E1,2.440524902E0
2.549290537E1,-7.195536804E0,-1.055051010E1,1.018931122E0
2.550270138E1,-7.170239410E0,-9.984986115E0,-3.589535522E-1
2.551246738E1,-7.051835632E0,-8.366252289E0,-8.797206116E-1
2.552223337E1,-6.720275116E0,-7.634124756E0,-9.475296021E-1
2.553199837E1,-5.978118439E0,-7.346572723E0,-9.259744263E-1
2.554176437E1,-4.112697601E0,-7.243586884E0,-7.972421265E-1
2.555156038E1,-2.618953857E0,-8.161328430E0,-1.328487396E0
2.556132637E1,-1.761985931E0,-8.868907013E0,-1.400637360E0
2.557109137E1,-1.083746338E0,-9.152567139E0,-1.212778015E0
2.558085737E1,-8.678952026E-1,-8.831484833E0,-1.867366791E0
2.559062338E1,-1.539398804E0,-8.314759369E0,-3.322191467E0
2.560041937E1,-2.284249878E0,-7.817493439E0,-3.446433105E0
2.561018437E1,-3.291654968E0,-7.415579224E0,-2.161804504E0
2.561995038E1,-3.692671051E0,-7.454797668E0,2.136058044E-1
2.562971638E1,-3.558549957E0,-8.000712433E0,1.432071991E0
2.563948137E1,-3.373983765E0,-8.125103760E0,1.801653442E0
2.564927737E1,-2.835703125E0,-8.394543457E0,1.860481110E0
2.565904338E1,-2.554887085E0,-8.664132843E0,2.215542755E0
2.566880938E1,-2.387984161E0,-9.751322021E0,1.922601929E0
2.567857437E1,-2.606080627E0,-1.029289581E1,3.528163147E-1
2.568834037E1,-2.886297913E0,-1.053120026E1,-1.174308014E0
2.569810637E1,-3.233725433E0,-1.025652145E1,-2.867586823E0
2.570790238E1,-4.221970367E0,-9.879455566E0,-4.623585205E0
2.571766737E1,-6.121071167E0,-9.435628510E0,-4.851860504E0
2.572743337E1,-8.566535797E0,-9.327553253E0,-3.653452606E0
2.573719937E1,-1.034124527E1,-9.495503998E0,-2.378553772E0
2.574696438E1,-1.071995773E1,-8.885073395E0,-9.063652039E-1
2.575673037E1,-9.687704315E0,-8.093968506E0,1.121168518E-1
2.576652637E1,-7.577392731E0,-7.433092804E0,2.140548706E-1
2.577629237E1,-5.753735046E0,-7.046895905E0,-2.799179077E-1
2.578605738E1,-5.310506744E0,-6.033503265E0,-5.414241028E-1
2.579582337E1,-5.283413086E0,-5.898933105E0,-8.720864868E-1
2.580558837E1,-5.250930634E0,-6.898404694E0,-7.521858215E-1
2.581538637E1,-5.637426910E0,-7.355254669E0,-5.077441406E-1
2.582515138E1,-6.644233246E0,-7.391778717E0,-7.845185852E-1
2.583491738E1,-7.537276154E0,-7.947123871E0,-1.281485138E0
2.584468237E1,-7.941435699E0,-9.109007721E0,-2.382445679E0
2.585444837E1,-7.904013519E0,-1.045905029E1,-3.380719757E0
2.586421438E1,-8.829239502E0,-1.209200455E1,-3.731590118E0
2.587401038E1,-1.023930725E1,-1.289194107E1,-3.294948120E0
2.588377537E1,-1.064735870E1,-1.297352142E1,-3.604953461E0
2.589354137E1,-9.567504272E0,-1.285062698E1,-4.526137848E0
2.590330738E1,-7.728428650E0,-1.281994080E1,-5.005441132E0
2.591307237E1,-7.126530304E0,-1.339833801E1,-4.505181427E0
2.592286837E1,-6.830745392E0,-1.416504364E1,-4.082460480E0
2.593263437E1,-6.700216827E0,-1.416204987E1,-3.374133453E0
2.594240038E1,-7.676636353E0,-1.555475372E1,-3.399730225E0
2.595216537E1,-8.442892914E0,-1.615755020E1,-2.815495148E0
2.596193137E1,-7.436835022E0,-1.417911438E1,-6.351292419E-1
2.597169737E1,-6.633156281E0,-1.267638931E1,1.715432739E0
2.598149338E1,-6.337371368E0,-1.316272797E1,2.685415649E0
2.599125837E1,-5.746699677E0,-1.449600540E1,3.417543182E0
2.600102437E1,-4.672982483E0,-1.567749847E1,4.287683716E0
2.601079037E1,-2.384541321E0,-1.664239197E1,5.432652740E0
2.602055538E1,4.391867065E-1,-1.699131638E1,6.121520233E0
2.603035137E1,2.012115784E0,-1.735161713E1,5.636229401E0
2.604011737E1,1.905387726E0,-1.637684418E1,3.990102539E0
2.604988337E1,-1.829196167E-1,-1.377405670E1,2.042203217E0
2.605964838E1,-1.523980865E0,-1.153291718E1,1.211580505E0
2.606941438E1,-2.547851715E0,-9.218579865E0,7.629634094E-1
2.607921037E1,-4.301455078E0,-6.858587494E0,6.596781921E-1
2.608897637E1,-5.566175079E0,-6.592440948E0,-4.602928162E-1
2.609874138E1,-5.591771851E0,-6.568939819E0,-2.419718170E0
2.610850738E1,-5.369783478E0,-6.659651184E0,-3.036286011E0
2.611827337E1,-4.833598480E0,-7.634124756E0,-2.752775574E0
2.612806937E1,-4.963827667E0,-7.214996338E0,-3.014431458E0
2.613783438E1,-6.096522217E0,-6.466253357E0,-2.727178802E0
2.614760037E1,-5.969885559E0,-5.573509827E0,-2.368075562E0
2.615736637E1,-6.665489044E0,-5.291496277E0,-1.777104492E0
2.616716237E1,-7.565118256E0,-5.092260590E0,-1.343156891E0
2.617692738E1,-6.429429932E0,-5.427263947E0,-1.114133148E0
2.618669337E1,-3.174598389E0,-5.229824524E0,-4.596940613E-1
2.619645937E1,5.034031677E-1,-5.343737640E0,1.311722260E0
2.620622437E1,2.450254669E0,-5.045408020E0,3.498824158E0
2.621602038E1,3.088227997E0,-4.317621460E0,4.731660461E0
2.622578637E1,3.006947021E0,-3.189417572E0,5.159470825E0
2.623555237E1,3.206781464E0,-2.368225250E0,5.047803040E0
2.624531737E1,3.919449463E0,-1.829944611E0,4.076622620E0
2.625511338E1,4.266278229E0,-1.888772278E0,3.383713531E0
2.626487937E1,4.444407806E0,-1.609902191E0,2.793341217E0
2.627464537E1,3.970044250E0,-5.462141418E-1,2.448159027E0
2.628441038E1,3.267555084E0,7.274871826E-2,2.064207458E0
2.629420638E1,2.018851776E0,-4.790039062E-3,1.534758453E0
2.630397237E1,9.683363342E-1,-8.343649292E-1,5.788462830E-1
2.631373837E1,-9.729766846E-2,-2.174977112E0,-6.222560120E-1
2.632350338E1,-1.844763794E0,-5.093158722E0,-2.699785767E0
2.633326938E1,-2.828518066E0,-1.078731766E1,-6.459068298E0
2.634306537E1,-3.140319672E0,-1.891781021E1,-1.291634033E1
2.635283137E1,-4.940625916E0,-2.701716751E1,-2.075928085E1
2.636259638E1,-7.299420776E0,-2.936428665E1,-2.287288559E1
2.637236238E1,-5.579197998E0,-2.203328156E1,-1.675974792E1
2.638212737E1,-2.303260345E0,-1.525148438E1,-1.151405640E1
2.639192437E1,1.000818787E0,-1.102367615E1,-8.439899139E0
2.640168938E1,2.830014954E0,-8.067174225E0,-6.328240356E0
2.641145538E1,3.468437347E0,-6.199508057E0,-3.876189423E0
2.642122137E1,4.546046448E0,-4.686005402E0,-2.684068451E0
2.643098637E1,3.197949829E0,-5.247487793E0,8.313711548E-1
2.644078238E1,5.310955811E-1,-7.766000519E0,1.184037781E0
2.645054838E1,-2.109263763E0,-1.128563141E1,1.175206146E0
2.646031437E1,-3.532653809E0,-1.551733154E1,-9.517208862E-1
2.647007937E1,-4.371359711E0,-1.734637802E1,-4.482728119E0
2.647984537E1,-4.921765137E0,-1.668385574E1,-5.868695984E0
2.648964138E1,-4.257296906E0,-1.503548355E1,-5.098996582E0
2.649940737E1,-3.146007843E0,-1.373304199E1,-3.023113403E0
2.650917237E1,-2.086660767E0,-1.176418625E1,-6.788383484E-1
2.651893837E1,3.498225403E-1,-1.017628830E1,-8.105644226E-1
2.652870338E1,3.067271576E0,-9.772577820E0,-1.397493896E0
2.653850037E1,3.947141876E0,-8.936416626E0,-3.540138245E-1
2.654826537E1,3.482208710E0,-7.811655579E0,9.407936096E-1
2.655803137E1,2.765948181E0,-7.155869293E0,1.731150055E0
2.656779638E1,2.105521545E0,-7.283404083E0,2.199825439E0
2.657756237E1,9.506730652E-1,-7.687264252E0,2.298919373E0
2.658732837E1,-7.527845764E-1,-8.801696777E0,2.751128998E0
2.659712438E1,-2.717898102E0,-1.074690170E1,3.483406219E0
2.660688938E1,-4.314927063E0,-1.155402328E1,3.173849945E0
2.661665537E1,-5.419031067E0,-1.062969543E1,2.722837830E0
2.662642137E1,-6.279591522E0,-1.029499146E1,3.556304626E0
2.663618638E1,-6.707102509E0,-9.529483337E0,3.589535522E0
2.664598238E1,-6.948400726E0,-7.505542145E0,3.221001892E0
2.665574837E1,-7.611821136E0,-6.060896301E0,2.930456085E0
2.666551437E1,-7.408693542E0,-5.780828705E0,2.117346954E0
2.667527938E1,-7.727979584E0,-6.381529541E0,1.207538910E0
2.668504538E1,-7.396868134E0,-7.989036713E0,1.425036621E-1
2.669481137E1,-6.643484802E0,-8.862171021E0,-3.351530457E-1
2.670460737E1,-5.426066437E0,-8.357570343E0,-1.700463867E-1
2.671437238E1,-4.756508789E0,-7.892038422E0,-5.843847656E-1
2.672413838E1,-3.423830109E0,-7.919281769E0,-1.039288788E0
2.673390437E1,-2.129621429E0,-8.531508636E0,-9.595046997E-1
2.674366937E1,-2.177222443E0,-8.930878143E0,-5.745053101E-1
2.675346538E1,-3.158731384E0,-9.229357452E0,-1.104403381E0
2.676323138E1,-4.156257019E0,-8.631650391E0,-2.079326019E0
2.677299737E1,-4.860392761E0,-8.034841461E0,-4.126918030E0
2.678276237E1,-5.167404327E0,-8.010891266E0,-6.483317871E0
2.679252838E1,-5.267396393E0,-8.328530731E0,-6.627019043E0
2.680229438E1,-4.523144073E0,-8.426876221E0,-1.426832886E0
2.681204612E1,-2.698737946E0,-7.910450134E0,1.307830353E0
2.682184213E1,-2.062710571E0,-7.905809784E0,1.722318420E0
2.683160813E1,-2.118394775E0,-8.260422363E0,1.626218262E0
2.684137412E1,-1.656006317E0,-8.977581024E0,1.918560333E0
2.685113912E1,-1.219364319E0,-9.760003967E0,2.914589081E0
2.686090513E1,-1.264869690E0,-1.087817871E1,1.935325470E0
2.687067013E1,-1.259031830E0,-1.111259125E1,2.748284912E-1
2.688043612E1,-9.385482788E-1,-1.065648972E1,-1.838327179E0
2.689020212E1,-1.595532074E0,-1.006506958E1,-3.610192566E0
2.689999813E1,-3.628304901E0,-9.126820679E0,-4.184248810E0
2.690976313E1,-6.576573944E0,-8.132887573E0,-3.547023926E0
2.691952912E1,-9.350605316E0,-7.421566772E0,-3.063828735E0
2.692929512E1,-1.119342316E1,-7.337441711E0,-3.215164032E0
2.693906013E1,-1.107067841E1,-7.131619720E0,-3.284469910E0
2.694882613E1,-9.745633850E0,-7.387587433E0,-2.742896118E0
2.695859212E1,-7.903115387E0,-7.545958099E0,-1.660796356E0
2.696838812E1,-6.197262726E0,-6.864275665E0,-9.939331055E-2
2.697815313E1,-5.764812012E0,-6.741381226E0,9.774673462E-1
2.698791913E1,-6.856791229E0,-7.616311798E0,1.315913544E0
2.699768512E1,-7.491621094E0,-8.405919800E0,6.173162842E-1
2.700745012E1,-7.325466614E0,-9.267827454E0,-6.554869080E-1
2.701721613E1,-7.633975067E0,-1.032687515E1,-1.658700714E0
2.702698113E1,-8.525521088E0,-1.123982666E1,-2.574945374E0
2.703677812E1,-8.685538330E0,-1.188438629E1,-3.383863220E0
2.704654312E1,-8.008945312E0,-1.255050110E1,-4.591402130E0
2.705630913E1,-7.716902618E0,-1.325658279E1,-5.160518646E0
2.706607413E1,-7.150181122E0,-1.363754059E1,-5.441783752E0
2.707584012E1,-6.511459351E0,-1.364158218E1,-5.852230225E0
2.708560612E1,-6.865622864E0,-1.391835663E1,-5.700445862E0
2.709540213E1,-7.375462646E0,-1.460078751E1,-4.083657990E0
2.710516713E1,-6.785689087E0,-1.455318649E1,-1.563199310E0
2.711493312E1,-6.127208405E0,-1.415411636E1,5.718109131E-1
2.712469912E1,-5.621559906E0,-1.479179031E1,1.638343048E0
2.713446413E1,-4.760849762E0,-1.480196915E1,3.652105408E0
2.714426013E1,-3.434458008E0,-1.526929733E1,5.247038727E0
2.715402612E1,-1.443897400E0,-1.596639771E1,6.281387787E0
2.716379212E1,5.749543762E-1,-1.639660309E1,6.635551300E0
2.717355713E1,1.841620331E0,-1.689476715E1,6.024671631E0
2.718332313E1,2.458936615E0,-1.718306763E1,4.006268921E0
2.719308912E1,2.569556580E0,-1.630813705E1,1.619931335E0
2.720288512E1,1.445993042E0,-1.488040604E1,-5.709127808E-1
2.721265013E1,-5.469625854E-1,-1.315030380E1,-1.522334290E0
2.722241613E1,-2.364483032E0,-1.172871002E1,-2.114353180E0
2.723218212E1,-3.371588745E0,-9.887089691E0,-2.492167511E0
2.724194712E1,-3.881278839E0,-8.184230804E0,-2.224673767E0
2.725171313E1,-4.807103577E0,-6.058950348E0,-1.282383270E0
2.726147913E1,-5.169649658E0,-4.772226105E0,-4.688250732E-1
2.727124412E1,-5.247936859E0,-5.365442505E0,-3.143463135E-1
2.728104012E1,-4.867128754E0,-7.121440887E0,-2.052831116E0
2.729080613E1,-5.331612854E0,-6.115382996E0,-1.538350983E0
2.730057213E1,-5.382507019E0,-6.014941864E0,-1.056203613E0
2.731033712E1,-5.168003082E0,-6.275998993E0,-1.431024170E0
2.732010312E1,-4.977000275E0,-5.689817963E0,-1.125210114E0
2.732986813E1,-5.426216125E0,-5.023403778E0,-5.577401733E-1
2.733963413E1,-5.413642273E0,-5.510939941E0,-3.341052246E-1
2.734940012E1,-3.575913849E0,-5.784720612E0,-2.216889954E-1
2.735916512E1,-1.796414337E0,-4.788093109E0,3.984713745E-1
2.736896113E1,-8.774752808E-1,-4.320764923E0,2.373763733E0
2.737872713E1,2.136058044E-1,-3.680845642E0,3.335214386E0
2.738849312E1,1.336570587E0,-2.618355103E0,3.306474152E0
2.739825812E1,2.083517303E0,-1.532064056E0,3.155737610E0
2.740802413E1,3.201242981E0,-1.010398865E0,2.394121399E0
2.741779013E1,4.102369080E0,-1.537303162E-1,1.817071381E0
2.742755512E1,3.998784485E0,1.496887207E-4,1.324146423E0
2.743735112E1,3.207529907E0,7.065307617E-2,9.874964905E-1
2.744711713E1,1.879641266E0,-2.393522644E-1,4.682263184E-1
2.745688313E1,3.100053406E-1,-1.210083618E0,-2.824626160E-1
2.746664812E1,-1.315464478E0,-3.031046906E0,-1.528022461E0
2.747641412E1,-2.804418182E0,-6.454577637E0,-3.599564667E0
2.748617913E1,-3.311413879E0,-1.127859604E1,-7.596552887E0
2.749594513E1,-3.736080780E0,-1.755863663E1,-1.382016083E1
2.750574112E1,-5.579197998E0,-2.300266571E1,-1.810769485E1
2.751550712E1,-6.801855469E0,-2.444057556E1,-1.826831085E1
2.752527213E1,-5.885012054E0,-2.031889664E1,-1.457788513E1
2.753503813E1,-2.682272186E0,-1.577749054E1,-1.117800522E1
2.754480412E1,5.709127808E-1,-1.191716812E1,-8.470585327E0
2.755456912E1,2.772085419E0,-8.749305725E0,-6.155649261E0
2.756433513E1,3.607348480E0,-6.397396545E0,-3.980971527E0
2.757410113E1,5.119354248E0,-5.474864960E0,-2.254611511E0
2.758389712E1,6.748865662E0,-5.806874542E0,2.781515808E0
2.759366212E1,3.870052185E0,-1.078597046E1,2.017055511E0
2.760342813E1,-7.111711121E-1,-1.438957672E1,9.201365662E-1
2.761319413E1,-2.368674316E0,-1.706631042E1,-1.875150604E0
2.762295912E1,-3.332070923E0,-1.819256836E1,-4.991071014E0
2.763272512E1,-4.539160767E0,-1.806174042E1,-5.629493408E0
2.764252113E1,-4.847519531E0,-1.620410339E1,-4.122876434E0
2.765228713E1,-3.696113892E0,-1.383453094E1,-2.123783569E0
2.766205212E1,-1.651515656E0,-1.137304962E1,-9.370513916E-1
2.767181812E1,7.182064819E-1,-9.913883972E0,-1.176703033E0
2.768158313E1,2.721340942E0,-9.427545319E0,-1.282083893E0
2.769134913E1,3.678899689E0,-8.742270355E0,-5.373825073E-2
2.770111512E1,3.457510071E0,-7.796836395E0,1.270108795E0
2.771091112E1,2.612367554E0,-7.306905212E0,2.073937225E0
2.772067713E1,1.439107361E0,-7.823930054E0,2.063459015E0
2.773044213E1,-5.619314575E-1,-8.991502075E0,2.074386292E0
2.774020812E1,-2.639461212E0,-1.041399399E1,2.910397797E0
2.774997312E1,-4.734055481E0,-1.176897629E1,4.338128815E0
2.775973913E1,-6.846462708E0,-1.156944122E1,4.463567963E0
2.776953513E1,-7.663014679E0,-1.003692810E1,4.292174377E0
2.777930112E1,-7.237299957E0,-7.599995728E0,4.430636444E0
2.778906612E1,-6.988966370E0,-5.489983521E0,4.497397614E0
2.779883213E1,-6.526877289E0,-4.746329956E0,4.225862274E0
2.780858800E1,-6.494843903E0,-4.972060547E0,3.784280548E0
2.781838400E1,-6.418203278E0,-5.755980377E0,2.495161285E0
2.782814900E1,-6.249204712E0,-6.880142670E0,8.976832581E-1
2.783791500E1,-6.252647552E0,-7.868537292E0,-9.550140381E-2
2.784768100E1,-6.583010559E0,-8.114026794E0,-2.520758057E-1
2.785744600E1,-6.759044495E0,-7.731871490E0,2.195933533E-1
2.786724200E1,-5.273683319E0,-7.851921844E0,-5.224136353E-2
2.787700800E1,-3.925736389E0,-7.995473328E0,-1.091230774E-1
2.788677400E1,-3.523672485E0,-8.204438782E0,-3.688330078E-1
2.789653900E1,-3.236120453E0,-8.902437286E0,-1.157842255E0
2.790630500E1,-3.683240662E0,-9.563612366E0,-1.693428497E0
2.791607100E1,-4.102967834E0,-9.496402130E0,-1.855092316E0
2.792583600E1,-3.491639099E0,-9.300160217E0,-3.532803497E0
2.793563200E1,-2.944077759E0,-9.286837921E0,-6.460714874E0
2.794539800E1,-4.197122040E0,-9.133856049E0,-4.552632751E0
2.795516400E1,-5.122647400E0,-9.598489838E0,-8.771759033E-2
2.796492900E1,-4.133354645E0,-9.005123749E0,1.103056183E0
2.797469500E1,-2.972668304E0,-8.426127777E0,1.002465363E0
2.798446000E1,-2.338437195E0,-8.404273224E0,2.185455322E0
2.799422600E1,-2.531385956E0,-1.079809525E1,1.971550140E0
2.800402200E1,-2.972368927E0,-1.220621704E1,-1.167572021E-2
2.801378800E1,-2.936743011E0,-1.214334778E1,-1.331930237E0
2.802355300E1,-2.730621643E0,-1.112501541E1,-3.428021393E0
2.803331900E1,-3.301085358E0,-9.441316681E0,-4.728367310E0
2.804308500E1,-5.185816040E0,-8.497678986E0,-4.569547577E0
2.805285000E1,-8.381819916E0,-7.712112579E0,-4.246219940E0
2.806261600E1,-1.118833374E1,-7.362439728E0,-3.888912964E0
2.807238200E1,-1.153276749E1,-7.000791779E0,-3.910468140E0
2.808217800E1,-1.020547760E1,-5.310207367E0,-2.418071594E0
2.809194300E1,-8.191266174E0,-4.760251007E0,-1.126108246E0
2.810170900E1,-6.929539948E0,-5.856421509E0,-2.423460388E-1
2.811147500E1,-5.866899719E0,-6.477480011E0,-7.319778442E-2
2.812124000E1,-5.123545532E0,-6.824308777E0,4.206253052E-2
2.813100600E1,-5.333409119E0,-6.924151154E0,3.085084534E-1
2.814077100E1,-6.082900543E0,-7.151528320E0,3.631448364E-1
2.815056800E1,-6.542893982E0,-7.798482971E0,-1.122665405E-2
2.816033300E1,-6.904242554E0,-8.928333435E0,-2.014810181E-1
2.817009900E1,-8.451125793E0,-1.031011002E1,-2.040257263E-1
2.817986500E1,-9.183403015E0,-1.085827011E1,-1.020877075E-1
2.818963000E1,-9.274862823E0,-1.197135544E1,-1.224304047E0
2.819939600E1,-8.761131134E0,-1.326721069E1,-2.503543854E0
2.820916100E1,-8.012388153E0,-1.406520126E1,-3.576961670E0
2.821895800E1,-6.812333679E0,-1.413330963E1,-4.343218231E0
2.822872300E1,-6.324647827E0,-1.401191208E1,-5.163213043E0
2.823848900E1,-6.367159424E0,-1.429078217E1,-5.796096954E0
2.824825400E1,-6.312223663E0,-1.384411102E1,-4.421804810E0
2.825802000E1,-6.440357208E0,-1.378573242E1,-3.570674744E0
2.826778600E1,-6.779402161E0,-1.471514969E1,-3.272794189E0
2.827758200E1,-6.888824615E0,-1.488609421E1,-1.568288727E0
2.828734700E1,-6.567742310E0,-1.401715118E1,1.397643585E0
2.829711300E1,-5.831423492E0,-1.361284195E1,3.287164307E0
2.830687900E1,-4.395459595E0,-1.390787842E1,4.241878967E0
2.831664400E1,-2.776875458E0,-1.500180359E1,4.157454529E0
2.832641000E1,-1.078806610E0,-1.604288864E1,3.892505493E0
2.833620600E1,1.796264648E-1,-1.670002213E1,3.307971039E0
2.834597200E1,5.623805237E-1,-1.683968170E1,2.212249603E0
2.835573700E1,4.385879517E-1,-1.596744553E1,5.763015747E-1
2.836550300E1,-5.414241028E-1,-1.432431244E1,-5.608836365E-1
2.837526900E1,-1.396296387E0,-1.228121109E1,-1.399739227E0
2.838506500E1,-2.085912323E0,-1.047925827E1,-2.110760651E0
2.839483000E1,-3.024759979E0,-8.333320770E0,-1.572629700E0
2.840459600E1,-4.384083252E0,-6.125561829E0,-6.604266357E-1
2.841436200E1,-5.447022858E0,-5.020410004E0,-1.646575928E-3
2.842412700E1,-6.259233856E0,-6.287225647E0,-6.719526672E-1
2.843389300E1,-4.767436066E0,-6.535708923E0,-1.690734100E0
2.844368900E1,-4.333338776E0,-5.602998505E0,-1.314865723E0
2.845345500E1,-4.291425934E0,-4.604724426E0,-7.373666382E-1
2.846322000E1,-4.528532867E0,-3.901636505E0,-9.235794067E-2
2.847298600E1,-5.050647125E0,-4.025429077E0,-3.122506714E-1
2.848275100E1,-3.704945526E0,-4.864584045E0,-8.140072632E-1
2.849251700E1,-1.504970398E0,-5.026996307E0,-2.501298523E-1
2.850228300E1,-2.841091919E-1,-5.433401184E0,2.179467773E-1
2.851207900E1,9.355545044E-1,-5.279970245E0,1.528621216E0
2.852184400E1,1.548978882E0,-4.161196747E0,2.345173187E0
2.853161000E1,1.167422333E0,-3.312312012E0,2.785707092E0
2.854137600E1,1.242715759E0,-2.774630127E0,2.955304413E0
2.855114100E1,1.998943176E0,-1.828447723E0,2.855611725E0
2.856090700E1,2.951262817E0,-1.457668762E0,2.714006195E0
2.857070300E1,3.508553925E0,-1.053509216E0,2.379601593E0
2.858046900E1,3.702849884E0,-6.185137939E-1,2.135010223E0
2.859023400E1,3.436553650E0,-2.127076721E-1,1.484912109E0
2.860000000E1,2.339035950E0,-6.271957397E-2,5.878276062E-1
2.860976600E1,9.874964905E-1,-5.360353088E-1,-3.260220337E-1
2.861953100E1,-8.264314270E-1,-2.524649963E0,-1.441502380E0
2.862929700E1,-2.700833588E0,-6.986870728E0,-4.115541687E0
2.863909300E1,-3.829336853E0,-1.468027222E1,-1.108040817E1
2.864885900E1,-5.598807220E0,-2.166175415E1,-1.724099716E1
2.865862400E1,-8.210576019E0,-2.540457092E1,-2.164229462E1
2.866839000E1,-8.855135651E0,-2.344724121E1,-1.913545761E1
2.867815600E1,-6.160139923E0,-1.806233917E1,-1.391296783E1
2.868792100E1,-2.455044708E0,-1.368603973E1,-1.022418869E1
2.869768700E1,7.077282715E-1,-1.027119095E1,-7.837551727E0
2.870745200E1,3.342399445E0,-8.578510895E0,-5.169799347E0
2.871724900E1,4.591551819E0,-6.486910400E0,-4.009262695E0
2.872701400E1,5.858666840E0,-6.396199036E0,9.485774231E-1
2.873678000E1,3.821253662E0,-1.161704224E1,1.324146423E0
2.874654500E1,-1.755399628E0,-1.429272812E1,6.572831726E-1
2.875631100E1,-2.806214447E0,-1.517693939E1,2.372566223E-1
2.876607700E1,-2.742596741E0,-1.610860199E1,-2.534828796E0
2.877584200E1,-3.259322205E0,-1.617910538E1,-4.636458435E0
2.878560800E1,-4.147575073E0,-1.559352310E1,-4.988226929E0
2.879540400E1,-4.385131073E0,-1.460902039E1,-3.450175323E0
2.880517000E1,-3.720812531E0,-1.117605927E1,-1.323996735E0
2.881493250E1,-1.357826385E0,-7.238347778E0,-1.476679230E0
2.882469850E1,1.113384705E0,-6.593788147E0,-2.211201782E0
2.883446450E1,2.612966309E0,-7.922275543E0,-1.340612183E0
2.884422950E1,2.653531952E0,-8.132887573E0,-1.595681763E-1
2.885402550E1,2.052382050E0,-7.698341217E0,1.085542603E0
2.886379150E1,1.129700775E0,-7.648195496E0,1.848955078E0
2.887355750E1,-4.326004028E-2,-7.914491730E0,2.145488434E0
2.888332250E1,-1.736987915E0,-8.919501801E0,2.146536255E0
2.889308850E1,-3.480113068E0,-1.059182419E1,2.686313782E0
2.890285350E1,-4.927153931E0,-1.183094742E1,3.272045746E0
2.891261950E1,-5.977519684E0,-1.243030106E1,3.201841736E0
2.892241550E1,-5.820645905E0,-1.152782776E1,3.396287384E0
2.893218150E1,-5.420078888E0,-9.073980560E0,3.454516296E0
2.894194650E1,-4.916076965E0,-6.870263214E0,3.379971313E0
2.895171250E1,-4.877008209E0,-5.718707886E0,3.531755676E0
2.896147850E1,-5.269042969E0,-5.861959991E0,3.199147339E0
2.897124350E1,-5.856421509E0,-6.188580780E0,2.042053528E0
2.898100950E1,-6.203849030E0,-7.064708862E0,1.081800385E0
2.899080550E1,-6.517895966E0,-7.377558289E0,2.574645996E-1
2.900057150E1,-6.744375000E0,-6.944059753E0,-4.986131287E-1
2.901033650E1,-7.083419952E0,-7.123536530E0,-6.556365967E-1
2.902010250E1,-5.620212708E0,-7.936196594E0,-8.635542297E-1
2.902986850E1,-4.468956757E0,-8.632997589E0,-1.661694489E0
2.903963350E1,-4.944517822E0,-9.488318939E0,-1.879192200E0
2.904939950E1,-5.405259705E0,-9.644593964E0,-2.466271362E0
2.905919550E1,-5.283263397E0,-9.088500366E0,-4.015848999E0
2.906896150E1,-4.093836823E0,-8.395441589E0,-7.625293121E0
2.907872650E1,-2.708767090E0,-9.288783875E0,-1.017703674E1
2.908849250E1,-2.958896942E0,-9.166937256E0,-5.626799011E0
2.909825850E1,-4.042792969E0,-8.616382141E0,3.733236694E-1
2.910802350E1,-4.239334259E0,-8.259224854E0,1.741179199E0
2.911778950E1,-3.916755066E0,-7.359296265E0,1.218017120E0
2.912755450E1,-3.414998474E0,-6.027216339E0,1.264121246E0
2.913735150E1,-3.225193176E0,-6.297105103E0,2.803520050E0
2.914711650E1,-3.307971039E0,-8.370593262E0,3.393293610E0
2.915688250E1,-3.292852478E0,-1.019514908E1,1.993704071E0
2.916664750E1,-2.621049500E0,-1.098101486E1,-1.097218323E-1
2.917644450E1,-1.379830627E0,-1.065544189E1,-2.544109497E0
2.918620950E1,-1.232536926E0,-1.087653214E1,-4.926555176E0
2.919597550E1,-2.748434601E0,-1.015024246E1,-5.531447296E0
2.920574050E1,-4.989274750E0,-8.925189972E0,-4.681963806E0
2.921550650E1,-8.047714691E0,-8.245902557E0,-3.414549408E0
2.922527250E1,-1.072624466E1,-8.189320221E0,-3.241958313E0
2.923506850E1,-1.127305756E1,-6.791826324E0,-3.090623016E0
2.924483350E1,-9.929451599E0,-5.782924347E0,-2.929557953E0
2.925459950E1,-8.532855835E0,-5.087171173E0,-1.961820374E0
2.926436550E1,-7.156018982E0,-5.064717865E0,-4.173321533E-1
2.927413050E1,-5.688171387E0,-5.511538696E0,6.944059753E-1
2.928392650E1,-5.380710754E0,-6.300398254E0,1.139879608E0
2.929369250E1,-6.223907318E0,-6.849007416E0,1.522483978E0
2.930345850E1,-7.228468323E0,-7.930807800E0,8.164022827E-1
2.931322350E1,-7.292834473E0,-8.889114990E0,-5.987548828E-1
2.932301950E1,-7.687563629E0,-1.014425491E1,-1.828148346E0
2.933278550E1,-8.823551331E0,-1.082369202E1,-2.526895294E0
2.934255150E1,-9.168134766E0,-1.101364700E1,-3.397185516E0
2.935231650E1,-8.963210907E0,-1.189860672E1,-4.948709106E0
2.936208250E1,-8.359067230E0,-1.288101379E1,-5.890999603E0
2.937187850E1,-8.001011810E0,-1.380938324E1,-5.901178436E0
2.938164450E1,-7.331005096E0,-1.393078079E1,-5.494324493E0
2.939140950E1,-7.467820587E0,-1.430155975E1,-5.094206543E0
2.940117550E1,-7.922275543E0,-1.473026825E1,-3.832779694E0
2.941094150E1,-8.057294769E0,-1.475047623E1,-2.284549255E0
2.942070650E1,-7.790699158E0,-1.519041138E1,-1.723066864E0
2.943050250E1,-6.283932495E0,-1.363230148E1,1.441502380E-1
2.944026850E1,-4.838687897E0,-1.248598526E1,1.761387177E0
2.945003450E1,-4.209246826E0,-1.314656158E1,3.165018311E0
2.945979950E1,-3.647614746E0,-1.484612732E1,4.493056641E0
2.946956550E1,-2.532733154E0,-1.667682037E1,5.724545746E0
2.947936150E1,-6.436614990E-1,-1.762300278E1,6.406377869E0
2.948912750E1,9.891430664E-1,-1.758992157E1,5.617518311E0
2.949889250E1,1.666484528E0,-1.664867889E1,3.372187500E0
2.950865850E1,6.080355835E-1,-1.511092667E1,6.652166748E-1
2.951842450E1,-7.738906860E-1,-1.298684372E1,-7.207511902E-1
2.952822050E1,-1.772015076E0,-1.158620636E1,-2.039957886E0
2.953798550E1,-2.684068451E0,-1.023661285E1,-2.560275879E0
2.954775150E1,-3.677851868E0,-8.788224792E0,-2.513722687E0
2.955751750E1,-4.051474915E0,-7.616311798E0,-2.436782684E0
2.956728250E1,-3.881877594E0,-6.533613281E0,-2.016307068E0
2.957707850E1,-3.269800415E0,-5.034480743E0,-1.245709534E0
2.958684450E1,-4.918172607E0,-5.134173431E0,2.026785278E-1
2.959661050E1,-3.936364288E0,-5.923931122E0,-5.607339478E-1
2.960637550E1,-2.944377136E0,-4.944218445E0,-1.414259033E0
2.961614150E1,-3.500620422E0,-4.492158508E0,-1.062340851E0
2.962593750E1,-4.048331451E0,-4.416865082E0,-4.881349182E-1
2.963570350E1,-4.449946289E0,-4.227808228E0,-5.050497437E-1
2.964546850E1,-4.502337341E0,-4.503834229E0,-9.325607300E-1
2.965523450E1,-3.540138245E0,-4.986730042E0,-6.418652344E-1
2.966499950E1,-2.647694092E0,-4.962181091E0,2.401007080E-1
2.967479650E1,-1.432221680E0,-4.578828278E0,1.742825775E0
2.968456150E1,-5.158273315E-1,-4.042493591E0,2.716700592E0
2.969432750E1,1.685494995E-1,-3.049458618E0,3.165916443E0
2.970409250E1,1.344953156E0,-2.565215607E0,3.368594971E0
2.971385850E1,2.456840973E0,-1.878443756E0,3.390748901E0
2.972365450E1,3.565585327E0,-1.600172424E0,3.454216919E0
2.973342050E1,3.760180664E0,-1.271605682E0,3.263962555E0
2.974318550E1,3.024161224E0,-1.259181519E0,2.604134674E0
2.975295150E1,1.813628540E0,-1.036893768E0,1.400936737E0
2.976271750E1,3.294648743E-1,-1.507964172E0,3.637435913E-2
2.977251350E1,-1.830842743E0,-3.118016052E0,-1.787582703E0
2.978227950E1,-3.948938141E0,-6.859186249E0,-4.322112122E0
2.979204450E1,-5.095404053E0,-1.367945343E1,-9.637109528E0
2.980181050E1,-5.403463440E0,-2.341296249E1,-1.740340942E1
2.981156150E1,-6.466403046E0,-2.779045944E1,-2.190574677E1
2.982132750E1,-6.784790955E0,-2.276555878E1,-1.998808456E1
2.983112350E1,-4.897665253E0,-1.707394455E1,-1.546269516E1
2.984088950E1,-1.493144989E0,-1.292217819E1,-1.078297668E1
2.985065450E1,1.429826660E0,-9.559421082E0,-7.389234009E0
2.986042050E1,3.856430511E0,-7.357200623E0,-5.162314911E0
2.987018650E1,5.769901428E0,-5.376669159E0,-2.134710846E0
2.987998250E1,5.510640564E0,-6.318510590E0,6.828799438E-1
2.988974750E1,1.429826660E0,-9.683662720E0,4.649331665E-1
2.989951350E1,-1.329086151E0,-1.171898026E1,1.795665894E0
2.990927950E1,-2.622995453E0,-1.271366180E1,1.399290161E0
2.991904450E1,-3.278182983E0,-1.469913300E1,-1.949845276E0
2.992881050E1,-4.319417725E0,-1.555011337E1,-4.653522949E0
2.993860650E1,-5.247787170E0,-1.554337738E1,-4.777764587E0
2.994837250E1,-5.461392975E0,-1.515852768E1,-3.334615631E0
2.995813750E1,-5.221441956E0,-1.345072906E1,-1.816173248E0
2.996790350E1,-3.414250031E0,-1.031190628E1,-1.044078827E0
2.997766950E1,-1.016386414E-1,-8.790769501E0,-1.525028687E0
2.998746550E1,2.759361877E0,-9.361682281E0,-1.704505463E0
2.999723050E1,4.097279663E0,-9.317973175E0,-8.428971863E-1
3.000699650E1,3.659290466E0,-8.330177307E0,3.719764709E-1
3.001676250E1,2.687810669E0,-8.328231354E0,1.338067474E0
3.002652750E1,1.128353577E0,-8.845256195E0,1.939965820E0
3.003629350E1,-8.175997925E-1,-9.760752411E0,2.229912872E0
3.004608950E1,-2.743195496E0,-1.112980545E1,2.485132141E0
3.005585550E1,-4.360133057E0,-1.194351334E1,2.671943665E0
3.006562050E1,-5.509892120E0,-1.142993134E1,2.613565063E0
3.007538650E1,-5.826334076E0,-9.889634399E0,3.013533325E0
3.008515150E1,-5.542973328E0,-7.562274170E0,3.812272339E0
3.009491750E1,-5.554199982E0,-5.408403168E0,4.472998352E0
3.010471350E1,-6.007457428E0,-4.326902161E0,4.427193604E0
3.011447950E1,-6.343658295E0,-4.057312775E0,4.284540253E0
3.012424450E1,-6.366410980E0,-5.242548065E0,3.567680969E0
3.013401050E1,-6.200256500E0,-6.515051880E0,2.219434662E0
3.014377650E1,-6.418951721E0,-7.800728302E0,1.008003845E0
3.015357250E1,-6.688241730E0,-8.592132568E0,3.935316467E-1
3.016333750E1,-6.216422882E0,-8.844208374E0,8.337661743E-1
3.017310350E1,-4.712799683E0,-9.079369354E0,1.977388000E-1
3.018286950E1,-3.952380981E0,-9.504485321E0,-1.228794708E0
3.019263450E1,-4.327500916E0,-9.488618317E0,-2.418370972E0
3.020243150E1,-4.617148590E0,-9.057365112E0,-2.930306396E0
3.021219650E1,-4.914131012E0,-9.126221924E0,-3.441493378E0
3.022196250E1,-4.694537659E0,-9.014254761E0,-5.493725739E0
3.023172750E1,-4.391417999E0,-8.955576782E0,-8.339458008E0
3.024149350E1,-4.421355743E0,-8.761280823E0,-8.101602631E0
3.025125950E1,-4.850213928E0,-7.819888458E0,-3.369193726E0
3.026105550E1,-4.233047333E0,-7.650141449E0,1.021625519E0
3.027082050E1,-3.608246613E0,-7.719597015E0,2.311343536E0
3.028058650E1,-3.638932800E0,-7.346722412E0,1.766177216E0
3.029035250E1,-3.868405609E0,-6.863676910E0,1.958377533E0
3.030011750E1,-4.576582947E0,-7.805069275E0,2.815644836E0
3.030991350E1,-5.309159546E0,-9.721983032E0,2.288890228E0
3.031967950E1,-5.537434845E0,-1.032732422E1,4.584965515E-1
3.032944550E1,-4.870272217E0,-1.024948608E1,-1.269659729E0
3.033921050E1,-4.027973785E0,-9.878108368E0,-3.980223083E0
3.034897650E1,-3.940256195E0,-1.009590546E1,-6.215225372E0
3.035874250E1,-4.904850311E0,-9.913285217E0,-6.115981750E0
3.036853850E1,-6.854994965E0,-9.302106171E0,-4.725523224E0
3.037830350E1,-8.569080505E0,-8.155340881E0,-3.094065857E0
3.038806950E1,-9.301956482E0,-7.406597900E0,-2.658321991E0
3.039783550E1,-8.924142151E0,-6.359824677E0,-1.709295502E0
3.040760050E1,-7.854466553E0,-5.749244385E0,-6.544390869E-1
3.041739650E1,-6.321354675E0,-6.178701324E0,-6.026467896E-1
3.042716250E1,-5.333558807E0,-5.710624695E0,-1.110690308E-1
3.043692850E1,-6.781348114E0,-5.859415283E0,8.149053955E-1
3.044669350E1,-8.164022827E0,-6.240672455E0,4.418811035E-1
3.045645950E1,-8.318202209E0,-6.944059753E0,-4.279600525E-1
3.046625550E1,-8.197702789E0,-8.323591003E0,-1.448388062E0
3.047602150E1,-8.798403625E0,-9.703571320E0,-2.663112030E0
3.048578650E1,-9.676327972E0,-1.048240173E1,-3.963158569E0
3.049555250E1,-9.876461792E0,-1.145792313E1,-5.019062805E0
3.050531750E1,-9.181157684E0,-1.266067200E1,-5.723946991E0
3.051508350E1,-8.224946136E0,-1.342513229E1,-5.500910797E0
3.052487950E1,-8.051756287E0,-1.376836853E1,-4.841831360E0
3.053464550E1,-7.813601532E0,-1.379456406E1,-4.809199219E0
3.054441050E1,-7.813601532E0,-1.446292419E1,-5.045707397E0
3.055417650E1,-8.102351074E0,-1.460467941E1,-4.007167053E0
3.056394250E1,-8.520132294E0,-1.449869980E1,-2.483784943E0
3.057373850E1,-8.125403137E0,-1.436442902E1,-1.217568054E0
3.058350450E1,-7.025191040E0,-1.353201004E1,5.556445312E-1
3.059326950E1,-5.989494781E0,-1.291738815E1,2.612966309E0
3.060303550E1,-5.452711029E0,-1.362122452E1,3.656296692E0
3.061280050E1,-4.730462952E0,-1.494073059E1,4.908442841E0
3.062256650E1,-3.202141113E0,-1.593765747E1,5.734874268E0
3.063236250E1,-1.207239532E0,-1.626876892E1,5.409151611E0
3.064212850E1,4.096980286E-1,-1.635933060E1,4.809199219E0
3.065189350E1,1.406475220E0,-1.631098114E1,3.449726257E0
3.066165950E1,1.885030060E0,-1.499970795E1,1.712139587E0
3.067142550E1,1.136137390E0,-1.317560120E1,-1.643582153E-1
3.068119050E1,-5.432203674E-1,-1.134341125E1,-1.099763031E0
3.069095650E1,-2.069895630E0,-1.006881180E1,-1.995949402E0
3.070075250E1,-3.256328430E0,-8.870104523E0,-2.298619995E0
3.071051850E1,-3.627556458E0,-7.459438019E0,-2.716999969E0
3.072028350E1,-4.164489899E0,-5.602100372E0,-1.663939819E0
3.073004950E1,-5.550607452E0,-5.530698853E0,-4.442761230E-1
3.073981550E1,-5.366490326E0,-6.308631134E0,-7.999365234E-1
3.074958050E1,-4.431384888E0,-5.941145325E0,-1.810485077E0
3.075934650E1,-4.046235809E0,-5.043312378E0,-1.222358093E0
3.076914250E1,-4.147724762E0,-4.486769714E0,-4.438270569E-1
3.077890850E1,-4.641398163E0,-4.181105347E0,2.311193848E-1
3.078867350E1,-4.550387421E0,-4.322710876E0,-1.820214844E-1
3.079843950E1,-2.962489471E0,-4.977599030E0,-1.094074860E0
3.080820450E1,-1.286873932E0,-5.298082581E0,-5.099894714E-1
3.081796300E1,-4.692741394E-1,-5.333858185E0,8.282276917E-1
3.082775900E1,8.292755127E-2,-4.925207977E0,1.880539398E0
3.083752500E1,6.021977234E-1,-3.792214050E0,2.697390747E0
3.084729000E1,7.390132141E-1,-2.957250366E0,2.963088226E0
3.085705600E1,1.591191101E0,-2.227817230E0,3.183130646E0
3.086682200E1,2.594404907E0,-1.808239746E0,3.042572937E0
3.087658700E1,3.540587311E0,-1.715582428E0,2.828518066E0
3.088635300E1,4.067790985E0,-1.425934753E0,2.761158142E0
3.089614900E1,3.830384674E0,-1.134341125E0,1.771566010E0
3.090591500E1,2.430495758E0,-5.647755432E-1,1.071322174E0
3.091568000E1,1.333427124E0,-1.202150116E0,-1.541793823E-1
3.092544600E1,-4.974156189E-1,-3.238066406E0,-2.107916565E0
3.093521200E1,-3.532055054E0,-7.497758331E0,-5.335504761E0
3.094500800E1,-5.344486084E0,-1.446277451E1,-1.243943207E1
3.095477300E1,-5.797144775E0,-2.370455612E1,-2.163930084E1
3.096453900E1,-7.761060791E0,-2.528796341E1,-2.274759613E1
3.097430500E1,-7.120692444E0,-2.010933243E1,-1.837084763E1
3.098407000E1,-4.762047272E0,-1.507709702E1,-1.290421555E1
3.099383600E1,-1.284778290E0,-1.108609634E1,-8.637188873E0
3.100363200E1,1.716031494E0,-8.898695068E0,-5.462141418E0
3.101339800E1,4.066144409E0,-5.908513184E0,-3.503165131E0
3.102316300E1,5.978268127E0,-4.922962646E0,1.080602875E0
3.103292900E1,4.951104126E0,-7.008276215E0,1.886526947E0
3.104269500E1,1.240769806E0,-1.076815750E1,5.322930908E-1
3.105249100E1,-1.591041412E0,-1.280527130E1,-2.275268555E-2
3.106225600E1,-2.822979584E0,-1.399065628E1,-1.523831177E0
3.107202200E1,-3.422632599E0,-1.592538300E1,-3.986210632E0
3.108178800E1,-5.000651093E0,-1.760833328E1,-5.405559082E0
3.109155300E1,-6.799011383E0,-1.809886322E1,-5.115612030E0
3.110134900E1,-6.922205200E0,-1.601564529E1,-3.442840576E0
3.111111500E1,-4.592300262E0,-1.209320206E1,-2.335742798E0
3.112088100E1,-1.873054962E0,-9.026678925E0,-2.937042389E0
3.113064600E1,5.695655823E-1,-8.485853577E0,-2.793939972E0
3.114041200E1,2.213147736E0,-8.861123199E0,-1.472338257E0
3.115017700E1,2.382295990E0,-8.341104584E0,2.312690735E-1
3.115997400E1,1.835932159E0,-7.667505341E0,1.654659119E0
3.116973900E1,9.316625977E-1,-7.180418243E0,2.083816681E0
3.117950500E1,-1.065783691E-1,-7.620353394E0,1.972747650E0
3.118927000E1,-1.450483704E0,-8.459957428E0,1.842069397E0
3.119903600E1,-3.082390137E0,-9.777966614E0,1.958078156E0
3.120880200E1,-4.881349182E0,-1.088431595E1,2.231409760E0
3.121859800E1,-6.227649536E0,-1.113324829E1,2.769989777E0
3.122836300E1,-6.464008026E0,-1.020398071E1,3.736978912E0
3.123812900E1,-5.665568390E0,-8.134085083E0,3.743864594E0
3.124789500E1,-5.482199707E0,-5.923781433E0,3.538940735E0
3.125766000E1,-5.831573181E0,-5.268444214E0,3.207080841E0
3.126742600E1,-6.142476654E0,-5.222639465E0,2.773582306E0
3.127722200E1,-6.643484802E0,-5.495222626E0,2.217937775E0
3.128698800E1,-7.318580933E0,-7.070846100E0,1.140927429E0
3.129675300E1,-7.769293671E0,-8.040230255E0,3.421884155E-1
3.130651900E1,-8.034093018E0,-7.930358734E0,-2.133064270E-1
3.131628500E1,-7.765252075E0,-7.646249542E0,-1.096918945E0
3.132608100E1,-7.626340942E0,-6.791976013E0,-2.344873810E0
3.133584600E1,-5.047204285E0,-9.153315582E0,5.727090454E-1
3.134561200E1,-3.425027618E0,-1.048509613E1,-1.669478302E0
3.135537800E1,-4.246369629E0,-1.054766602E1,-1.036295013E0
3.136514300E1,-4.775818634E0,-9.077872467E0,-4.218377838E0
3.137493900E1,-1.863474884E0,-9.736203461E0,-1.102607117E1
3.138470500E1,-2.064357147E0,-9.291927338E0,-6.459667053E0
3.139447100E1,-2.495460663E0,-8.262967072E0,-1.763033752E0
3.140423600E1,-3.197351074E0,-7.722740479E0,5.887257385E-1
3.141400200E1,-3.428171082E0,-7.958799591E0,1.335373077E0
3.142379800E1,-3.391347656E0,-8.244705048E0,1.321751404E0
3.143356400E1,-2.987337799E0,-7.329208832E0,1.601369934E0
3.144332900E1,-3.322640533E0,-7.269183655E0,2.471660156E0
3.145309500E1,-3.593427429E0,-7.852370911E0,3.605851593E0
3.146286100E1,-3.959266663E0,-8.729546814E0,2.322121124E0
3.147265700E1,-4.035458221E0,-9.212592316E0,2.983296204E-1
3.148242200E1,-3.358715515E0,-9.470955048E0,-1.780846710E0
3.149218800E1,-2.734962616E0,-9.783355408E0,-4.278253326E0
3.150195400E1,-3.260519714E0,-1.011207184E1,-6.082601166E0
3.151175000E1,-5.264402618E0,-9.701325989E0,-5.656886444E0
3.152151500E1,-8.410410461E0,-8.586594086E0,-4.072431335E0
3.153128100E1,-1.084779190E1,-8.207881622E0,-3.090623016E0
3.154104700E1,-1.171224426E1,-7.605534210E0,-4.133354645E0
3.155081200E1,-1.047955765E1,-6.740632782E0,-3.866759033E0
3.156060800E1,-8.451125793E0,-6.713838501E0,-3.236270142E0
3.157037400E1,-6.473588104E0,-6.896758118E0,-1.786085815E0
3.158014000E1,-5.376669159E0,-6.952891388E0,-1.640588379E-1
3.158990500E1,-5.376968536E0,-6.904092865E0,8.011340332E-1
3.159967100E1,-6.392307129E0,-6.727609863E0,8.153544617E-1
3.160946700E1,-7.012916565E0,-6.651717682E0,3.439846802E-1
3.161923300E1,-7.359296265E0,-7.783514099E0,-8.065228271E-1
3.162899800E1,-7.812853088E0,-9.174870758E0,-1.771266632E0
3.163876400E1,-9.367220764E0,-1.004815475E1,-2.339634705E0
3.164852900E1,-1.035471725E1,-1.067265610E1,-3.268602905E0
3.165829500E1,-9.971065063E0,-1.118234619E1,-4.332290955E0
3.166809100E1,-8.985813904E0,-1.209230392E1,-5.383854218E0
3.167785700E1,-8.193062439E0,-1.325299026E1,-5.916296997E0
3.168762200E1,-7.000941467E0,-1.323951828E1,-6.052064667E0
3.169738800E1,-7.013066254E0,-1.310240341E1,-6.058950348E0
3.170715400E1,-8.093818817E0,-1.363080460E1,-5.151237946E0
3.171695000E1,-8.305628357E0,-1.391850632E1,-3.416046295E0
3.172671600E1,-8.132887573E0,-1.466096237E1,-2.176024933E0
3.173648100E1,-7.449109497E0,-1.511421982E1,-3.507206726E-1
3.174624700E1,-6.136489105E0,-1.397404083E1,1.661245422E0
3.175604300E1,-5.728737030E0,-1.346120728E1,2.751877441E0
3.176580900E1,-5.217849426E0,-1.423584641E1,3.618126068E0
3.177557400E1,-3.957171021E0,-1.566073334E1,4.548740845E0
3.178534000E1,-1.851350098E0,-1.679672104E1,5.201084290E0
3.179510500E1,3.372486877E-1,-1.675450882E1,5.451363831E0
3.180487100E1,8.675958252E-1,-1.556268723E1,3.957769775E0
3.181466250E1,-1.326840820E0,-1.455528214E1,2.271975403E0
3.182442850E1,-2.097588043E0,-1.266426453E1,5.128335571E-1
3.183419350E1,-1.773362274E0,-1.222328156E1,-1.248703308E0
3.184395950E1,-2.061513062E0,-1.155297546E1,-2.318528595E0
3.185372550E1,-3.102149048E0,-9.793085175E0,-2.334395599E0
3.186352150E1,-4.326004028E0,-7.603737946E0,-1.648372192E0
3.187328650E1,-4.192930756E0,-5.845943298E0,-1.017583923E0
3.188305250E1,-4.208648071E0,-4.576133881E0,-8.376580811E-1
3.189281850E1,-4.782704315E0,-4.687801666E0,-6.486012268E-1
3.190258350E1,-3.078498230E0,-5.726491699E0,-1.309027863E0
3.191237950E1,-2.288590851E0,-5.444777527E0,-1.786235504E0
3.192214550E1,-3.103196869E0,-4.617747345E0,-1.071621552E0
3.193191150E1,-3.865262146E0,-4.224814453E0,-8.846603394E-1
3.194167650E1,-4.436174927E0,-4.051624603E0,-9.689350891E-1
3.195144250E1,-4.144581299E0,-4.211791534E0,-6.725514221E-1
3.196123850E1,-2.575693817E0,-4.810546417E0,-9.636959839E-1
3.197100450E1,-1.133892059E0,-5.091512146E0,-1.055305481E-1
3.198076950E1,2.929408264E-1,-4.593048706E0,1.287472687E0
3.199053550E1,1.328786774E0,-3.697910156E0,2.123933258E0
3.200030150E1,1.774410095E0,-3.035238190E0,2.985092468E0
3.201009750E1,1.163680115E0,-2.653981018E0,3.124153290E0
3.201986250E1,9.758207703E-1,-2.289339294E0,2.580932922E0
3.202962850E1,1.613794098E0,-1.995500336E0,2.552042999E0
3.203939450E1,1.848955078E0,-1.982776794E0,2.541714478E0
3.204915950E1,1.434017944E0,-2.063459015E0,2.296823730E0
3.205895550E1,7.378157043E-1,-2.559377747E0,1.664239197E0
3.206872150E1,-8.647517395E-1,-3.383563843E0,7.918533325E-2
3.207848750E1,-2.128573608E0,-4.343966675E0,-1.611848145E0
3.208825250E1,-2.653382263E0,-7.127578125E0,-4.397555237E0
3.209801850E1,-2.408042450E0,-1.115180969E1,-9.518106995E0
3.210781450E1,-2.543361053E0,-1.757659927E1,-1.615365829E1
3.211758050E1,-4.959187317E0,-2.372656036E1,-2.136641830E1
3.212734550E1,-9.399852905E0,-2.211755630E1,-1.963242416E1
3.213711150E1,-7.793692932E0,-1.526196259E1,-1.749621643E1
3.214687750E1,-5.026098175E0,-1.015158966E1,-1.341989319E1
3.215667350E1,-2.457739105E0,-8.249644775E0,-9.398356018E0
3.216643850E1,-9.690847778E-1,-7.538623352E0,-7.043752441E0
3.217620450E1,8.626560974E-1,-6.613996124E0,-4.162244568E0
3.218597050E1,2.065404968E0,-7.821535034E0,2.017803955E-1
3.219573550E1,-1.903441772E0,-1.088626190E1,-3.397933960E-2
3.220553150E1,-1.675465851E0,-1.211370941E1,1.015937347E0
3.221529750E1,-2.453697510E0,-1.286260208E1,1.340612183E0
3.222506350E1,-3.242856445E0,-1.479643066E1,-5.330415344E-1
3.223482850E1,-2.546953583E0,-1.634331390E1,-4.184548187E0
3.224459450E1,-1.498084717E0,-1.697335373E1,-5.062322845E0
3.225435950E1,-2.405497742E-1,-1.599049759E1,-5.467230835E0
3.226415650E1,-6.700067139E-1,-1.426758041E1,-3.612587585E0
3.227392150E1,-1.721120911E0,-1.165835632E1,-4.011657715E0
3.228368750E1,-1.923500061E0,-9.342671814E0,-3.227438507E0
3.229345250E1,-1.098715210E-1,-8.864416351E0,-2.028581543E0
3.230321850E1,1.918710022E0,-8.280330963E0,-5.725593567E-1
3.231298450E1,2.202519836E0,-7.117249603E0,1.414259033E0
3.232278050E1,2.936593323E0,-6.820416870E0,1.535207520E0
3.233254550E1,2.884801025E0,-7.215894470E0,9.636959839E-1
3.234231150E1,9.683363342E-1,-8.920699310E0,3.724255371E-1
3.235207750E1,3.814068604E-1,-1.071007828E1,3.149450684E-1
3.236184250E1,6.888674927E-1,-1.015308655E1,4.784051514E-1
3.237163850E1,9.243278503E-1,-9.320517883E0,1.115630035E0
3.238140450E1,9.900411987E-1,-8.557105408E0,1.711690521E0
3.239117050E1,5.439688110E-1,-7.700586548E0,2.265688477E0
3.240093550E1,3.936813354E-1,-7.167844391E0,9.081614685E-1
3.241073250E1,3.996688843E-2,-6.831044769E0,-2.061213684E-1
3.242049750E1,2.303709412E-1,-6.330485687E0,2.627037048E-1
3.243026350E1,8.155041504E-1,-6.543193359E0,-2.026785278E0
3.244002850E1,6.831793213E-1,-7.501799927E0,-2.842888184E0
3.244979450E1,3.200344849E-1,-9.231453094E0,-2.070344696E0
3.245959050E1,-3.450325012E-1,-1.036010605E1,-7.523355103E-1
3.246935650E1,-7.044351196E-1,-1.064975372E1,1.721420288E-2
3.247912150E1,2.396366730E0,-9.855205994E0,-2.550845490E0
3.248888750E1,2.297272797E0,-7.759713593E0,-4.413871307E0
3.249865350E1,-3.005001068E0,-7.998916168E0,-3.356919250E0
3.250844950E1,-5.143154755E0,-1.038839722E1,-1.823208618E-1
3.251821450E1,-3.301684113E0,-9.064550171E0,2.328108673E0
3.252798050E1,-2.406395874E0,-1.082967957E1,3.610791321E0
3.253774650E1,-2.226320343E0,-1.080572937E1,1.439257050E0
3.254751150E1,-2.458337860E0,-8.302484894E0,-9.473799133E-1
3.255730750E1,-3.280278625E0,-7.011719055E0,-1.369951172E0
3.256707350E1,-2.007325745E0,-7.283104706E0,-9.315129089E-1
3.257683950E1,-8.875044250E-1,-7.384144592E0,-1.459015961E0
3.258660450E1,-5.777984619E-2,-7.791148224E0,-2.753074951E0
3.259637050E1,6.598278809E-1,-8.610244904E0,-4.310735779E0
3.260616650E1,9.945318604E-1,-9.097631378E0,-4.550387421E0
3.261593250E1,7.469467163E-1,-9.417516174E0,-3.211870880E0
3.262569750E1,7.277865601E-1,-1.033301239E1,-2.493664398E0
3.263546350E1,7.020401001E-2,-1.109597580E1,-2.620750122E0
3.264522950E1,-7.894583130E-1,-1.189681046E1,-3.478167114E0
3.265499450E1,-1.434766388E0,-1.219663696E1,-3.706741791E0
3.266479050E1,-1.912273407E0,-1.168574936E1,-2.914589081E0
3.267455650E1,-3.022664337E0,-1.159608582E1,-2.889141998E0
3.268432250E1,-4.841531982E0,-1.168051025E1,-2.208058319E0
3.269408750E1,-6.289620667E0,-1.138307877E1,-8.659492493E-1
3.270385350E1,-6.474037170E0,-9.762698364E0,3.432362366E-1
3.271361850E1,-6.115682373E0,-7.466473389E0,1.460363159E0
3.272341550E1,-5.087620239E0,-7.089557190E0,1.746867371E0
3.273318050E1,-3.083587646E0,-7.183262329E0,2.789898376E0
3.274294650E1,-2.001038818E0,-8.128247223E0,1.253193970E0
3.275271150E1,-2.760709076E0,-9.184001770E0,3.719764709E-1
3.276247750E1,-3.948339386E0,-9.619446259E0,-5.132826233E-1
3.277224350E1,-4.729415131E0,-9.690099335E0,-7.472460938E-1
3.278203950E1,-4.612208862E0,-1.048749115E1,-1.641486511E0
3.279180550E1,-4.319118347E0,-1.144624741E1,-2.274669800E0
3.280157050E1,-4.561614075E0,-1.296633636E1,-2.906056824E0
3.281133650E1,-5.175337830E0,-1.462069611E1,-3.212170258E0
3.282109500E1,-5.280419312E0,-1.519235733E1,-3.099005585E0
3.283089200E1,-4.039499817E0,-1.456980194E1,-3.367397461E0
3.284065700E1,-2.758014679E0,-1.394904282E1,-3.540437622E0
3.285042300E1,-1.709594879E0,-1.376208160E1,-3.150947571E0
3.286018800E1,-7.891589355E-1,-1.372929977E1,-3.325185242E0
3.286995400E1,-1.129102020E0,-1.438882828E1,-4.431384888E0
3.287972000E1,-1.910926208E0,-1.485840179E1,-4.711452484E0
3.288951600E1,-2.976859589E0,-1.511721359E1,-4.153712311E0
3.289928100E1,-3.418441315E0,-1.607641891E1,-3.426374817E0
3.290904700E1,-2.316582642E0,-1.475601471E1,-1.873803406E0
3.291881300E1,-8.714877319E-1,-1.343396393E1,-1.173409882E0
3.292860900E1,4.944218445E-1,-1.407014099E1,-5.813909912E-1
3.293837400E1,1.718875580E0,-1.515283951E1,2.805166626E-1
3.294814000E1,3.049009552E0,-1.600546646E1,1.325343933E0
3.295790600E1,4.516857147E0,-1.641411667E1,1.987716522E0
3.296767100E1,5.420677643E0,-1.570010147E1,2.414029999E0
3.297743700E1,5.364694061E0,-1.397658554E1,2.122735748E0
3.298723300E1,4.850513306E0,-1.225621307E1,1.656305695E0
3.299699900E1,4.343966675E0,-1.162138321E1,6.048921204E-1
3.300676400E1,3.404071198E0,-1.093131821E1,-2.902464294E-1
3.301653000E1,2.093097382E0,-9.945617981E0,-1.306932220E0
3.302629600E1,1.528471527E0,-8.941356354E0,-2.506088562E0
3.303609200E1,7.149133301E-1,-8.028105469E0,-2.770738220E0
3.304585700E1,4.475692749E-2,-7.558082886E0,-2.218686218E0
3.305562300E1,2.360591125E-1,-8.028404846E0,-2.896327057E0
3.306538900E1,-7.315287781E-1,-8.126301270E0,-3.318748627E0
3.307515400E1,-2.246977386E0,-7.623047791E0,-2.718347168E0
3.308492000E1,-2.427501984E0,-7.269632721E0,-2.043400726E0
3.309471600E1,-2.231559448E0,-6.707252197E0,-2.292183380E0
3.310448200E1,-1.593137054E0,-5.947881317E0,-2.047142944E0
3.311424700E1,-1.158890076E0,-5.005291443E0,-1.824555817E0
3.312401300E1,-7.156617737E-1,-4.567901001E0,-7.036866760E-1
3.313380900E1,-2.173480225E-1,-4.775968323E0,-1.585802307E0
3.314357500E1,1.606908417E0,-4.535119171E0,-9.819580078E-2
3.315334000E1,2.918331299E0,-3.750301208E0,1.194366302E0
3.316310600E1,2.545307007E0,-2.821183319E0,1.830094299E0
3.317287200E1,2.044149170E0,-1.968556366E0,2.086660767E0
3.318266800E1,2.299069061E0,-1.488953705E0,2.128872986E0
3.319243300E1,2.122286682E0,-9.193881226E-1,1.238524475E0
3.320219900E1,2.045496368E0,-9.217831421E-1,1.274749146E0
3.321196500E1,2.736459503E0,-3.293151855E-1,1.201551361E0
3.322173000E1,2.619702301E0,-1.002914429E-2,6.649172974E-1
3.323152600E1,1.943708038E0,-7.274871826E-2,-1.802252197E-1
3.324129200E1,1.018332367E0,-1.044976959E0,-1.050964508E0
3.325105800E1,2.945874023E-1,-2.947221222E0,-1.850901031E0
3.326082300E1,3.173400879E-2,-5.535488892E0,-3.196003876E0
3.327058900E1,-1.956431580E-1,-9.265582123E0,-5.845793610E0
3.328038500E1,6.222560120E-1,-1.465003510E1,-1.081366287E1
3.329015100E1,2.856060791E-1,-2.186787552E1,-2.013882111E1
3.329991600E1,-2.067201233E0,-2.672093353E1,-2.647274963E1
3.330968200E1,7.963439941E-1,-2.118574402E1,-1.969229965E1
3.331944700E1,8.357121277E-1,-1.114836685E1,-1.334145630E1
3.332924400E1,1.731748810E0,-8.036637726E0,-7.318431244E0
3.333900900E1,4.493206329E0,-6.190377045E0,-3.730242920E0
3.334877500E1,6.804998932E0,-5.013674011E0,-1.576222229E-1
3.335854000E1,7.154222717E0,-8.024962006E0,-1.386117554E-1
3.336830600E1,4.729564819E0,-1.361239288E1,-1.588496704E0
3.337807200E1,4.848417664E0,-1.573423050E1,-1.773661652E0
3.338786800E1,4.879253540E0,-1.461276260E1,-3.799997864E0
3.339763300E1,3.392395477E0,-1.566821777E1,-4.934788055E0
3.340739900E1,1.773811340E0,-1.627355896E1,-4.919070740E0
3.341716500E1,7.571255493E-1,-1.426533508E1,-4.429738312E0
3.342696100E1,2.440225525E0,-9.674382019E0,-2.672243042E0
3.343672600E1,4.102219391E0,-6.628515930E0,-1.403481445E0
3.344649200E1,4.156855774E0,-6.231691132E0,7.484436035E-3
3.345625800E1,4.206851807E0,-6.559210052E0,6.990463257E-2
3.346602300E1,3.945794678E0,-6.543492737E0,1.240919495E-1
3.347581900E1,3.396437073E0,-7.131619720E0,8.074209595E-1
3.348558500E1,3.181484070E0,-8.016130371E0,7.903564453E-1
3.349535100E1,2.449506226E0,-9.421557770E0,2.872526550E-1
3.350511600E1,1.381776581E0,-1.083387085E1,1.032852173E-1
3.351488200E1,9.583071899E-1,-1.150238068E1,-1.498384094E-1
3.352464800E1,2.661465454E-1,-1.045081741E1,-8.181985474E-1
3.353444400E1,-4.700225830E-2,-9.159602509E0,-1.207239532E0
3.354420900E1,7.300318909E-1,-8.284971313E0,-1.039438477E0
3.355397500E1,1.002914429E0,-7.606132965E0,2.492317200E-1
3.356374100E1,6.429130554E-1,-7.938142548E0,1.237027588E0
3.357350600E1,7.140151978E-2,-9.308243408E0,1.817819824E0
3.358330200E1,-1.169068909E0,-1.029065048E1,2.091450806E0
3.359306800E1,-2.560575256E0,-1.050320847E1,1.363065491E0
3.360283400E1,-3.869603119E0,-1.067071014E1,6.015989685E-1
3.361259900E1,-4.807253265E0,-1.107262436E1,-8.487350464E-2
3.362236500E1,-4.299060059E0,-1.070483917E1,-7.271878052E-1
3.363213100E1,-3.611988831E0,-1.023781036E1,-2.517165527E0
3.364192700E1,-1.106049957E0,-9.557924194E0,-3.182681580E0
3.365169200E1,5.475613403E-1,-9.378597107E0,-3.328029327E0
3.366145800E1,2.347119141E-1,-9.535919952E0,-4.164190521E0
3.367122400E1,-7.424560547E-1,-8.966204681E0,-3.441792755E0
3.368098900E1,-9.053173828E-1,-8.489146729E0,-2.431393890E0
3.369078500E1,-8.301736450E-1,-8.503965912E0,-1.371148682E0
3.370055100E1,-2.043251038E-1,-8.839717712E0,-1.004710693E0
3.371031700E1,-4.475692749E-1,-8.471184082E0,-7.939489746E-1
3.372008200E1,-9.436376953E-1,-8.159083099E0,-4.376898193E-1
3.372984800E1,-3.366499329E-1,-8.425229645E0,-6.405180359E-1
3.373964400E1,5.963598633E-1,-8.796906738E0,-7.229965210E-1
3.374941000E1,1.330882416E0,-8.779093781E0,-3.767665100E-1
3.375917500E1,1.515448608E0,-8.468639374E0,4.960684204E-1
3.376894100E1,1.064735870E0,-8.274343414E0,1.509910126E0
3.377870600E1,5.297483826E-1,-8.636889496E0,1.640588379E0
3.378847200E1,5.944139099E-1,-8.755293274E0,8.816665649E-1
3.379826800E1,1.221459961E-1,-9.432784424E0,2.830613708E-1
3.380803400E1,-7.713459778E-1,-1.044902115E1,-2.080523529E0
3.381779367E1,-1.477277985E0,-1.104074066E1,-4.263883209E0
3.382755967E1,-1.944306793E0,-1.101963455E1,-5.288652191E0
3.383732567E1,-2.189945984E0,-1.097158447E1,-5.683980103E0
3.384712167E1,-2.589165802E0,-1.154174881E1,-5.113217010E0
3.385688667E1,-3.208727417E0,-1.231548981E1,-4.225263519E0
3.386665267E1,-3.622467041E0,-1.265258881E1,-3.840264130E0
3.387641867E1,-3.520678711E0,-1.135568573E1,-3.055895233E0
3.388621467E1,-2.824775848E0,-9.719288635E0,-1.658101959E0
3.389598067E1,-2.002685394E0,-8.924591217E0,-3.957769775E-1
3.390574567E1,-1.756746826E0,-8.726702728E0,9.014254761E-1
3.391551167E1,-1.453028412E0,-8.738677826E0,1.780996399E0
3.392527667E1,-8.292755127E-1,-9.756411438E0,1.519041138E0
3.393507367E1,-1.384321289E0,-9.413324890E0,1.730251923E0
3.394483867E1,-2.530637512E0,-9.355245667E0,1.552571411E0
3.395460467E1,-3.385958862E0,-9.934840393E0,1.069675598E0
3.396436967E1,-4.583917694E0,-1.056443115E1,8.366102600E-1
3.397416667E1,-5.000202026E0,-1.232432144E1,-7.789801025E-1
3.398393167E1,-4.392166443E0,-1.390054367E1,-3.121458893E0
3.399369767E1,-3.394491119E0,-1.468640945E1,-4.467609558E0
3.400346267E1,-2.623743896E0,-1.489507553E1,-4.530778198E0
3.401325967E1,-2.108066254E0,-1.456112000E1,-3.842958527E0
3.402302467E1,-1.467398529E0,-1.404409515E1,-3.342549133E0
3.403279067E1,-7.020401001E-1,-1.403077286E1,-4.137396240E0
3.404255567E1,-9.280700684E-2,-1.366747833E1,-4.638404388E0
3.405232167E1,-1.230441284E-1,-1.436038742E1,-5.225932617E0
3.406211767E1,-8.195457458E-1,-1.670361465E1,-5.491031342E0
3.407188367E1,-1.035097504E0,-1.627984589E1,-3.889062653E0
3.408164867E1,-3.665876770E-1,-1.450932770E1,-1.182091827E0
3.409141467E1,2.721340942E-1,-1.358874207E1,3.881428528E-1
3.410118067E1,4.894821167E-1,-1.401131332E1,9.913883972E-1
3.411097667E1,1.008602600E0,-1.478819778E1,1.508263550E0
3.412074167E1,2.116598511E0,-1.495525040E1,1.310674438E0
3.413050767E1,3.666176147E0,-1.461710358E1,1.235530701E0
3.414027367E1,4.808001709E0,-1.401251083E1,7.673043823E-1
3.415006967E1,5.377866669E0,-1.333726501E1,5.896238708E-1
3.415983467E1,5.263953552E0,-1.255439301E1,6.653663635E-1
3.416960067E1,4.664150848E0,-1.149714157E1,8.098159790E-2
3.417936667E1,3.439098358E0,-1.060724213E1,-8.262817383E-1
3.418913167E1,2.561623077E0,-9.565558319E0,-1.276096344E0
3.419892867E1,1.048419800E0,-8.150850220E0,-1.780098267E0
3.420869367E1,5.780978394E-1,-8.146359558E0,-1.900298309E0
3.421845967E1,5.544470215E-1,-7.994425507E0,-2.628084869E0
3.422822467E1,6.463558960E-1,-8.422385559E0,-3.295846252E0
3.423799067E1,-5.038522339E-1,-8.068371735E0,-2.662363586E0
3.424778667E1,-9.440867615E-1,-7.533384247E0,-1.392703857E0
3.425755267E1,-6.620732117E-1,-7.635172577E0,-1.323547668E0
3.426731767E1,-6.063890076E-1,-7.209158478E0,-1.288370819E0
3.427708367E1,-7.765850830E-1,-5.832022247E0,-7.125183105E-1
3.428684967E1,-1.158590698E0,-4.913083191E0,-4.049079895E-1
3.429664567E1,-9.099577332E-1,-4.982688446E0,-9.466314697E-1
3.430641067E1,5.113366699E-1,-4.265978851E0,-9.865983582E-1
3.431617667E1,1.717229004E0,-3.976929932E0,-3.433859253E-1
3.432594267E1,1.997595978E0,-3.370391235E0,4.522096252E-1
3.433570767E1,1.739233246E0,-2.787653046E0,1.108744354E0
3.434550367E1,1.721120911E0,-2.237097931E0,1.601519623E0
3.435526967E1,1.504221954E0,-1.739532623E0,1.710343323E0
3.436503567E1,1.486109619E0,-1.258283386E0,1.693428497E0
3.437480067E1,1.715133362E0,-8.117619324E-1,1.803000641E0
3.438456667E1,1.755399628E0,-2.959346008E-1,1.708696747E0
3.439433267E1,1.801952820E0,-5.239105225E-3,1.217867432E0
3.440412867E1,1.638343048E0,-5.792953491E-2,6.038442993E-1
3.441389367E1,1.331331482E0,-7.629634094E-1,-3.682342529E-1
3.442365967E1,1.065035248E0,-2.051633606E0,-1.356479187E0
3.443342567E1,9.726773071E-1,-4.421804810E0,-2.655777283E0
3.444322167E1,8.928932190E-1,-8.586444397E0,-5.453609161E0
3.445298667E1,1.826651459E0,-1.489522522E1,-1.127575195E1
3.446275267E1,2.857258301E0,-2.260853531E1,-1.912063843E1
3.447251867E1,2.568359070E0,-2.842214584E1,-2.427187637E1
3.448228367E1,2.243085480E0,-2.770319092E1,-2.197625015E1
3.449204967E1,1.699116669E0,-1.732257751E1,-1.405352554E1
3.450184567E1,2.863245850E0,-1.058104660E1,-9.150471497E0
3.451161167E1,5.464536438E0,-5.839057617E0,-4.805606689E0
3.452137667E1,7.797584839E0,-3.459755402E0,1.199605408E0
3.453114267E1,6.780449982E0,-6.910679169E0,1.523681488E0
3.454090767E1,5.178331604E0,-1.163889679E1,-2.066452789E0
3.455070467E1,4.123325500E0,-1.443448334E1,-3.295846252E0
3.456046967E1,3.202889557E0,-1.511721359E1,-3.451223145E0
3.457023567E1,3.291505280E0,-1.669493271E1,-4.413272552E0
3.458000167E1,2.920426941E0,-1.709011093E1,-6.353238373E0
3.458979767E1,2.265688477E0,-1.528112274E1,-5.927972717E0
3.459956267E1,2.892884216E0,-1.106049957E1,-2.193837891E0
3.460932867E1,4.316423950E0,-6.987469482E0,6.074368286E-1
3.461909467E1,5.067561951E0,-5.286406860E0,5.051994324E-1
3.462885967E1,5.659281464E0,-5.312901764E0,-9.503736877E-1
3.463865567E1,5.663023682E0,-5.288203125E0,-1.178050232E0
3.464842167E1,4.891078949E0,-5.239105225E0,-2.481838989E-1
3.465818767E1,3.590733032E0,-5.085823975E0,1.047671356E0
3.466795267E1,2.724334717E0,-6.009104004E0,1.084345093E0
3.467771867E1,2.217488708E0,-7.200626221E0,2.905458069E-1
3.468751467E1,1.595681763E0,-8.295299835E0,-1.713935852E-1
3.469728067E1,1.019230499E0,-9.441915436E0,8.307723999E-2
3.470704567E1,9.803114319E-1,-1.030591873E1,6.953041077E-1
3.471681167E1,9.599537659E-1,-1.116752701E1,1.227896576E0
3.472657667E1,9.047186279E-1,-1.200234100E1,2.298170929E0
3.473637367E1,9.003776550E-1,-1.244167740E1,3.037034454E0
3.474613867E1,3.129991150E-1,-1.166239792E1,2.384092255E0
3.475590467E1,-8.183482361E-1,-9.457632751E0,1.798959045E0
3.476566967E1,-2.171085205E0,-8.099207611E0,1.522334290E0
3.477543567E1,-2.903512115E0,-8.277786255E0,1.579066315E0
3.478520167E1,-3.695215759E0,-8.861721954E0,1.775308228E0
3.479499767E1,-4.439468079E0,-9.082812195E0,1.900897064E0
3.480476267E1,-5.159770203E0,-8.468639374E0,1.935175781E0
3.481452867E1,-6.151308289E0,-7.464677124E0,2.090253296E0
3.482428004E1,-6.108796692E0,-7.527845764E0,1.130748596E0
3.483404504E1,-3.603456573E0,-9.052425385E0,4.318519592E-1
3.484384104E1,-1.313817902E0,-8.812923431E0,8.315208435E-1
3.485360704E1,-6.797364807E-1,-9.690847778E0,3.158432007E-1
3.486337304E1,-8.056246948E-1,-1.094883179E1,-2.253563690E0
3.487313804E1,-9.894424438E-1,-1.151091293E1,-5.386548615E0
3.488293504E1,-5.435197449E-1,-1.104373444E1,-8.795409851E0
3.489270004E1,-1.871109009E-2,-1.023287064E1,-7.905061340E0
3.490246604E1,-4.816983032E-1,-9.653275909E0,-2.531685333E0
3.491223104E1,-8.162525940E-1,-1.020368134E1,-3.821553040E-1
3.492199704E1,-2.848576355E-1,-1.018122803E1,-6.649172974E-1
3.493179304E1,-7.065307617E-2,-9.064250793E0,-8.411009216E-1
3.494155904E1,-4.498146057E-1,-8.486452332E0,-3.305126953E-1
3.495132404E1,-9.698332214E-1,-8.411757660E0,1.739981689E0
3.496109004E1,-8.773255920E-1,-9.224268036E0,2.125729523E0
3.497085604E1,-5.968089294E-1,-1.005384293E1,4.977149963E-1
3.498065204E1,-1.534309387E-1,-1.028541138E1,-9.270222473E-1
3.499041704E1,-1.998344421E-1,-1.075812836E1,-3.072810059E0
3.500018304E1,-5.367837524E-1,-1.165611099E1,-4.605472870E0
3.500994904E1,-8.562194824E-1,-1.135972733E1,-4.992118835E0
3.501974504E1,-1.930685120E0,-1.265453476E1,-4.158502350E0
3.502951004E1,-3.949686584E0,-1.357571915E1,-3.074007568E0
3.503927604E1,-5.522465973E0,-1.276560379E1,-1.591490479E0
3.504904204E1,-5.524561615E0,-1.233390152E1,-1.334025879E0
3.505880704E1,-4.693190460E0,-9.263636169E0,-7.430548096E-1
3.506860304E1,-3.845952301E0,-6.640041962E0,-3.138972473E-1
3.507836904E1,-3.803889771E0,-5.580245819E0,7.780819702E-1
3.508813504E1,-4.148473206E0,-5.724246368E0,1.407822418E0
3.509790004E1,-4.459226990E0,-7.214397583E0,1.297801208E0
3.510766604E1,-5.107828217E0,-8.775650940E0,9.635462952E-1
3.511743204E1,-5.257067871E0,-9.628128204E0,-1.163081360E-1
3.512722804E1,-5.307063904E0,-1.113100296E1,-1.357826385E0
3.513699304E1,-5.463638306E0,-1.239677078E1,-2.196083221E0
3.514675904E1,-5.541027374E0,-1.334025879E1,-2.602488098E0
3.515652504E1,-5.494923248E0,-1.489223145E1,-3.196303253E0
3.516629004E1,-5.194198608E0,-1.560744415E1,-3.683839417E0
3.517608604E1,-4.812791748E0,-1.567989349E1,-4.009113007E0
3.518585204E1,-3.974983978E0,-1.510389130E1,-4.158053284E0
3.519561804E1,-2.822829895E0,-1.384321289E1,-4.371659088E0
3.520538304E1,-1.685345306E0,-1.359053833E1,-4.250860291E0
3.521514904E1,-8.999285889E-1,-1.350491638E1,-3.705843658E0
3.522494504E1,-1.254840546E0,-1.616533401E1,-4.238585815E0
3.523471104E1,-1.903292084E0,-1.610964981E1,-4.290078735E0
3.524447604E1,-2.285297699E0,-1.419827454E1,-2.846630402E0
3.525424204E1,-2.393971710E0,-1.353949448E1,-2.829116821E-1
3.526400804E1,-2.252815247E0,-1.270737488E1,1.739532623E0
3.527377304E1,-1.979184265E0,-1.281545013E1,2.627635803E0
3.528356904E1,-1.084943848E0,-1.345462097E1,2.898422699E0
3.529333504E1,1.911524963E-1,-1.434736450E1,3.429667969E0
3.530310104E1,2.126028900E0,-1.538365952E1,4.056714020E0
3.531286604E1,3.921245728E0,-1.514370850E1,4.161346436E0
3.532263204E1,5.029241638E0,-1.560295349E1,3.110381927E0
3.533242804E1,5.275928650E0,-1.514984573E1,1.591490479E0
3.534219404E1,5.030289459E0,-1.380609009E1,-2.091151428E-1
3.535195904E1,4.478686523E0,-1.226699066E1,-2.008074188E0
3.536172504E1,2.901117096E0,-1.150208130E1,-2.482138367E0
3.537152104E1,1.466949463E0,-9.647587738E0,-2.154619446E0
3.538128704E1,-4.101470947E-2,-8.051905975E0,-2.359094238E0
3.539105204E1,-1.927391968E0,-7.551646271E0,-2.400857391E0
3.540081804E1,-4.001628571E0,-7.688461761E0,-1.550176392E0
3.541058304E1,-4.557722168E0,-8.450676727E0,-1.764979706E0
3.542038004E1,-3.389401703E0,-8.234675903E0,-2.488125916E0
3.543014504E1,-1.645528107E0,-7.421267395E0,-1.522633667E0
3.543991104E1,-9.131011963E-1,-6.340963898E0,-8.707392883E-1
3.544967604E1,-9.086105347E-1,-5.503455505E0,-2.803669739E-1
3.545947304E1,-1.728006592E0,-4.929548950E0,-3.233276367E-2
3.546923804E1,-2.471809845E0,-5.247787170E0,-4.011657715E-1
3.547900404E1,-2.179767151E0,-5.655838623E0,-9.451345825E-1
3.548876904E1,-1.507515106E0,-5.178181915E0,-8.783734131E-1
3.549853504E1,-3.043171692E-1,-4.250261536E0,2.652484131E-1
3.550833104E1,3.600013733E-1,-3.160527649E0,1.654659119E0
3.551809704E1,1.023870850E-1,-2.289488983E0,1.834135895E0
3.552786204E1,-1.583706665E-1,-2.019600220E0,1.606758728E0
3.553762804E1,1.517843628E-1,-1.716480560E0,1.846859436E0
3.554739404E1,1.086291046E0,-1.208736420E0,2.230811005E0
3.555719004E1,2.072590027E0,-9.228309631E-1,2.585722961E0
3.556695604E1,2.707419891E0,-6.798861694E-1,2.610571289E0
3.557672104E1,2.916235657E0,-3.719764709E-1,1.926942902E0
3.558648704E1,2.681972809E0,-7.861651611E-1,1.010398865E0
3.559625204E1,2.067650299E0,-1.672921143E0,-7.436535645E-1
3.560604904E1,1.117575989E0,-3.422033844E0,-2.838247833E0
3.561581404E1,-6.062393188E-2,-6.625522156E0,-5.669609985E0
3.562558004E1,-5.254074097E-2,-1.169083878E1,-9.928553467E0
3.563534504E1,2.594404907E0,-1.930056427E1,-1.649644547E1
3.564511104E1,3.712879028E0,-2.543136520E1,-1.890942764E1
3.565487704E1,1.825753326E0,-2.543869995E1,-1.732901413E1
3.566467304E1,1.430126038E0,-1.890942764E1,-1.367870499E1
3.567443804E1,1.625320129E0,-1.480271759E1,-1.003842499E1
3.568420404E1,3.193309479E0,-1.019050873E1,-6.643784180E0
3.569397004E1,4.464166718E0,-7.064858551E0,-2.980452118E0
3.570373504E1,4.673431549E0,-6.123466187E0,-1.395098877E0
3.571350104E1,3.588936768E0,-6.782246246E0,-1.440753937E0
3.572329704E1,3.213367767E0,-7.230713654E0,-1.394500122E0
3.573306304E1,2.918780365E0,-7.041207733E0,-1.705553284E0
3.574282804E1,2.754871216E0,-7.962242432E0,-1.748963013E0
3.575259404E1,2.125130768E0,-9.915680237E0,-2.539319458E0
3.576236004E1,1.995500336E0,-1.326526474E1,-4.491410065E0
3.577215604E1,1.771715698E0,-1.726045670E1,-7.097790070E0
3.578192104E1,9.119036865E-1,-2.038925034E1,-9.008865967E0
3.579168704E1,7.831713867E-1,-2.098037109E1,-9.443562012E0
3.580145304E1,6.096821594E-1,-1.717094284E1,-6.358926544E0
3.581121804E1,1.252445526E0,-1.285092636E1,-3.072959747E0
3.582100717E1,2.712209930E0,-9.633666687E0,3.189866638E-1
3.583077317E1,4.718637543E0,-6.374943237E0,1.641336823E0
3.584053917E1,5.598358154E0,-5.040767670E0,1.597328339E0
3.585030417E1,5.354964294E0,-4.872517548E0,2.314636688E0
3.586007017E1,4.533322906E0,-4.931943970E0,2.780467987E0
3.586986617E1,3.121009827E0,-4.846771088E0,2.281405792E0
3.587963217E1,2.093247070E0,-5.439538422E0,1.250050507E0
3.588939717E1,8.280780029E-1,-6.296805725E0,7.174580383E-1
3.589916317E1,2.462379456E-1,-7.333549805E0,5.526507568E-1
3.590892817E1,9.505233765E-2,-8.148155823E0,1.315165100E0
3.591872517E1,-3.284170532E-1,-8.767717438E0,2.046993256E0
3.592849017E1,-8.514294434E-1,-9.703122253E0,2.644101562E0
3.593825617E1,-1.664388885E0,-1.080722626E1,2.977158966E0
3.594802217E1,-2.466271362E0,-1.199380875E1,3.141367493E0
3.595781817E1,-3.149750061E0,-1.226324844E1,3.798201599E0
3.596758317E1,-4.021986237E0,-1.119671631E1,3.760779419E0
3.597734917E1,-4.651427307E0,-1.007973907E1,2.327509918E0
3.598711517E1,-5.067711639E0,-9.385782166E0,1.248104553E0
3.599688017E1,-5.277575226E0,-9.977351990E0,6.255491638E-1
3.600667617E1,-5.168003082E0,-1.024843826E1,6.589297485E-1
3.601644217E1,-4.776567078E0,-1.017119888E1,5.661227417E-1
3.602620817E1,-3.958218842E0,-8.876391449E0,5.069956970E-1
3.603597317E1,-3.418591003E0,-8.417745209E0,2.902464294E-1
3.604576917E1,-1.456770630E0,-8.885672150E0,-6.822811890E-1
3.605553517E1,-4.233197021E-1,-9.189989319E0,-1.510508881E0
3.606530117E1,-1.187630310E0,-9.829609222E0,-1.225800934E0
3.607506617E1,-2.549797668E0,-1.002255798E1,-2.381248169E0
3.608486217E1,-2.357896729E0,-9.899962921E0,-5.944737854E0
3.609462817E1,-1.495090942E0,-9.950857086E0,-8.466992798E0
3.610439417E1,-1.335373077E0,-9.665101318E0,-4.602778473E0
3.611415917E1,-1.660347290E0,-1.008782227E1,5.837860107E-2
3.612392517E1,-1.153950348E0,-9.622140656E0,9.816586304E-1
3.613372117E1,-8.316705322E-1,-8.794212341E0,3.462300110E-1
3.614348717E1,-7.737409973E-1,-8.259374542E0,8.274792480E-1
3.615325217E1,-1.128203888E0,-8.291258240E0,2.114502869E0
3.616301817E1,-1.233884125E0,-8.995992737E0,2.280058594E0
3.617281417E1,-9.897418213E-1,-1.065319656E1,9.306147766E-1
3.618258017E1,-5.414241028E-1,-1.168395309E1,-1.014739838E0
3.619234517E1,2.260299683E-2,-1.137918686E1,-3.517834625E0
3.620211117E1,-2.375559998E-1,-9.640702057E0,-5.046306152E0
3.621187617E1,-1.712438965E0,-8.714128876E0,-5.077890472E0
3.622167317E1,-4.437522125E0,-9.220675507E0,-3.453169098E0
3.623143817E1,-6.880442047E0,-1.030277527E1,-2.885100403E0
3.624120417E1,-7.957302704E0,-1.022179367E1,-1.680255890E0
3.625097017E1,-7.926167450E0,-1.010264145E1,-1.072968750E0
3.626076617E1,-6.617289276E0,-1.026744873E1,-2.027384033E0
3.627053117E1,-4.174519043E0,-8.391699371E0,-1.082848206E0
3.628029717E1,-2.738405457E0,-7.320826263E0,2.079176331E-1
3.629006317E1,-2.261497192E0,-6.645131378E0,1.325194244E0
3.629982817E1,-2.612666931E0,-6.970704346E0,1.938468933E0
3.630962417E1,-3.440445557E0,-8.247698822E0,1.756447449E0
3.631939017E1,-4.072131958E0,-9.250762939E0,9.883946228E-1
3.632915617E1,-4.204905853E0,-1.014275803E1,-3.844006348E-1
3.633892117E1,-4.657414856E0,-1.145477966E1,-1.607956238E0
3.634871717E1,-5.673352203E0,-1.271366180E1,-2.263892212E0
3.635848317E1,-6.647975464E0,-1.364637222E1,-3.008294220E0
3.636824917E1,-7.094945984E0,-1.388752075E1,-4.206253052E0
3.637801417E1,-6.584058380E0,-1.405726776E1,-5.225932617E0
3.638781017E1,-5.483247528E0,-1.374860962E1,-5.578150177E0
3.639757617E1,-4.570595398E0,-1.358919113E1,-5.269492035E0
3.640734217E1,-3.837869110E0,-1.362167358E1,-4.856800232E0
3.641710717E1,-3.709436188E0,-1.468521194E1,-4.459676056E0
3.642687317E1,-4.084855499E0,-1.615141296E1,-3.447780304E0
3.643666917E1,-4.015100555E0,-1.855945541E1,-3.562142487E0
3.644643517E1,-3.377725983E0,-1.727362930E1,-1.672921143E0
3.645620017E1,-2.556533661E0,-1.483055969E1,7.596702576E-1
3.646596617E1,-1.969604187E0,-1.371208557E1,3.016976166E0
3.647573117E1,-1.705253906E0,-1.361598541E1,3.746109924E0
3.648549717E1,-1.092727661E0,-1.396490982E1,3.838318176E0
3.649529317E1,2.095642090E-1,-1.451037552E1,3.736679535E0
3.650505917E1,2.121238861E0,-1.473535767E1,3.751349030E0
3.651482417E1,3.918102264E0,-1.467548218E1,3.546125793E0
3.652459017E1,4.819976807E0,-1.446606766E1,2.866688690E0
3.653435617E1,5.049449615E0,-1.393616959E1,1.829046478E0
3.654412117E1,4.493655396E0,-1.222253311E1,3.308120728E-2
3.655391717E1,2.497107239E0,-1.140732834E1,-1.346599731E0
3.656368317E1,4.812492371E-1,-1.034109558E1,-1.539398804E0
3.657344917E1,-4.595443726E-1,-9.673034821E0,-2.526895294E0
3.658321417E1,-7.138655090E-1,-9.065148926E0,-3.547622681E0
3.659298017E1,-2.010918274E0,-8.040679321E0,-3.273692322E0
3.660274617E1,-3.807033234E0,-7.005581818E0,-1.847607880E0
3.661254217E1,-5.314847717E0,-7.969577179E0,-1.748963013E0
3.662230717E1,-4.751868439E0,-7.962242432E0,-1.801952820E0
3.663207317E1,-2.490520935E0,-7.948171692E0,-8.095166016E-1
3.664183917E1,-5.872288513E-1,-6.123915253E0,-4.828958130E-1
3.665160417E1,-3.158282318E0,-5.009931793E0,-2.392025757E0
3.666140017E1,-4.229454803E0,-3.950584717E0,-9.303153992E-1
3.667116617E1,-3.484903107E0,-5.257816315E0,-6.271957397E-1
3.668093217E1,-2.698288879E0,-6.146518250E0,-9.825567627E-1
3.669069717E1,-1.252894592E0,-5.827232208E0,-1.856140137E-1
3.670046317E1,5.792953491E-1,-4.694088593E0,7.467970276E-1
3.671022917E1,1.387614441E0,-3.660188599E0,1.559906158E0
3.672002517E1,1.656305695E0,-2.597997437E0,1.922751617E0
3.672979017E1,1.630559235E0,-1.544937286E0,2.172133026E0
3.673955617E1,1.449435883E0,-1.457219696E0,2.561772766E0
3.674932217E1,2.119592285E0,-1.514101410E0,2.398312683E0
3.675908717E1,2.621797943E0,-1.132095795E0,2.101779327E0
3.676888317E1,2.647095337E0,-6.732998657E-1,1.673370209E0
3.677864917E1,2.323318634E0,-5.625302124E-1,9.610015869E-1
3.678841517E1,2.085912323E0,-7.517367554E-1,6.480024719E-1
3.679818017E1,1.756148071E0,-1.196012878E0,1.718426514E-1
3.680794617E1,1.199006653E0,-2.284399567E0,-4.815486145E-1
3.681771487E1,8.267308044E-1,-4.962480469E0,-1.697619781E0
3.682751187E1,3.586541748E-1,-8.170010376E0,-3.880530396E0
3.683727688E1,9.794132996E-1,-1.334265381E1,-8.628357239E0
3.684704288E1,6.586303711E-1,-1.941447739E1,-1.589813965E1
3.685680787E1,-8.918453979E-1,-2.562625992E1,-2.069102280E1
3.686657387E1,-1.115480347E0,-2.727777557E1,-2.040092606E1
3.687636988E1,5.897735596E-2,-2.111449219E1,-1.598720444E1
3.688613588E1,2.923570404E0,-1.468251755E1,-1.126033401E1
3.689590087E1,4.803810425E0,-1.008288254E1,-7.314838715E0
3.690566687E1,6.975195007E0,-6.860832825E0,-4.235592041E0
3.691546288E1,7.166048126E0,-6.499783630E0,-1.948647766E0
3.692522888E1,4.085154877E0,-8.964857483E0,-2.420915680E0
3.693499387E1,1.210832062E0,-1.121542740E1,-1.907633057E0
3.694475987E1,-9.851014709E-1,-1.289822800E1,-1.463806000E0
3.695455588E1,-9.855505371E-1,-1.487756195E1,-2.443818054E0
3.696432188E1,-4.876858521E-1,-1.699835175E1,-4.442461853E0
3.697408787E1,-1.292113037E0,-1.632669846E1,-5.586083679E0
3.698385287E1,-1.480421448E0,-1.455752747E1,-4.491709442E0
3.699361888E1,-6.228547668E-1,-1.166135010E1,-1.952090607E0
3.700341488E1,1.123563538E0,-8.268206177E0,-7.012916565E-1
3.701318087E1,3.519930267E0,-6.264772339E0,-1.802252197E-1
3.702294587E1,5.072501678E0,-6.326743469E0,-3.971241760E-1
3.703274188E1,5.564528503E0,-6.413562927E0,-1.607656860E-1
3.704250788E1,4.867278442E0,-6.086193695E0,8.791218567E-1
3.705227387E1,3.689527588E0,-6.098468170E0,1.402433624E0
3.706203887E1,2.696043549E0,-6.923702087E0,9.095086670E-1
3.707183488E1,1.948797455E0,-8.407865753E0,1.046174469E0
3.708160088E1,9.108558655E-1,-9.618398438E0,1.517244873E0
3.709136687E1,3.203338623E-2,-1.139969421E1,1.778451691E0
3.710113187E1,-8.632548523E-1,-1.255409363E1,2.110610962E0
3.711089788E1,-1.868713989E0,-1.303669006E1,2.675985260E0
3.712069388E1,-2.453248444E0,-1.159279266E1,3.199746094E0
3.713045987E1,-2.963986359E0,-9.037606201E0,3.702700195E0
3.714022487E1,-3.640729065E0,-7.258855133E0,4.184398499E0
3.714999088E1,-4.579876099E0,-6.656208344E0,3.911665649E0
3.715975588E1,-5.703289948E0,-6.484515381E0,3.471431122E0
3.716955287E1,-6.417604523E0,-7.323670349E0,3.493285675E0
3.717931787E1,-7.176825714E0,-8.349337463E0,2.688110046E0
3.718908388E1,-6.853797455E0,-9.053922272E0,1.446292419E0
3.719884888E1,-4.630770264E0,-1.022628433E1,6.547384644E-1
3.720861487E1,-2.109263763E0,-1.004186783E1,2.366578674E-1
3.721841087E1,-1.389560394E0,-1.000160156E1,-1.651066589E-1
3.722817688E1,-2.132315826E0,-9.964628448E0,-1.983225861E0
3.723794188E1,-2.319277039E0,-1.021894958E1,-5.541326752E0
3.724770787E1,-8.190966797E-1,-1.071876022E1,-1.037477554E1
3.725750387E1,4.978646851E-1,-1.291439438E1,-1.285661453E1
3.726726988E1,7.225474548E-1,-1.261067596E1,-6.790030060E0
3.727703588E1,-2.869532776E-1,-9.836644592E0,-6.349795532E-1
3.728680087E1,-1.582958221E0,-8.238717499E0,3.069067841E0
3.729656687E1,-2.251917114E0,-6.835834808E0,3.221301270E0
3.730636288E1,-2.276016998E0,-6.407575378E0,2.032323761E0
3.731612888E1,-2.059567108E0,-6.280040588E0,2.432890778E0
3.732589387E1,-2.298021240E0,-7.259453888E0,3.871399384E0
3.733565987E1,-2.597248993E0,-9.596843262E0,3.171454926E0
3.734542488E1,-2.284399567E0,-9.517807617E0,2.172582092E0
3.735522188E1,-1.914818115E0,-1.059391983E1,4.102967834E-1
3.736498687E1,-1.514700165E0,-1.209140579E1,-2.782264252E0
3.737475287E1,-9.756710815E-1,-1.192599976E1,-5.039270782E0
3.738454888E1,-1.542691956E0,-1.161270126E1,-5.959407349E0
3.739431488E1,-3.585044861E0,-1.087114334E1,-5.495671692E0
3.740407987E1,-6.181844788E0,-1.156060959E1,-4.417014771E0
3.741384587E1,-8.267008667E0,-1.088566315E1,-2.746338959E0
3.742361088E1,-8.751401367E0,-9.599238281E0,-2.219734039E0
3.743340788E1,-6.977140961E0,-8.098309479E0,-1.534159698E0
3.744317287E1,-4.337829437E0,-6.719376984E0,-4.819976807E-1
3.745293887E1,-3.025957489E0,-6.343658295E0,6.137237549E-1
3.746270388E1,-3.702400818E0,-6.545438690E0,1.564396820E0
3.747250088E1,-5.245841217E0,-7.829767914E0,2.025288391E0
3.748226587E1,-6.009553070E0,-8.958420868E0,1.590891724E0
3.749203187E1,-5.730682983E0,-1.006731491E1,6.060896301E-1
3.750179688E1,-6.078110504E0,-1.148965714E1,-1.841171265E-1
3.751156288E1,-6.976841583E0,-1.286933807E1,-7.464976501E-1
3.752135887E1,-7.816744995E0,-1.417926407E1,-1.632505188E0
3.753112487E1,-7.529192963E0,-1.491857666E1,-2.842439117E0
3.754088988E1,-6.604116669E0,-1.537437881E1,-3.988306274E0
3.755065588E1,-4.806055756E0,-1.503668106E1,-4.954097900E0
3.756042187E1,-3.571872253E0,-1.410322220E1,-5.076094208E0
3.757018687E1,-2.240989838E0,-1.362885864E1,-4.856500854E0
3.757998388E1,-1.357826385E0,-1.410636566E1,-4.301305389E0
3.758974888E1,-3.167563019E0,-1.774709473E1,-4.329895935E0
3.759951487E1,-4.258793793E0,-1.870300690E1,-4.082759857E0
3.760927987E1,-3.257975006E0,-1.607851456E1,-2.178569641E0
3.761904588E1,-2.230511627E0,-1.416100204E1,-5.489085388E-1
3.762884188E1,-2.454146576E0,-1.314102310E1,6.782395935E-1
3.763860787E1,-3.379073181E0,-1.338232132E1,1.717378693E0
3.764837287E1,-3.411256256E0,-1.390533371E1,2.286794586E0
3.765813888E1,-2.566263428E0,-1.463761093E1,2.845283203E0
3.766790488E1,-5.155279541E-1,-1.531345551E1,4.149221649E0
3.767770087E1,2.038161621E0,-1.566597244E1,4.429588623E0
3.768746587E1,3.572021942E0,-1.607611954E1,4.022135925E0
3.769723188E1,4.003424835E0,-1.493953308E1,3.426823883E0
3.770699788E1,3.771557007E0,-1.250589386E1,1.847757568E0
3.771679387E1,2.260449371E0,-1.115420471E1,-1.204994202E-1
3.772655887E1,1.130598907E0,-9.974657593E0,-9.650431824E-1
3.773632488E1,-6.511459351E-2,-8.810827789E0,-1.493444366E0
3.774609088E1,-1.631008301E0,-7.467371521E0,-1.442400513E0
3.775585587E1,-2.902314606E0,-6.528224487E0,-1.460213470E0
3.776565187E1,-4.047283630E0,-6.637497253E0,4.449347534E0
3.777541788E1,-1.741478577E0,-7.606731720E0,-1.760638733E0
3.778518388E1,-2.777174835E0,-6.644083557E0,-2.648292847E0
3.779494887E1,-5.272036743E-1,-7.501500549E0,-3.469934235E0
3.780471487E1,-2.335593109E0,-7.419620819E0,-6.923103333E-1
3.781451088E1,-3.185226288E0,-5.489833832E0,5.508544922E-1
3.782426792E1,-2.920277252E0,-4.839286652E0,-8.681945801E-2
3.783403292E1,-2.128723297E0,-4.830904083E0,-4.754113770E-1
3.784379892E1,-8.990304565E-1,-4.816084900E0,-4.146377563E-2
3.785356492E1,3.709286499E-1,-4.448000336E0,1.695973206E-1
3.786336092E1,1.274449768E0,-3.512595520E0,6.767427063E-1
3.787312592E1,7.167095947E-1,-2.815495148E0,8.601113892E-1
3.788289192E1,8.053253174E-2,-2.488724670E0,1.159937897E0
3.789265792E1,4.074526978E-1,-1.898352356E0,1.377734985E0
3.790242292E1,9.116043091E-1,-1.490450592E0,1.732946320E0
3.791221892E1,1.571881256E0,-1.185684357E0,2.211052094E0
3.792198492E1,1.902843018E0,-1.000669098E0,2.663261719E0
3.793175092E1,2.067201233E0,-6.471043396E-1,2.684068451E0
3.794151592E1,1.824406128E0,-5.733078003E-1,2.189796295E0
3.795128192E1,1.548230438E0,-9.927355957E-1,9.818083191E-1
3.796107792E1,1.137783966E0,-1.996398468E0,-8.975335693E-1
3.797084392E1,3.141966248E-1,-3.979923706E0,-2.093995514E0
3.798060892E1,-9.791139221E-1,-7.527696075E0,-5.476960602E0
3.799037492E1,-1.875749359E0,-1.470272552E1,-1.117605927E1
3.800014092E1,-1.876946869E0,-2.432486618E1,-1.815469711E1
3.800990592E1,-4.779261475E0,-3.050476501E1,-2.079370926E1
3.801970192E1,-4.995861053E0,-2.701028183E1,-1.883982239E1
3.802946792E1,-1.371298370E0,-1.782373535E1,-1.452190155E1
3.803923392E1,2.330503693E0,-1.228869553E1,-1.061023590E1
3.804899892E1,4.712051239E0,-7.857759705E0,-6.885980530E0
3.805876492E1,7.033423920E0,-4.852159882E0,-3.423081665E0
3.806856092E1,7.130272522E0,-4.503385162E0,1.570234680E-1
3.807832692E1,3.741020508E0,-9.648785248E0,-1.231788483E0
3.808809192E1,1.593586121E0,-1.100301910E1,-6.233038330E-1
3.809785792E1,3.055146790E-1,-1.135134476E1,-3.053649902E-1
3.810762292E1,1.667532349E-1,-1.264839752E1,-5.394781494E-1
3.811741992E1,-7.258406067E-1,-1.573452988E1,-1.923949127E0
3.812718492E1,-2.386786652E0,-1.869627090E1,-4.643942871E0
3.813695092E1,-3.170856171E0,-1.953497681E1,-7.740703125E0
3.814671592E1,-2.777474213E0,-1.850122650E1,-7.514822845E0
3.815651292E1,-2.131118317E0,-1.510314285E1,-4.245172119E0
3.816627792E1,4.629872131E-1,-9.006021881E0,-7.418572998E-1
3.817604392E1,4.142186279E0,-5.593418427E0,8.161029053E-1
3.818580892E1,5.630541229E0,-5.812413025E0,2.644550629E0
3.819557492E1,5.612129517E0,-6.096671906E0,3.195405121E0
3.820537092E1,5.018613739E0,-5.995033264E0,2.035018158E0
3.821513692E1,4.134552155E0,-5.812413025E0,9.342073059E-1
3.822490192E1,2.821632385E0,-5.467081146E0,6.165678406E-1
3.823466792E1,1.234632568E0,-6.270011444E0,1.946701813E0
3.824443392E1,-7.702981567E-1,-8.171656952E0,3.045117645E0
3.825419892E1,-2.475252686E0,-9.666897583E0,3.478316803E0
3.826399592E1,-4.006867676E0,-1.106274490E1,4.264631653E0
3.827376092E1,-4.914430389E0,-1.218615875E1,5.610782318E0
3.828352692E1,-5.040318604E0,-1.204126007E1,5.008434906E0
3.829329192E1,-3.297792206E0,-1.123788071E1,3.113226013E0
3.830308892E1,-2.186952209E0,-9.378896484E0,2.110012207E0
3.831285392E1,-1.738185425E0,-8.090974731E0,1.138682098E0
3.832261992E1,-8.795709229E-1,-8.040080566E0,2.489323425E-1
3.833238492E1,-1.267414398E0,-9.331594849E0,3.550616455E-1
3.834218192E1,-3.270997925E0,-1.117890335E1,9.175918579E-2
3.835194692E1,-4.368515625E0,-1.113010483E1,-1.516945496E0
3.836171292E1,-4.578528900E0,-1.016536102E1,-3.717070312E0
3.837147792E1,-4.696333923E0,-9.256451111E0,-4.366569672E0
3.838127492E1,-3.894451447E0,-8.695567474E0,-3.934717712E0
3.839103992E1,-3.229983215E0,-8.120463409E0,-3.524720306E0
3.840080592E1,-3.198249207E0,-8.019124146E0,-2.559527435E0
3.841057092E1,-2.862946472E0,-8.050558777E0,-2.800975342E0
3.842033692E1,-2.936892700E0,-7.938292236E0,-3.564687195E0
3.843013292E1,-3.170257416E0,-7.710166626E0,-2.234852600E0
3.843989892E1,-2.741698608E0,-7.424111481E0,-7.454498291E-2
3.844966392E1,-1.592837677E0,-7.917036438E0,1.675016785E0
3.845942992E1,-1.872605896E-1,-8.777596893E0,2.720891876E0
3.846922592E1,7.541317749E-1,-8.989556122E0,2.483485565E0
3.847899192E1,4.722679138E-1,-8.494984589E0,2.782114563E0
3.848875692E1,4.041595459E-2,-9.592951355E0,2.246678009E0
3.849852292E1,-3.646417236E-1,-1.026864624E1,6.858737183E-1
3.850831892E1,-1.107247467E0,-1.045740372E1,-2.227368164E-1
3.851808492E1,-1.664388885E0,-1.099897751E1,-2.445165253E0
3.852784992E1,-2.304158478E0,-1.147259262E1,-5.705535278E0
3.853761592E1,-2.396217041E0,-1.192989166E1,-8.528814240E0
3.854741192E1,-2.694546661E0,-1.225202179E1,-7.881111145E0
3.855717792E1,-3.908222809E0,-1.171478897E1,-5.263504486E0
3.856694392E1,-5.583538971E0,-1.104672821E1,-3.382665710E0
3.857670892E1,-6.211932220E0,-1.097293167E1,-2.895428925E0
3.858650492E1,-6.082900543E0,-1.186582489E1,-2.138303375E0
3.859627092E1,-4.215384064E0,-9.638307037E0,-1.691183167E0
3.860603692E1,-3.102747803E0,-8.478668518E0,-3.996688843E-2
3.861580192E1,-2.552791443E0,-8.197553101E0,7.053332520E-1
3.862559792E1,-1.908381500E0,-7.949369202E0,1.178050232E0
3.863536392E1,-1.017134857E0,-7.443271637E0,1.274150391E0
3.864512992E1,-1.141376495E0,-7.738308105E0,1.088087311E0
3.865489492E1,-2.528541870E0,-8.963061218E0,8.372090149E-1
3.866466092E1,-3.394191742E0,-8.931476898E0,1.749112701E0
3.867445692E1,-4.214186554E0,-1.022628433E1,4.052073669E-1
3.868422292E1,-4.215982819E0,-1.009934830E1,8.457412720E-1
3.869398792E1,-3.996688843E0,-1.054302567E1,4.846920776E-1
3.870375392E1,-3.653452606E0,-1.107576782E1,-7.173083496E-1
3.871354992E1,-3.506009216E0,-1.267219803E1,-2.296823730E0
3.872331592E1,-3.398981781E0,-1.339833801E1,-4.614454193E0
3.873308092E1,-5.228776703E0,-1.337842941E1,-4.949307861E0
3.874284692E1,-3.694467316E0,-1.242955261E1,-4.767136688E0
3.875264292E1,-2.446961517E0,-1.407567947E1,-4.681514740E0
3.876240892E1,-1.633553009E0,-1.511526764E1,-5.235961761E0
3.877217392E1,-8.961863708E-1,-1.467428467E1,-5.714366913E0
3.878193992E1,-1.141526184E0,-1.467533249E1,-6.483916626E0
3.879173592E1,-9.669891357E-1,-1.485421051E1,-7.691156158E0
3.880150192E1,-1.395098877E-1,-1.405083115E1,-7.320077820E0
3.881126692E1,1.962419128E-1,-1.331735641E1,-6.521787872E0
3.882101988E1,-3.068618774E-1,-1.299522629E1,-5.879323883E0
3.883081587E1,-1.710043945E0,-1.335208420E1,-4.999453583E0
3.884058187E1,-2.237397308E0,-1.415381699E1,-3.623814240E0
3.885034688E1,-1.275347900E0,-1.495599884E1,-2.291734314E0
3.886014287E1,7.369175720E-1,-1.577000610E1,-1.273252258E0
3.886990887E1,3.525468750E0,-1.626068573E1,4.333488464E-1
3.887967487E1,5.072651367E0,-1.659913193E1,3.337759094E0
3.888943988E1,5.381010132E0,-1.636591690E1,4.480183411E0
3.889923587E1,4.590803375E0,-1.415097290E1,3.960314484E0
3.890900187E1,2.400857391E0,-1.113908615E1,3.103047180E0
3.891876787E1,4.267625427E-1,-9.406738586E0,1.536554718E0
3.892853288E1,-2.013313293E-1,-8.754395142E0,-3.126997375E-1
3.893832887E1,-7.310797119E-1,-8.188571777E0,-1.540446625E0
3.894809487E1,-8.774752808E-1,-7.539072418E0,-1.811233521E0
3.895786087E1,-6.809339905E-1,-7.476801910E0,-2.473606110E0
3.896762588E1,-1.785037994E0,-7.122339020E0,-2.904709625E0
3.897742187E1,-2.374063110E0,-7.160210266E0,-2.973716125E0
3.898718787E1,-1.839824066E0,-7.102879486E0,-3.061134338E0
3.899695387E1,-2.424657898E0,-6.157295837E0,-2.974165192E0
3.900671888E1,-3.356619873E0,-5.807024231E0,-1.481020203E0
3.901648487E1,-3.244053955E0,-5.853427734E0,-1.478924561E-1
3.902628087E1,-1.919159088E0,-5.460494843E0,2.984793091E-1
3.903604687E1,5.498066711E-1,-4.493805084E0,4.222718811E-1
3.904581188E1,3.023113403E0,-2.979553986E0,1.428479462E0
3.905557787E1,2.680026855E0,-2.791544952E0,1.337019653E0
3.906537387E1,1.672023010E0,-2.794538727E0,1.642085266E0
3.907513987E1,1.794169006E0,-2.646795959E0,2.189496918E0
3.908490488E1,2.052531738E0,-2.287692719E0,2.408641205E0
3.909467087E1,2.285896454E0,-1.582509155E0,2.490970001E0
3.910446687E1,2.610571289E0,-1.205592957E0,2.498304749E0
3.911423287E1,1.822310486E0,-3.029699707E-1,1.750609589E0
3.912399788E1,1.251697083E0,3.697311401E-1,2.121987305E0
3.913376387E1,1.160836029E0,3.701802063E-1,1.966760101E0
3.914352987E1,1.415905609E0,-4.361929321E-1,3.001258850E-1
3.915332587E1,1.565594330E0,-2.579286346E0,-1.362915802E0
3.916309088E1,1.779050446E0,-5.606890411E0,-3.683839417E0
3.917285687E1,2.350112915E0,-9.913434906E0,-7.830965424E0
3.918262287E1,4.401596832E0,-1.545670761E1,-1.564202225E1
3.919238788E1,3.100352783E0,-2.167732178E1,-2.242516663E1
3.920218388E1,-1.204844513E0,-2.784479645E1,-2.397758835E1
3.921194987E1,-2.533631287E0,-2.874008469E1,-1.683204758E1
3.922171587E1,4.930746460E-1,-1.745056137E1,-1.148426834E1
3.923148088E1,3.453169098E0,-8.867110748E0,-6.728957062E0
3.924124688E1,5.398972778E0,-4.066743164E0,-4.903353424E0
3.925104287E1,5.771248627E0,-1.763183441E0,-2.469414825E0
3.926080887E1,3.713328094E0,-3.779340820E0,-1.437011719E0
3.927057388E1,3.132386169E0,-6.379882965E0,-7.674540710E-1
3.928033988E1,3.123404846E0,-9.162147217E0,-7.439529419E-2
3.929010587E1,2.666255493E0,-1.106409210E1,-2.071691895E-1
3.929990187E1,1.972597961E0,-1.260124557E1,-2.540516968E0
3.930966688E1,2.297422485E0,-1.491513382E1,-4.486919403E0
3.931943288E1,2.338736572E0,-1.675735291E1,-4.921166382E0
3.932919887E1,1.729054413E0,-1.673355240E1,-4.895868988E0
3.933896387E1,5.474116516E-1,-1.464644257E1,-3.133284302E0
3.934875988E1,3.790118408E-1,-1.095377151E1,-1.199306030E0
3.935852588E1,2.243983612E0,-8.492739258E0,-2.268682251E0
3.936829187E1,4.432283020E0,-8.866362305E0,-3.643872528E0
3.937805687E1,6.103707275E0,-8.848998413E0,-2.670596466E0
3.938782287E1,5.816604309E0,-8.026009827E0,-8.357121277E-1
3.939761888E1,4.244723053E0,-7.065157928E0,4.987628174E-1
3.940738487E1,2.896776123E0,-6.831793213E0,1.558109894E0
3.941714987E1,1.882185974E0,-7.676935730E0,1.741478577E0
3.942691588E1,1.051263885E0,-9.279203796E0,1.937421112E0
3.943668088E1,2.067201233E-1,-1.139445511E1,1.809437256E0
3.944647787E1,-8.499325562E-1,-1.319610855E1,2.282004547E0
3.945624287E1,-1.835932159E0,-1.261352005E1,2.858904877E0
3.946600888E1,-2.739303589E0,-1.054063065E1,3.120560760E0
3.947577388E1,-3.547323303E0,-8.956774292E0,3.752396851E0
3.948553987E1,-4.482129364E0,-8.263266449E0,3.202889557E0
3.949533587E1,-5.260211334E0,-7.632178802E0,2.404749298E0
3.950510188E1,-5.530249786E0,-7.209457855E0,2.408192139E0
3.951486788E1,-5.375471649E0,-7.425907745E0,1.999841309E0
3.952463287E1,-5.554050293E0,-8.380921783E0,1.331780548E0
3.953442887E1,-5.262007599E0,-9.541757812E0,7.406597900E-1
3.954419488E1,-4.968018951E0,-9.885592804E0,5.815406799E-1
3.955396088E1,-3.064876556E0,-9.960886230E0,5.367837524E-1
3.956372587E1,-8.574169922E-1,-9.848619690E0,-7.020401001E-2
3.957349187E1,-1.076261902E-1,-9.477990417E0,5.631289673E-1
3.958328788E1,-9.216334534E-1,-9.851314087E0,3.064128113E-1
3.959305388E1,-1.386566620E0,-1.064211960E1,-1.940714264E0
3.960281887E1,-1.316063232E0,-1.058239380E1,-3.276686096E0
3.961258487E1,-1.097817078E0,-9.707313538E0,-4.914580078E0
3.962234988E1,-1.191073151E0,-8.604556732E0,-7.443571014E0
3.963214688E1,-1.552571411E0,-8.565637665E0,-5.959407349E0
3.964191187E1,-2.068249054E0,-8.359516296E0,-1.889670410E0
3.965167787E1,-2.010319519E0,-8.438851318E0,1.142124939E0
3.966144288E1,-1.297651520E0,-9.050928497E0,2.085912323E0
3.967120888E1,-2.107617188E-1,-9.025780792E0,2.716251526E0
3.968100487E1,2.460882568E-1,-9.077872467E0,3.021317139E0
3.969077087E1,7.497908020E-1,-1.102741837E1,2.236349487E-1
3.970053588E1,9.063652039E-1,-1.157363251E1,-2.900069275E0
3.971030188E1,8.728349304E-1,-1.088985443E1,-2.456691284E0
3.972009787E1,4.273612976E-1,-9.988578644E0,-3.401376801E0
3.972986387E1,-8.370593262E-1,-9.833800507E0,-5.317542114E0
3.973962888E1,-4.159400482E0,-1.184247345E1,-6.027515717E0
3.974939488E1,-7.706424408E0,-1.277054352E1,-4.752317505E0
3.975916087E1,-9.658814392E0,-1.007659561E1,-3.253334656E0
3.976895687E1,-9.683363342E0,-7.227570190E0,-1.353934479E0
3.977872188E1,-8.272996216E0,-6.713838501E0,8.240364075E-1
3.978848788E1,-5.878126373E0,-7.076683960E0,1.425934753E0
3.979825387E1,-3.879781952E0,-7.825576630E0,8.027806091E-1
3.980801887E1,-3.304677887E0,-8.805438995E0,-1.923500061E-1
3.981778488E1,-3.858226776E0,-9.172176361E0,-7.436535645E-1
3.982756900E1,-4.530927887E0,-9.608668671E0,-8.955876160E-1
3.983733500E1,-5.024301910E0,-1.079076050E1,-1.094972992E0
3.984710000E1,-4.891977081E0,-1.170086792E1,-1.516346741E0
3.985686600E1,-4.928351440E0,-1.318667816E1,-2.457439728E0
3.986663200E1,-5.387895813E0,-1.434856201E1,-3.175197144E0
3.987642800E1,-5.786816254E0,-1.484178635E1,-4.120032349E0
3.988619300E1,-5.625302124E0,-1.453986420E1,-4.895868988E0
3.989595900E1,-5.154381409E0,-1.424333084E1,-5.555846558E0
3.990572500E1,-3.963907013E0,-1.404514297E1,-5.932762756E0
3.991549000E1,-2.553539886E0,-1.309147614E1,-5.658832397E0
3.992525600E1,-2.446512451E0,-1.522588760E1,-7.079078979E0
3.993505200E1,-2.876268768E0,-1.627071487E1,-6.718329163E0
3.994481800E1,-2.681972809E0,-1.542781769E1,-4.490062866E0
3.995458300E1,-2.948418732E0,-1.551478683E1,-1.400637360E0
3.996434900E1,-2.840642853E0,-1.493055176E1,1.708846436E0
3.997411500E1,-2.202220459E0,-1.437520660E1,3.983366547E0
3.998388000E1,-1.296154633E0,-1.443568085E1,4.848267975E0
3.999367600E1,1.029858398E-1,-1.531914368E1,5.258415070E0
4.000344200E1,1.800755310E0,-1.560534851E1,5.637875977E0
4.001320800E1,3.594475250E0,-1.539653275E1,5.875731354E0
4.002297300E1,4.473297729E0,-1.482157837E1,5.248984680E0
4.003276900E1,4.566553802E0,-1.398002838E1,3.644620972E0
4.004253500E1,4.010160828E0,-1.332663712E1,7.289840698E-1
4.005230100E1,2.716550903E0,-1.260828094E1,-1.942061462E0
4.006206600E1,1.280137939E0,-1.111319000E1,-2.874622192E0
4.007183200E1,1.664538574E-1,-9.653126221E0,-3.295546875E0
4.008159700E1,-2.472857666E-1,-8.902437286E0,-3.881877594E0
4.009139400E1,-1.387614441E0,-8.097261658E0,-3.650758209E0
4.010115900E1,-3.619024200E0,-6.482569427E0,-2.102228394E0
4.011092500E1,-4.423152008E0,-8.037835236E0,-1.834435272E0
4.012069000E1,-2.789000244E0,-8.589587860E0,-3.461701355E0
4.013048700E1,-1.911524963E0,-7.706274719E0,-2.680775299E0
4.014025200E1,-1.057251434E0,-6.515650635E0,-1.651365967E0
4.015001800E1,-1.563498688E0,-5.794749756E0,-4.387376404E-1
4.015978300E1,-2.061063995E0,-5.344336395E0,-6.987469482E-1
4.016954900E1,-2.788401489E0,-5.692063293E0,-9.415420532E-1
4.017934500E1,-2.800825653E0,-6.118825836E0,-1.284927979E0
4.018911100E1,-2.465073853E0,-5.980363770E0,-9.689350891E-1
4.019887700E1,-1.115480347E0,-5.390290833E0,2.960842896E-1
4.020864200E1,1.410067749E-1,-4.339176636E0,2.038610687E0
4.021840800E1,3.926335144E-1,-3.347339172E0,2.966531067E0
4.022820400E1,3.817062378E-2,-2.657573547E0,2.297422485E0
4.023797000E1,-3.412902832E-2,-2.032772827E0,2.046544189E0
4.024773500E1,4.599934387E-1,-1.763632507E0,2.558329926E0
4.025753100E1,1.686842194E0,-1.479373627E0,2.605930939E0
4.026729700E1,2.284399567E0,-8.725355530E-1,2.017953644E0
4.027706300E1,2.877017212E0,-2.168989563E-1,1.289418640E0
4.028682800E1,3.002456360E0,-8.427474976E-2,3.776646423E-1
4.029659400E1,2.660417633E0,-4.987628174E-1,-6.200106812E-1
4.030639000E1,1.418899384E0,-1.242566071E0,-1.914369049E0
4.031615600E1,6.878196716E-1,-3.288810883E0,-3.055296478E0
4.032592100E1,1.457968140E-1,-7.273524628E0,-4.788242798E0
4.033568700E1,1.251397705E0,-1.286649399E1,-8.589288483E0
4.034548300E1,2.165995789E0,-1.870330627E1,-1.338366852E1
4.035524900E1,5.794450378E-1,-2.276106812E1,-1.748409164E1
4.036501400E1,-5.553451538E-2,-2.304592575E1,-1.871408386E1
4.037478000E1,7.035369873E-3,-1.953647369E1,-1.495150818E1
4.038457600E1,1.543889465E0,-1.559576843E1,-1.041743683E1
4.039434200E1,3.103496246E0,-1.199485657E1,-6.389463043E0
4.040410700E1,4.425097961E0,-8.383316803E0,-4.627926178E0
4.041387300E1,5.620512085E0,-4.740342407E0,-2.650987244E0
4.042363800E1,4.448599091E0,-4.571643219E0,-2.145338745E0
4.043343500E1,3.482957153E0,-5.860313416E0,-1.919907532E0
4.044320000E1,2.918480988E0,-6.675218811E0,-8.045768738E-1
4.045296600E1,1.805096283E0,-7.635022888E0,-7.032376099E-1
4.046273100E1,1.077758789E-1,-9.226064301E0,-1.945653992E0
4.047249700E1,-8.428971863E-1,-1.209844116E1,-4.405937805E0
4.048229300E1,-4.821473694E-1,-1.581146988E1,-6.658303986E0
4.049205900E1,-5.589376831E-1,-1.758782593E1,-7.567363586E0
4.050182500E1,-1.155147858E0,-1.741478577E1,-8.087531891E0
4.051159000E1,-3.116818542E0,-1.641306885E1,-6.227499847E0
4.052135600E1,-3.660487976E0,-1.582359467E1,-2.808759155E0
4.053115200E1,3.748205566E-1,-1.452534439E1,-2.923420715E-1
4.054091800E1,5.236111450E0,-1.171987839E1,-1.058898010E0
4.055068300E1,6.870113525E0,-9.139544220E0,-2.827619934E-1
4.056044900E1,6.075865173E0,-7.352560272E0,1.193767548E0
4.057024500E1,5.112767944E0,-6.021977234E0,1.525477753E0
4.058001100E1,4.293222198E0,-5.066214752E0,1.622925110E0
4.058977600E1,3.589685211E0,-4.836741943E0,1.520687714E0
4.059954200E1,2.744393005E0,-5.807323608E0,1.728755035E0
4.060930700E1,1.620679779E0,-7.525450745E0,2.035167847E0
4.061910400E1,8.264314270E-1,-8.604107666E0,2.302362213E0
4.062886900E1,-4.932243347E-1,-9.409432983E0,2.927612000E0
4.063863500E1,-2.042053528E0,-1.006327332E1,4.312232666E0
4.064840000E1,-3.518134003E0,-1.058838135E1,5.453160095E0
4.065819700E1,-4.454586639E0,-1.079959213E1,4.760101318E0
4.066796200E1,-5.414540405E0,-8.969497833E0,3.986210632E0
4.067772800E1,-5.816454620E0,-7.348818054E0,3.957021332E0
4.068749300E1,-6.321953430E0,-6.917115784E0,3.379372559E0
4.069725900E1,-6.654561768E0,-7.948920135E0,2.258353729E0
4.070705500E1,-6.782545624E0,-9.710007935E0,8.490344238E-1
4.071682100E1,-5.908213806E0,-1.177241913E1,-8.831634521E-3
4.072658600E1,-4.506528625E0,-1.247790207E1,-3.353027344E-2
4.073635200E1,-3.295696564E0,-1.159668457E1,-2.891986084E-1
4.074614800E1,-1.906435547E0,-1.151854706E1,-1.978735199E0
4.075591400E1,-9.877958679E-1,-1.118189713E1,-3.226540375E0
4.076567900E1,-1.629212036E0,-1.021326141E1,-4.684059448E0
4.077544500E1,-2.116897888E0,-9.440119171E0,-7.555238800E0
4.078521100E1,-1.695524139E0,-9.901459808E0,-1.203781723E1
4.079500700E1,-1.118174744E0,-1.151016449E1,-1.033406021E1
4.080477300E1,-1.203347626E0,-1.107786346E1,-5.851032715E0
4.081453800E1,-1.169068909E0,-9.301507416E0,-1.775308228E-1
4.082430292E1,-1.037492523E0,-8.202343140E0,4.384532318E0
4.083406792E1,-1.007255402E0,-7.498955841E0,5.564528503E0
4.084386492E1,-1.503922577E0,-7.713908844E0,4.396058350E0
4.085362992E1,-1.902393951E0,-7.846982117E0,3.393742676E0
4.086339592E1,-2.453547821E0,-7.995173950E0,3.473676453E0
4.087316092E1,-3.090473328E0,-8.809929657E0,3.223546600E0
4.088295792E1,-3.235521698E0,-9.385033722E0,2.931054840E0
4.089272292E1,-2.048639832E0,-1.013198044E1,4.191284180E-1
4.090248892E1,-4.505630493E-2,-1.018062927E1,-2.922073517E0
4.091225392E1,6.520440674E-1,-9.813442841E0,-4.141288147E0
4.092201992E1,-7.444020081E-1,-9.526040497E0,-3.587739258E0
4.093181592E1,-3.227139130E0,-9.284891968E0,-2.552042999E0
4.094158192E1,-5.445525970E0,-9.289083252E0,-2.444416809E0
4.095134692E1,-7.356901245E0,-9.610764313E0,-2.251018982E0
4.096111292E1,-8.474926300E0,-9.021589508E0,-1.642983398E0
4.097087892E1,-7.656727753E0,-7.701784058E0,-4.580474854E-2
4.098067492E1,-5.241051178E0,-6.691534882E0,8.205935669E-1
4.099043992E1,-3.138523407E0,-7.211104431E0,7.866142273E-1
4.100020592E1,-2.087409210E0,-7.589966583E0,8.327183533E-1
4.100997192E1,-2.719694366E0,-7.931107178E0,1.014290771E0
4.101973692E1,-3.983815613E0,-9.084159393E0,2.071691895E-1
4.102953292E1,-4.654121704E0,-9.922565918E0,-6.613247681E-1
4.103929892E1,-5.023553467E0,-1.119971008E1,-1.686842194E0
4.104906492E1,-5.610482941E0,-1.270318359E1,-2.247127075E0
4.105882992E1,-6.510112152E0,-1.437775131E1,-2.661465454E0
4.106859592E1,-7.274422760E0,-1.544398407E1,-2.980751495E0
4.107839192E1,-7.162305908E0,-1.578243027E1,-3.674109650E0
4.108815792E1,-6.469995575E0,-1.563049622E1,-4.329895935E0
4.109792292E1,-5.681734772E0,-1.500120483E1,-4.803810425E0
4.110768892E1,-4.991819458E0,-1.416489395E1,-4.922962646E0
4.111745492E1,-4.771777039E0,-1.392868515E1,-4.396357727E0
4.112721992E1,-4.322561188E0,-1.370310425E1,-3.761976929E0
4.113701592E1,-4.594096527E0,-1.439751022E1,-3.554508362E0
4.114678192E1,-5.230722656E0,-1.518831573E1,-3.612288208E0
4.115654792E1,-5.258564758E0,-1.462354019E1,-3.116519165E0
4.116631292E1,-4.767585754E0,-1.367795654E1,-1.452579346E0
4.117607892E1,-4.390519867E0,-1.307920166E1,3.781137085E-1
4.118584492E1,-4.154760132E0,-1.307516006E1,1.540296936E0
4.119564092E1,-3.856280823E0,-1.367601059E1,2.010169830E0
4.120540592E1,-3.278781738E0,-1.428883621E1,2.355202332E0
4.121517192E1,-1.881287842E0,-1.466754868E1,3.026705933E0
4.122493792E1,5.587879944E-1,-1.500704269E1,4.029470673E0
4.123470292E1,3.340453491E0,-1.506347534E1,4.541855164E0
4.124449892E1,5.026996307E0,-1.529594193E1,4.120182037E0
4.125426492E1,5.382956085E0,-1.478490463E1,2.778671722E0
4.126403092E1,4.063300323E0,-1.354353607E1,1.127455444E0
4.127379592E1,1.229243774E0,-1.204021225E1,3.469784546E-1
4.128356192E1,-3.043171692E-1,-1.012734009E1,-3.173400879E-2
4.129335792E1,-1.886826324E0,-8.140970764E0,-5.222639465E-1
4.130312392E1,-2.857707367E0,-6.450685730E0,-3.115022278E-1
4.131288892E1,-4.026177521E0,-7.287894745E0,-1.959425354E-1
4.132265492E1,-3.285517731E0,-8.717272339E0,-1.715881805E0
4.133241992E1,-3.652704163E0,-8.459807739E0,-2.631677399E0
4.134221692E1,-4.832850037E0,-7.555388489E0,-2.568658447E0
4.135198192E1,-4.338278503E0,-6.899751892E0,-2.339934082E0
4.136174792E1,-5.336103516E0,-6.680607605E0,-1.724114685E0
4.137151292E1,-5.629343719E0,-6.519692230E0,-1.395847321E0
4.138127892E1,-3.540886688E0,-6.267766113E0,-1.223705292E0
4.139107492E1,-1.309925995E0,-5.420977020E0,-3.655398560E-1
4.140084092E1,1.049317932E0,-5.173242188E0,-2.095642090E-2
4.141060592E1,2.423011322E0,-4.226311340E0,6.207591248E-1
4.142037192E1,1.868863678E0,-3.042273560E0,1.684596863E0
4.143013792E1,1.138083344E0,-2.712359619E0,2.992726593E0
4.143993392E1,1.063538361E0,-2.356998596E0,3.708088989E0
4.144969892E1,1.627565460E0,-1.976639557E0,3.818259888E0
4.145946492E1,2.384541321E0,-1.381926270E0,3.547772369E0
4.146923092E1,2.774630127E0,-8.264314270E-1,3.380270691E0
4.147899592E1,2.888543243E0,-3.029699707E-1,2.857258301E0
4.148876192E1,2.694846039E0,1.312770081E-1,2.210004272E0
4.149855792E1,2.175875244E0,3.716770935E-1,1.561253357E0
4.150832392E1,1.866318970E0,1.878593445E-1,6.042933655E-1
4.151808892E1,1.303339691E0,-1.208287354E0,-4.781057739E-1
4.152785492E1,5.661227417E-1,-4.098177795E0,-1.963766327E0
4.153762092E1,2.383044434E-1,-8.992250519E0,-5.468877411E0
4.154741692E1,7.863148499E-1,-1.627011612E1,-1.259555740E1
4.155718192E1,-9.377998352E-1,-2.390513901E1,-1.959590012E1
4.156694792E1,-4.952750702E0,-3.242706757E1,-2.376667694E1
4.157671392E1,-4.857249298E0,-3.220028915E1,-1.970202942E1
4.158647892E1,-1.218166809E0,-1.983225861E1,-1.291693909E1
4.159627492E1,1.798809357E0,-1.168829407E1,-8.032296753E0
4.160604092E1,4.127666473E0,-7.229665833E0,-6.131250000E0
4.161580692E1,4.923711090E0,-4.356989594E0,-3.857029266E0
4.162557192E1,4.323908386E0,-2.701881409E0,-1.417252808E0
4.163533792E1,3.607797546E0,-5.355862427E0,8.906478882E-1
4.164510392E1,1.175056458E0,-8.382268982E0,1.125659180E-1
4.165489992E1,-1.213975525E-1,-1.227761856E1,8.053253174E-1
4.166466492E1,-5.920188904E-1,-1.583811447E1,-1.161285095E0
4.167443092E1,-8.427474976E-1,-1.721330475E1,-3.535946960E0
4.168419692E1,-1.282832336E0,-1.613868942E1,-4.417613525E0
4.169396192E1,-8.307723999E-1,-1.431712738E1,-3.893553314E0
4.170375792E1,3.137475586E-1,-1.244422211E1,-2.322270813E0
4.171352392E1,1.538800049E0,-1.063179108E1,-1.353784790E0
4.172328992E1,3.019969940E0,-8.399183807E0,-1.769021301E0
4.173305492E1,4.226161652E0,-7.322173462E0,-2.259850616E0
4.174282092E1,5.098547516E0,-6.938521271E0,-1.219214630E0
4.175258592E1,4.957840118E0,-6.288722534E0,1.269360352E-1
4.176235192E1,4.069287872E0,-5.843847656E0,7.619155884E-1
4.177214792E1,3.322939911E0,-6.152954865E0,9.282197571E-1
4.178191392E1,2.301314392E0,-7.107968903E0,1.155147858E0
4.179167892E1,9.439370728E-1,-8.274343414E0,1.775906982E0
4.180144492E1,-5.508544922E-1,-9.823771362E0,2.634371796E0
4.181121092E1,-2.222278748E0,-1.225336899E1,3.395688629E0
4.182095625E1,-3.868704987E0,-1.334624634E1,3.904181213E0
4.183072225E1,-4.749024353E0,-1.206311462E1,3.800596619E0
4.184051825E1,-5.125341797E0,-9.928852844E0,3.028053131E0
4.185028425E1,-5.560636597E0,-8.740923157E0,2.019600220E0
4.186004925E1,-5.312901764E0,-8.038134613E0,1.474284210E0
4.186981525E1,-5.454806671E0,-7.748936005E0,1.690135345E0
4.187958125E1,-5.490582275E0,-8.162376251E0,1.180295563E0
4.188934625E1,-5.691614227E0,-8.667575684E0,5.619314575E-1
4.189914225E1,-6.188281403E0,-9.039103088E0,-2.995271301E-1
4.190890825E1,-6.228996735E0,-8.949888611E0,-7.180567932E-1
4.191867425E1,-5.893095245E0,-8.604107666E0,-5.906716919E-1
4.192843925E1,-4.577780457E0,-8.267308044E0,-1.227447510E-2
4.193823525E1,-1.906585236E0,-9.045240326E0,-7.851173401E-1
4.194800125E1,-8.044271851E-1,-9.454189911E0,-1.494043121E0
4.195776725E1,-7.499404907E-1,-9.771380310E0,-1.859882355E0
4.196753225E1,-1.059796143E0,-9.971065063E0,-2.718945923E0
4.197729825E1,-9.225315857E-1,-9.647438049E0,-4.552033997E0
4.198709425E1,-1.035696259E0,-8.222102051E0,-4.707560577E0
4.199686025E1,-2.663860474E0,-7.349716187E0,-2.480791168E0
4.200662525E1,-3.856580200E0,-8.051157532E0,-6.985972595E-1
4.201639125E1,-3.615431671E0,-8.900790710E0,2.815644836E-1
4.202618725E1,-2.393223267E0,-9.242380371E0,5.956114197E-1
4.203595325E1,-1.001716919E0,-8.805738373E0,1.089733887E0
4.204571825E1,-4.140390015E-1,-8.155939636E0,2.098635864E0
4.205548425E1,6.436614990E-2,-9.750723267E0,2.418969727E0
4.206525025E1,7.738906860E-2,-1.140238861E1,-2.914439392E-1
4.207504625E1,-4.236190796E-2,-1.180235687E1,-2.289938049E0
4.208481125E1,1.059796143E-1,-1.071217392E1,-3.187321930E0
4.209457725E1,-4.905299377E-1,-1.055470139E1,-4.724176025E0
4.210434325E1,-2.162103882E0,-1.001537292E1,-4.979844360E0
4.211410825E1,-4.783752136E0,-1.168574936E1,-4.962330780E0
4.212387425E1,-7.488477631E0,-1.316153046E1,-4.393363953E0
4.213367025E1,-8.237370300E0,-1.118938156E1,-2.262245636E0
4.214343625E1,-8.470884705E0,-8.440647583E0,-1.544488220E0
4.215320125E1,-7.462731171E0,-7.573650513E0,-4.267625427E-1
4.216296725E1,-5.629643097E0,-7.108417969E0,4.903802490E-1
4.217273225E1,-4.012855225E0,-6.901548157E0,9.190887451E-2
4.218252925E1,-3.337010651E0,-7.006180573E0,3.583547974E-1
4.219229425E1,-3.803740082E0,-8.123606873E0,8.008346558E-1
4.220206025E1,-4.507426758E0,-8.976383514E0,6.740483093E-1
4.221182525E1,-5.263803864E0,-9.709259491E0,-1.761836243E-1
4.222159125E1,-5.967191162E0,-1.024754013E1,-5.760021973E-1
4.223138725E1,-7.004084930E0,-1.121093674E1,-1.101259918E0
4.224115325E1,-7.376061401E0,-1.264181122E1,-2.060315552E0
4.225091925E1,-6.643484802E0,-1.371597748E1,-3.312162323E0
4.226068425E1,-6.386020203E0,-1.457923233E1,-4.036356354E0
4.227045025E1,-5.914650421E0,-1.510134659E1,-4.452790375E0
4.228024625E1,-5.100493469E0,-1.484283417E1,-4.153862000E0
4.229001225E1,-3.880829773E0,-1.447849182E1,-4.431085510E0
4.229977725E1,-3.264860687E0,-1.460168564E1,-4.378993835E0
4.230954325E1,-3.106040955E0,-1.479553253E1,-3.744613037E0
4.231930825E1,-3.402873688E0,-1.603989487E1,-3.647614746E0
4.232910525E1,-4.290378113E0,-1.723845245E1,-3.896397400E0
4.233887025E1,-4.039649506E0,-1.501138367E1,-2.233355713E0
4.234863625E1,-3.274440765E0,-1.271905060E1,5.674699402E-1
4.235840125E1,-2.954406281E0,-1.261202316E1,2.105072479E0
4.236816725E1,-2.588567047E0,-1.389650208E1,2.737806702E0
4.237793325E1,-1.626367950E0,-1.541853699E1,4.101770325E0
4.238772925E1,2.579136658E-1,-1.637804169E1,5.302872620E0
4.239749425E1,2.480791168E0,-1.554756866E1,5.479654999E0
4.240726025E1,3.632795563E0,-1.443119019E1,4.907245331E0
4.241702625E1,3.596421204E0,-1.408196640E1,3.752546539E0
4.242679125E1,2.987337799E0,-1.254346573E1,2.797981567E0
4.243658725E1,1.735640717E0,-1.104583008E1,1.356628876E0
4.244635325E1,6.188131714E-1,-9.386979675E0,4.644841003E-1
4.245611925E1,-3.323089600E-2,-8.586594086E0,-1.037791901E0
4.246588425E1,-1.413061523E0,-8.221952362E0,-2.280208282E0
4.247565025E1,-3.076701965E0,-7.276069336E0,-2.816692657E0
4.248541625E1,-3.649860077E0,-7.494165802E0,-2.642754364E0
4.249521225E1,-3.823349304E0,-7.529342651E0,-2.712958374E0
4.250497725E1,-3.371738434E0,-7.340884552E0,-2.699785767E0
4.251474325E1,-2.207309875E0,-7.067403259E0,-3.028053131E0
4.252450925E1,-1.710792389E0,-5.968238983E0,-1.629661102E0
4.253427425E1,-2.756817169E0,-4.894521790E0,-4.665797424E-1
4.254404025E1,-3.423231354E0,-4.511767731E0,-4.062551880E-1
4.255383625E1,-3.132535858E0,-4.676724701E0,-1.076860657E0
4.256360225E1,-1.882934418E0,-4.756658478E0,-1.137634277E0
4.257336725E1,-4.951702881E-1,-4.136498108E0,-7.776329041E-1
4.258313325E1,4.550537109E-1,-3.621868286E0,-6.915618896E-2
4.259289825E1,7.653584290E-1,-3.371738434E0,1.144819336E0
4.260266425E1,8.704399109E-1,-2.536175995E0,1.134041748E0
4.261246025E1,1.185384979E0,-1.952240295E0,1.404080200E0
4.262222625E1,1.262624359E0,-1.779649200E0,1.625469818E0
4.263199125E1,1.849104767E0,-1.596130829E0,2.054777069E0
4.264175725E1,2.421963501E0,-9.898915100E-1,2.322570190E0
4.265152325E1,2.508483582E0,-5.701643372E-1,1.878294067E0
4.266131925E1,2.546803894E0,-3.350033569E-1,1.278641052E0
4.267108525E1,2.145189056E0,-4.679269409E-1,5.842350769E-1
4.268085025E1,1.295555878E0,-1.615290985E0,-4.067042542E-1
4.269061625E1,2.544708252E-3,-3.601360931E0,-1.890718231E0
4.270038125E1,-1.258582764E0,-7.059320068E0,-4.746928711E0
4.271017825E1,-1.173110504E0,-1.283401154E1,-1.084150497E1
4.271994325E1,-1.450034637E0,-2.046364563E1,-1.906989395E1
4.272970925E1,-6.097869415E0,-2.825359634E1,-2.187835373E1
4.273947425E1,-5.574857025E0,-2.836466537E1,-1.894804733E1
4.274924025E1,-2.872526550E0,-1.761566803E1,-1.374845993E1
4.275903625E1,-1.615141296E-1,-1.097697327E1,-9.811047821E0
4.276880225E1,2.658771057E0,-7.456593933E0,-7.257507935E0
4.277856725E1,4.403842163E0,-4.413272552E0,-2.171833649E0
4.278833325E1,7.308252411E0,-5.656138000E0,-2.742297363E-1
4.279809925E1,3.189866638E0,-1.120180573E1,-4.056564331E-1
4.280786425E1,-3.815565491E-1,-1.432116898E1,-2.847079468E-1
4.281766025E1,3.053649902E-1,-1.522633667E1,-1.813778229E0
4.282742037E1,6.801855469E-1,-1.545281570E1,-3.253184967E0
4.283718638E1,-4.023632813E-1,-1.570474182E1,-3.084785156E0
4.284695138E1,-2.842738495E0,-1.626757141E1,-2.136806488E0
4.285671737E1,-4.953349457E0,-1.644689850E1,-1.322499847E0
4.286651337E1,-4.061054993E0,-1.395458130E1,-1.110390930E0
4.287627938E1,-1.060843964E0,-1.012374756E1,-1.498982849E0
4.288604438E1,1.431173859E0,-7.511529694E0,-2.148631897E0
4.289581037E1,3.144061890E0,-6.982380066E0,-2.391726379E0
4.290557637E1,3.686084747E0,-7.154522095E0,-1.340911560E0
4.291534138E1,3.302881622E0,-6.706952820E0,-1.224453735E-1
4.292513738E1,2.629581757E0,-6.364165649E0,6.215075684E-1
4.293490337E1,1.802252197E0,-6.732399902E0,8.598120117E-1
4.294466937E1,4.963677979E-1,-7.316784668E0,1.043929138E0
4.295443438E1,-9.973759460E-1,-8.243058472E0,1.521735535E0
4.296420038E1,-2.356699219E0,-9.623338165E0,2.188299408E0
4.297399637E1,-3.187770996E0,-1.077773758E1,2.683170319E0
4.298376237E1,-3.664529572E0,-1.091215805E1,3.178041229E0
4.299352738E1,-3.706891479E0,-1.042596909E1,3.447929993E0
4.300329338E1,-3.160228271E0,-9.542206879E0,2.897823944E0
4.301305837E1,-3.443888397E0,-8.614436188E0,2.304906921E0
4.302285537E1,-3.645519104E0,-8.268804932E0,1.771865387E0
4.303262038E1,-3.851041718E0,-7.680378571E0,1.655706940E0
4.304238638E1,-4.112697601E0,-8.122259674E0,1.485361176E0
4.305215237E1,-4.393663330E0,-9.160949707E0,9.979747009E-1
4.306194837E1,-4.893623657E0,-9.835746460E0,6.740483093E-1
4.307171338E1,-5.402565308E0,-9.680219879E0,6.212081909E-2
4.308147938E1,-5.820346527E0,-8.955127716E0,-4.626878357E-1
4.309124537E1,-4.047882385E0,-9.178163910E0,-8.063731384E-1
4.310101037E1,-1.819466400E0,-9.330097961E0,-8.807684326E-1
4.311080638E1,-1.773362274E0,-9.866133270E0,-1.148411865E0
4.312057238E1,-2.761457520E0,-1.021191422E1,-2.049837341E0
4.313033837E1,-2.770438843E0,-1.010653336E1,-4.379891968E0
4.314010337E1,-1.978136444E0,-9.960586853E0,-8.360115051E0
4.314989938E1,-1.589394836E0,-1.027373566E1,-8.797804871E0
4.315966538E1,-1.572030945E0,-9.395062866E0,-3.158581696E0
4.316943137E1,-1.899250488E0,-8.642577667E0,1.702110443E0
4.317919637E1,-1.788630524E0,-8.750054169E0,2.641257477E0
4.318896238E1,-1.637893982E0,-8.443341980E0,1.660946045E0
4.319875838E1,-1.463057556E0,-7.912396088E0,1.275946655E0
4.320852437E1,-1.468146973E0,-8.395441589E0,2.520758057E0
4.321828937E1,-1.417552185E0,-9.711804199E0,3.118614807E0
4.322805538E1,-1.405277710E0,-1.070289322E1,1.047970734E0
4.323782038E1,-1.059047699E0,-1.079225739E1,-1.014440460E0
4.324761737E1,-5.339396667E-1,-1.012629227E1,-2.710563354E0
4.325738237E1,-9.081614685E-1,-9.981543274E0,-4.304897919E0
4.326714838E1,-2.439177704E0,-1.010967682E1,-4.675676880E0
4.327691338E1,-4.566404114E0,-1.006746460E1,-3.843557281E0
4.328671037E1,-6.206094360E0,-9.435329132E0,-2.659070435E0
4.329647537E1,-7.340884552E0,-8.723708954E0,-1.407223663E0
4.330624138E1,-7.679480438E0,-8.779991913E0,-1.053658905E0
4.331600638E1,-7.253466339E0,-8.892258453E0,-1.065634003E0
4.332577237E1,-6.498137054E0,-8.677455139E0,-4.525090027E-1
4.333553837E1,-5.399721222E0,-8.718469849E0,1.282832336E-1
4.334530338E1,-4.003574524E0,-8.232879639E0,6.613247681E-1
4.335510038E1,-2.589614868E0,-7.712711334E0,1.249002686E0
4.336486537E1,-1.829645233E0,-7.514224091E0,1.736688538E0
4.337463137E1,-2.070644073E0,-6.751859436E0,1.883832550E0
4.338439638E1,-2.600542145E0,-6.393504639E0,1.619033203E0
4.339416238E1,-3.147953796E0,-6.810986481E0,1.119222565E0
4.340395837E1,-3.899840240E0,-7.728877716E0,1.576222229E-1
4.341372437E1,-4.615951080E0,-8.569230194E0,-9.642947388E-1
4.342348938E1,-5.366640015E0,-9.911638641E0,-2.341580658E0
4.343325538E1,-6.233038330E0,-1.142918289E1,-3.573818207E0
4.344302137E1,-7.025340729E0,-1.268821472E1,-3.990401917E0
4.345281737E1,-6.968758392E0,-1.316781738E1,-4.085304565E0
4.346258238E1,-6.681206360E0,-1.325897781E1,-4.229454803E0
4.347234838E1,-6.307733002E0,-1.308653641E1,-4.236939240E0
4.348211437E1,-5.723348236E0,-1.252595215E1,-3.709436188E0
4.349187937E1,-4.549638977E0,-1.180280594E1,-2.857557678E0
4.350167538E1,-3.368295593E0,-1.182241516E1,-2.250569916E0
4.351144138E1,-3.438349915E0,-1.246637604E1,-1.445094910E0
4.352120737E1,-4.199816437E0,-1.323353073E1,-1.182241516E0
4.353097237E1,-4.404740295E0,-1.395757507E1,-1.063388672E0
4.354073838E1,-3.867956543E0,-1.444825470E1,-8.276289368E-1
4.355053438E1,-3.717070312E0,-1.460692474E1,-1.490151215E0
4.356030037E1,-4.050576782E0,-1.347452957E1,-1.015188904E0
4.357006537E1,-3.870052185E0,-1.203976318E1,4.173321533E-1
4.357983138E1,-3.591032410E0,-1.231084946E1,1.063837738E0
4.358959738E1,-2.978206787E0,-1.244497055E1,1.394649811E0
4.359936237E1,-2.238894196E0,-1.252864655E1,1.553768921E0
4.360915837E1,-1.188528442E0,-1.251307892E1,1.666035461E0
4.361892438E1,1.377136230E-1,-1.263238083E1,1.653611298E0
4.362869038E1,1.361269226E0,-1.280871414E1,1.713187408E0
4.363845537E1,2.029629364E0,-1.278700928E1,1.592089233E0
4.364825137E1,2.144290924E0,-1.295540909E1,1.249751129E0
4.365801738E1,1.944456482E0,-1.251562363E1,9.443861389E-1
4.366778338E1,1.520687714E0,-1.210188400E1,5.191204834E-1
4.367754837E1,9.407936096E-1,-1.145073807E1,-1.661544800E-2
4.368734437E1,-6.825805664E-2,-1.027328659E1,-6.120771790E-1
4.369711038E1,-1.451531525E0,-9.185199280E0,-1.205592957E0
4.370687638E1,-1.961221619E0,-8.282725983E0,-1.818717957E0
4.371664137E1,-2.103725281E0,-7.667205963E0,-1.564247131E0
4.372643737E1,-2.348915405E0,-6.857539673E0,-2.248324585E-1
4.373620338E1,-2.231709137E0,-7.355703735E0,-1.100661163E0
4.374596938E1,-2.178419952E0,-7.498656464E0,-1.585951996E0
4.375573437E1,-2.458637238E0,-7.387288055E0,-1.745071106E0
4.376550037E1,-2.672392731E0,-7.120243378E0,-1.739682312E0
4.377529638E1,-2.972368927E0,-7.244784393E0,-1.640139313E0
4.378506238E1,-3.044668579E0,-7.157066803E0,-1.358275452E0
4.379482737E1,-2.712209930E0,-7.014263763E0,-1.072369995E0
4.380459337E1,-2.623743896E0,-7.080426178E0,-6.360273743E-1
4.381435938E1,-2.742596741E0,-7.098538513E0,-3.990701294E-1
4.382415712E1,-2.569855957E0,-6.916217651E0,-1.586700439E-2
4.383392213E1,-1.717229004E0,-6.380781097E0,1.248403931E-1
4.384368813E1,-3.103047180E-1,-5.837111664E0,2.884501648E-1
4.385345412E1,9.238787842E-1,-5.194048920E0,6.050418091E-1
4.386321912E1,1.679806824E0,-4.595294037E0,7.207511902E-1
4.387298513E1,2.199226685E0,-4.319567413E0,6.634204102E-1
4.388278113E1,2.410886536E0,-4.112697601E0,3.820056152E-1
4.389254712E1,2.267933807E0,-4.228257294E0,-1.133143616E-1
4.390231212E1,1.808239746E0,-4.222120056E0,-3.689826965E-1
4.391207813E1,1.094972992E0,-4.612208862E0,-9.339079285E-1
4.392184313E1,9.116043091E-2,-5.072202301E0,-1.373843079E0
4.393160912E1,-6.182144165E-1,-6.002667389E0,-1.853894806E0
4.394140512E1,-1.230740662E0,-7.579937439E0,-2.908002777E0
4.395117113E1,-1.766476593E0,-9.036857758E0,-4.078119507E0
4.396093613E1,-2.453398132E0,-1.064735870E1,-5.465733948E0
4.397070212E1,-3.210523682E0,-1.226339813E1,-7.095844116E0
4.398046812E1,-3.904929657E0,-1.377555359E1,-8.297545166E0
4.399026413E1,-4.136049042E0,-1.485406082E1,-9.811945953E0
4.400002913E1,-3.780238953E0,-1.486693405E1,-1.046548691E1
4.400979512E1,-2.802322540E0,-1.325613373E1,-1.049752029E1
4.401956112E1,-1.911674652E0,-1.105316483E1,-9.305399323E0
4.402932613E1,-1.152004395E0,-9.110654297E0,-7.653883667E0
4.403912313E1,-2.978805542E-1,-6.949149170E0,-4.160597992E0
4.404888812E1,8.280780029E-1,-7.185807037E0,-1.542991333E0
4.405865412E1,-2.944377136E-1,-1.093595856E1,-1.075064392E0
4.406841913E1,-1.650018768E0,-1.091964249E1,-9.032217407E-1
4.407818513E1,-4.120930481E-1,-1.028840515E1,-8.122109985E-1
4.408798112E1,-3.579057312E-1,-9.453591156E0,-1.266516266E0
4.409774712E1,-4.887336731E-1,-8.813821564E0,-1.820214844E0
4.410751213E1,-8.960366821E-1,-9.160500641E0,-2.155367889E0
4.411727813E1,-1.216669922E0,-9.310039673E0,-2.033970337E0
4.412704412E1,-9.939331055E-1,-1.000190094E1,-1.921404419E0
4.413684012E1,-8.393046570E-1,-1.117096985E1,-1.803898773E0
4.414660513E1,-1.164877625E0,-1.241218872E1,-1.703607330E0
4.415637113E1,-1.332528992E0,-1.325149338E1,-1.562450867E0
4.416613712E1,-1.044378204E0,-1.316362610E1,-1.411864014E0
4.417590212E1,-3.203338623E-1,-1.274539581E1,-1.999691620E0
4.418566813E1,1.945953369E-1,-1.222283249E1,-2.859653320E0
4.419543413E1,-5.942642212E-2,-1.136107452E1,-2.968926086E0
4.420523012E1,-1.125359802E0,-1.050425629E1,-2.689606934E0
4.421499512E1,-2.252815247E0,-9.796378326E0,-2.165247345E0
4.422476113E1,-2.883603516E0,-9.218729553E0,-1.803599396E0
4.423452713E1,-2.927612000E0,-8.703051910E0,-1.208437042E0
4.424429212E1,-2.850821686E0,-8.302335205E0,-6.068380737E-1
4.425408812E1,-2.683619385E0,-8.145461426E0,-1.815724182E-1
4.426385413E1,-2.574645996E0,-7.932454376E0,-2.242337036E-1
4.427362013E1,-2.752326508E0,-7.548951874E0,-3.643423462E-1
4.428338512E1,-3.234473877E0,-7.659272461E0,1.582209778E-1
4.429315112E1,-3.550766144E0,-7.661966858E0,1.181792450E0
4.430291613E1,-3.579805756E0,-7.445067902E0,1.767374725E0
4.431268213E1,-3.279380493E0,-7.544461212E0,1.658700714E0
4.432244812E1,-2.275268555E0,-7.579338684E0,1.620679779E0
4.433224412E1,-9.671388245E-1,-7.808212738E0,1.669927368E0
4.434200913E1,-7.450007629E-1,-8.335416412E0,1.482217712E0
4.435177513E1,-9.496252441E-1,-8.920399933E0,1.403331757E0
4.436154112E1,-1.061891785E0,-9.674531708E0,1.128503265E0
4.437130612E1,-1.042432251E0,-1.049602341E1,9.394464111E-1
4.438107213E1,-1.281036072E0,-1.084240311E1,6.981481934E-1
4.439083813E1,-1.562899933E0,-1.084659439E1,-2.550695801E-1
4.440063412E1,-1.976489868E0,-1.089659042E1,-1.162332916E0
4.441039912E1,-2.414029999E0,-1.103145996E1,-1.507066040E0
4.442016513E1,-2.628833313E0,-1.107936035E1,-1.976489868E0
4.442993113E1,-2.689008179E0,-1.097128510E1,-2.534978485E0
4.443969612E1,-2.673889618E0,-1.045860123E1,-3.417243805E0
4.444949212E1,-2.754272461E0,-9.742191010E0,-4.150718536E0
4.445925813E1,-2.828368378E0,-9.201814728E0,-3.927382965E0
4.446902413E1,-2.776127014E0,-8.897198181E0,-2.794089661E0
4.447878912E1,-2.763253784E0,-8.698112183E0,-1.470541992E0
4.448855512E1,-2.940485229E0,-8.404123535E0,-2.570155334E-1
4.449832113E1,-3.232976990E0,-8.036338348E0,7.478448486E-1
4.450811713E1,-3.502117310E0,-7.721243591E0,1.583706665E0
4.451788212E1,-3.698957977E0,-7.553143158E0,2.461032257E0
4.452764812E1,-3.615731049E0,-7.851173401E0,3.155138855E0
4.453741413E1,-3.279979248E0,-8.129145355E0,3.567231903E0
4.454721013E1,-2.573149109E0,-8.582552490E0,3.418890381E0
4.455697512E1,-1.680854645E0,-8.864566040E0,2.926264801E0
4.456674112E1,-1.434766388E0,-8.814570007E0,2.450404358E0
4.457650713E1,-1.743424530E0,-8.925040283E0,1.643282776E0
4.458627213E1,-2.528541870E0,-9.428742828E0,5.635780334E-1
4.459603812E1,-3.504362640E0,-1.038091278E1,-9.907896423E-1
4.460583412E1,-4.513563995E0,-1.161330002E1,-2.824326782E0
4.461560013E1,-4.405638428E0,-1.297801208E1,-5.225034485E0
4.462536513E1,-2.566263428E0,-1.396955017E1,-7.503596191E0
4.463513112E1,-6.474037170E-1,-1.452833817E1,-6.842570801E0
4.464489612E1,-8.083190918E-2,-1.326496536E1,-4.155209198E0
4.465469313E1,-7.247927856E-1,-1.232881210E1,-2.411784668E0
4.466445813E1,-1.399589539E0,-1.148905838E1,-1.409618683E0
4.467422412E1,-1.795366516E0,-1.058823166E1,-4.433779907E-1
4.468398912E1,-1.986219635E0,-1.016880386E1,6.345304871E-1
4.469375513E1,-2.133064270E0,-9.752220154E0,1.303788757E0
4.470352113E1,-2.449057159E0,-9.496551819E0,1.756896515E0
4.471328612E1,-2.942880249E0,-9.290580139E0,2.075583801E0
4.472308212E1,-3.445385284E0,-8.959169312E0,2.209405518E0
4.473284813E1,-3.916755066E0,-8.790470123E0,2.224673767E0
4.474261413E1,-4.169429626E0,-8.715775452E0,2.111658783E0
4.475237912E1,-4.092938690E0,-8.509803772E0,1.862876129E0
4.476214512E1,-4.205055542E0,-8.276588745E0,1.999691620E0
4.477194113E1,-4.277504883E0,-7.940836945E0,1.897603912E0
4.478170713E1,-4.123924255E0,-7.776628418E0,1.494043121E0
4.479147212E1,-3.703298950E0,-7.875572662E0,1.222807159E0
4.480123812E1,-3.606300659E0,-8.042774963E0,8.422984314E-1
4.481103413E1,-3.381318512E0,-8.192763062E0,3.742218018E-1
4.482080013E1,-2.902015228E0,-8.788973236E0,-9.460327148E-2
4.483057200E1,-2.358645172E0,-9.376950531E0,-3.442840576E-1
4.484033800E1,-1.951641541E0,-9.939181366E0,-5.837860107E-1
4.485010400E1,-1.599573669E0,-1.018437149E1,-5.921685791E-1
4.485990000E1,-1.227746887E0,-1.022523651E1,-4.679269409E-1
4.486966500E1,-9.780661011E-1,-1.003782623E1,-2.610571289E-1
4.487943100E1,-1.009201355E0,-9.989776154E0,-3.442840576E-3
4.488919700E1,-1.829794922E0,-9.763147430E0,2.002835083E-1
4.489896200E1,-2.252815247E0,-9.773326263E0,2.058219910E-1
4.490875800E1,-2.291584625E0,-9.632918243E0,3.483256531E-1
4.491852400E1,-2.337838440E0,-9.568103027E0,6.096821594E-1
4.492829000E1,-2.423909454E0,-9.555678864E0,7.002438354E-1
4.493805500E1,-2.641257477E0,-9.515861664E0,7.174580383E-1
4.494782100E1,-2.940934296E0,-9.394164734E0,6.506968689E-1
4.495758700E1,-3.077151031E0,-9.253756714E0,6.297404480E-1
4.496738300E1,-3.250191193E0,-9.188492432E0,5.631289673E-1
4.497714800E1,-3.382216644E0,-9.248068542E0,4.978646851E-1
4.498691400E1,-3.478167114E0,-9.375603333E0,2.848576355E-1
4.499668000E1,-3.398682404E0,-9.434730377E0,8.681945801E-2
4.500644500E1,-3.142714691E0,-9.402397614E0,-6.077362061E-2
4.501624100E1,-2.788401489E0,-9.481732635E0,-1.480421448E-1
4.502600700E1,-2.496209106E0,-9.624086609E0,-2.733316040E-1
4.503577300E1,-2.307601318E0,-9.724677429E0,-2.519261169E-1
4.504553800E1,-2.041454773E0,-9.830657043E0,-2.064207458E-1
4.505530400E1,-1.700912933E0,-9.987830200E0,-2.230361938E-1
4.506510000E1,-1.391057281E0,-1.014739838E1,-1.995350647E-1
4.507486600E1,-1.186732178E0,-1.007584717E1,-1.284329224E-1
4.508463100E1,-1.216071167E0,-9.918674011E0,-7.110214233E-2
4.509439700E1,-1.163081360E0,-9.876162415E0,-1.675016785E-1
4.510416200E1,-1.186881866E0,-9.755812683E0,-3.492237854E-1
4.511395900E1,-1.374142456E0,-9.579629059E0,-4.822970581E-1
4.512372400E1,-1.612895966E0,-9.500144348E0,-5.554948425E-1
4.513349000E1,-1.860181732E0,-9.523944855E0,-4.969665527E-1
4.514325500E1,-2.022294617E0,-9.588011627E0,-3.942800903E-1
4.515302100E1,-2.177521820E0,-9.600435791E0,-2.627037048E-1
4.516281700E1,-2.278561707E0,-9.612859955E0,-1.766326904E-1
4.517258300E1,-2.346370697E0,-9.530680847E0,-8.187973022E-2
4.518234900E1,-2.352208557E0,-9.477840729E0,2.230361938E-2
4.519211400E1,-2.325563965E0,-9.360335083E0,6.661148071E-2
4.520188000E1,-2.209255829E0,-9.314230957E0,3.233276367E-2
4.521167600E1,-1.941762085E0,-9.391021271E0,-1.526824951E-2
4.522144200E1,-1.735341339E0,-9.446855164E0,-6.601272583E-2
4.523120700E1,-1.520687714E0,-9.570198669E0,-8.622070312E-2
4.524097300E1,-1.346899109E0,-9.758656769E0,-1.124162292E-1
4.525073800E1,-1.292113037E0,-9.933642883E0,-1.589694214E-1
4.526053500E1,-1.262774048E0,-9.987530823E0,-2.606080627E-1
4.527030000E1,-1.194515991E0,-1.000384689E1,-3.594026184E-1
4.528006600E1,-1.122815094E0,-9.953551483E0,-4.537065125E-1
4.528983100E1,-1.111588440E0,-9.888137512E0,-5.441184998E-1
4.529959700E1,-1.147064667E0,-9.758207703E0,-6.017486572E-1
4.530939300E1,-1.225351868E0,-9.617200928E0,-6.288423157E-1
4.531915900E1,-1.331481171E0,-9.510323181E0,-6.107299805E-1
4.532892400E1,-1.413360901E0,-9.343120880E0,-5.840853882E-1
4.533869000E1,-1.525028687E0,-9.323511658E0,-5.544470215E-1
4.534848600E1,-1.700912933E0,-9.290430450E0,-4.996609497E-1
4.535825200E1,-1.818568268E0,-9.277407532E0,-4.237687683E-1
4.536801700E1,-1.885778503E0,-9.238338776E0,-2.954855347E-1
4.537778300E1,-1.927990723E0,-9.209897919E0,-2.463876343E-1
4.538757900E1,-1.921105042E0,-9.182504883E0,-2.255809021E-1
4.539734500E1,-1.893562317E0,-9.178014221E0,-2.421963501E-1
4.540711000E1,-1.877096558E0,-9.212891693E0,-2.366578674E-1
4.541687600E1,-1.947300568E0,-9.260193329E0,-2.061213684E-1
4.542664200E1,-2.007625122E0,-9.338929596E0,-1.761836243E-1
4.543643800E1,-2.046244812E0,-9.423803101E0,-1.666035461E-1
4.544620300E1,-2.017803955E0,-9.515861664E0,-2.160008240E-1
4.545596900E1,-1.950294342E0,-9.619595947E0,-2.692900085E-1
4.546573500E1,-1.832938385E0,-9.748178558E0,-3.695814514E-1
4.547550000E1,-1.693278809E0,-9.870324554E0,-4.825964355E-1
4.548526600E1,-1.529219971E0,-1.001432510E1,-5.842350769E-1
4.549506200E1,-1.395697632E0,-1.008258316E1,-6.741979980E-1
4.550482800E1,-1.357377319E0,-1.012344818E1,-6.569837952E-1
4.551459300E1,-1.321901093E0,-1.014290771E1,-6.442602539E-1
4.552435900E1,-1.312919769E0,-1.012674133E1,-6.167175293E-1
4.553412500E1,-1.351090393E0,-1.002974304E1,-5.542973328E-1
4.554392100E1,-1.431622925E0,-9.949958954E0,-4.580474854E-1
4.555368600E1,-1.500479736E0,-9.856253815E0,-3.939807129E-1
4.556345200E1,-1.542093201E0,-9.802665253E0,-3.694317627E-1
4.557321800E1,-1.622625732E0,-9.758207703E0,-4.146377563E-1
4.558298300E1,-1.699116669E0,-9.742640076E0,-4.655319214E-1
4.559277900E1,-1.742227020E0,-9.756710815E0,-5.665718079E-1
4.560254500E1,-1.788480835E0,-9.718989258E0,-6.497987366E-1
4.561231100E1,-1.853445740E0,-9.660311279E0,-7.195536804E-1
4.562207600E1,-1.875599670E0,-9.593550110E0,-7.553292847E-1
4.563184200E1,-1.878743134E0,-9.505982208E0,-7.858657837E-1
4.564163800E1,-1.866169281E0,-9.427395630E0,-7.840695190E-1
4.565140400E1,-1.848655701E0,-9.329349518E0,-7.943980408E-1
4.566116900E1,-1.847009125E0,-9.321565704E0,-7.782316589E-1
4.567093500E1,-1.800156555E0,-9.305399323E0,-7.818241882E-1
4.568070100E1,-1.815424805E0,-9.326804810E0,-7.671546936E-1
4.569049700E1,-1.830992432E0,-9.388925629E0,-8.135581970E-1
4.570026200E1,-1.836530914E0,-9.433532867E0,-8.493338013E-1
4.571002800E1,-1.841470642E0,-9.462422791E0,-8.946894836E-1
4.571979400E1,-1.858086090E0,-9.533824310E0,-9.545649719E-1
4.572955900E1,-1.876198425E0,-9.564959564E0,-1.025517426E0
4.573932500E1,-1.874701538E0,-9.607022095E0,-1.065035248E0
4.574912100E1,-1.860630798E0,-9.625583496E0,-1.067130890E0
4.575888700E1,-1.844464417E0,-9.611213379E0,-1.015488281E0
4.576865200E1,-1.835333405E0,-9.620793457E0,-8.964857483E-1
4.577841800E1,-1.825753326E0,-9.576635284E0,-7.845185852E-1
4.578818300E1,-1.854942627E0,-9.567953339E0,-7.183561707E-1
4.579798000E1,-1.874252472E0,-9.570348358E0,-6.396199036E-1
4.580774500E1,-1.872456207E0,-9.584269409E0,-6.207591248E-1
4.581751100E1,-1.851799164E0,-9.625882874E0,-6.415658569E-1
4.582727025E1,-1.852248230E0,-9.638756104E0,-7.017407227E-1
4.583703625E1,-1.807491302E0,-9.627230072E0,-7.261399841E-1
4.584683225E1,-1.741628265E0,-9.637558594E0,-7.786807251E-1
4.585659825E1,-1.663041687E0,-9.635762329E0,-7.764353943E-1
4.586636325E1,-1.595981140E0,-9.628277893E0,-7.529342651E-1
4.587612925E1,-1.566193085E0,-9.627230072E0,-7.390132141E-1
4.588592525E1,-1.564247131E0,-9.609417114E0,-7.219487000E-1
4.589569125E1,-1.630110168E0,-9.612261200E0,-6.764433289E-1
4.590545725E1,-1.645378418E0,-9.614955597E0,-6.445596313E-1
4.591522225E1,-1.675316162E0,-9.649084625E0,-5.981561279E-1
4.592498825E1,-1.683249664E0,-9.692793732E0,-5.924679565E-1
4.593478425E1,-1.677262115E0,-9.690548401E0,-5.831872559E-1
4.594455025E1,-1.662891998E0,-9.709109802E0,-5.809419250E-1
4.595431525E1,-1.642085266E0,-9.665400696E0,-5.906716919E-1
4.596408125E1,-1.605710907E0,-9.631421356E0,-5.981561279E-1
4.597384625E1,-1.599873047E0,-9.632469177E0,-6.170169067E-1
4.598364325E1,-1.557511139E0,-9.631870422E0,-6.233038330E-1
4.599340825E1,-1.525178375E0,-9.599238281E0,-6.450086975E-1
4.600317425E1,-1.499731293E0,-9.563312988E0,-6.753955078E-1
4.601293925E1,-1.507215729E0,-9.503287811E0,-6.855743408E-1
4.602270525E1,-1.513502655E0,-9.469907227E0,-7.182064819E-1
4.603250125E1,-1.523681488E0,-9.442364502E0,-7.144642639E-1
4.604226725E1,-1.540296936E0,-9.490863647E0,-6.962022400E-1
4.605203225E1,-1.602717133E0,-9.501341858E0,-6.493496704E-1
4.606179825E1,-1.622326355E0,-9.589358826E0,-6.155200195E-1
4.607156425E1,-1.606010284E0,-9.661808167E0,-5.927673340E-1
4.608136025E1,-1.578617249E0,-9.683213654E0,-5.388793945E-1
4.609112525E1,-1.572180634E0,-9.657616882E0,-5.328918457E-1
4.610089125E1,-1.524729309E0,-9.618099060E0,-5.168751526E-1
4.611065725E1,-1.506766663E0,-9.604926453E0,-4.885839844E-1
4.612042225E1,-1.509760437E0,-9.596094818E0,-4.650828552E-1
4.613018825E1,-1.571432190E0,-9.641899567E0,-4.555027771E-1
4.613998425E1,-1.614392853E0,-9.697583771E0,-4.538562012E-1
4.614975025E1,-1.644779663E0,-9.769134979E0,-4.718188477E-1
4.615951525E1,-1.648671570E0,-9.801168365E0,-5.610333252E-1
4.616928125E1,-1.658401337E0,-9.789043579E0,-6.252497864E-1
4.617907725E1,-1.628613281E0,-9.770033112E0,-7.050338745E-1
4.618884325E1,-1.645228729E0,-9.740095367E0,-7.932005310E-1
4.619860825E1,-1.641636200E0,-9.683063965E0,-8.309220886E-1
4.620837425E1,-1.651365967E0,-9.623787231E0,-8.399034119E-1
4.621814025E1,-1.660646667E0,-9.586963806E0,-8.478369141E-1
4.622790525E1,-1.658700714E0,-9.567504272E0,-8.180488586E-1
4.623770125E1,-1.680704956E0,-9.580527191E0,-7.813751221E-1
4.624746725E1,-1.661395111E0,-9.570647736E0,-7.186555481E-1
4.625723325E1,-1.670077057E0,-9.575437775E0,-6.770420837E-1
4.626699825E1,-1.632654877E0,-9.552086334E0,-6.676116943E-1
4.627676425E1,-1.633702698E0,-9.569899292E0,-6.680607605E-1
4.628653025E1,-1.647474060E0,-9.596992950E0,-6.905140686E-1
4.629632625E1,-1.656305695E0,-9.601483612E0,-7.397616577E-1
4.630609125E1,-1.653910675E0,-9.596843262E0,-7.978408813E-1
4.631585725E1,-1.667232971E0,-9.565258942E0,-8.505313110E-1
4.632562325E1,-1.659898224E0,-9.560319214E0,-8.846603394E-1
4.633538825E1,-1.627415771E0,-9.560618591E0,-8.924441528E-1
4.634515425E1,-1.641935577E0,-9.576036530E0,-8.786727905E-1
4.635495025E1,-1.639091492E0,-9.603878632E0,-8.756790161E-1
4.636471625E1,-1.634451141E0,-9.615105286E0,-8.782237244E-1
4.637448125E1,-1.667382660E0,-9.617051239E0,-8.749305725E-1
4.638424725E1,-1.664089508E0,-9.632319489E0,-8.705895996E-1
4.639401225E1,-1.632654877E0,-9.643246765E0,-8.518785095E-1
4.640377825E1,-1.594484253E0,-9.633816376E0,-8.268804932E-1
4.641354425E1,-1.597328339E0,-9.653126221E0,-8.099656677E-1
4.642334025E1,-1.591191101E0,-9.634415131E0,-8.051756287E-1
4.643310525E1,-1.599723358E0,-9.630523224E0,-7.819738770E-1
4.644287125E1,-1.603764954E0,-9.614207153E0,-7.631130981E-1
4.645263725E1,-1.619931335E0,-9.562714233E0,-7.560777283E-1
4.646240225E1,-1.597777405E0,-9.537865906E0,-7.390132141E-1
4.647216825E1,-1.608255615E0,-9.544751587E0,-7.089257812E-1
4.648193425E1,-1.626667328E0,-9.542805634E0,-6.966513062E-1
4.649173025E1,-1.660646667E0,-9.556427307E0,-7.011419678E-1
4.650149525E1,-1.644629974E0,-9.555529175E0,-6.836283875E-1
4.651126125E1,-1.627415771E0,-9.550589447E0,-7.093748474E-1
4.652102725E1,-1.641336823E0,-9.569450226E0,-7.086264038E-1
4.653079225E1,-1.612746277E0,-9.583670654E0,-7.321275330E-1
4.654055825E1,-1.591789856E0,-9.548344116E0,-7.397616577E-1
4.655035425E1,-1.648821259E0,-9.542057190E0,-7.735913086E-1
4.656012025E1,-1.675914917E0,-9.576934662E0,-7.584727478E-1
4.656988525E1,-1.704355774E0,-9.549541626E0,-8.138575745E-1
4.657965125E1,-1.734742584E0,-9.582622833E0,-8.294252014E-1
4.658941625E1,-1.732497253E0,-9.580676880E0,-8.213420105E-1
4.659921325E1,-1.742825775E0,-9.583371277E0,-8.283773804E-1
4.660897825E1,-1.747765503E0,-9.590107269E0,-8.186476135E-1
4.661874425E1,-1.738035736E0,-9.578730927E0,-7.939489746E-1
4.662850925E1,-1.732796631E0,-9.582173767E0,-7.840695190E-1
4.663827525E1,-1.693877563E0,-9.607770538E0,-7.774832153E-1
4.664804125E1,-1.700463867E0,-9.610614624E0,-7.676037598E-1
4.665783725E1,-1.694626007E0,-9.585167542E0,-7.704478455E-1
4.666760325E1,-1.691033478E0,-9.585915985E0,-7.876620483E-1
4.667736825E1,-1.688937836E0,-9.602830811E0,-8.075706482E-1
4.668713425E1,-1.700314178E0,-9.657167816E0,-8.222401428E-1
4.669689925E1,-1.685944061E0,-9.640702057E0,-8.418493652E-1
4.670666525E1,-1.669178925E0,-9.695488129E0,-8.776249695E-1
4.671646125E1,-1.645378418E0,-9.695787506E0,-8.943901062E-1
4.672622725E1,-1.626517639E0,-9.723928986E0,-9.367520142E-1
4.673599225E1,-1.628762970E0,-9.707612915E0,-9.307644653E-1
4.674575825E1,-1.626817017E0,-9.678872681E0,-9.385482788E-1
4.675552425E1,-1.637145538E0,-9.614207153E0,-9.424401855E-1
4.676532025E1,-1.672472076E0,-9.596992950E0,-8.807684326E-1
4.677508525E1,-1.703457642E0,-9.552086334E0,-8.511300659E-1
4.678485125E1,-1.749561768E0,-9.535021820E0,-8.265811157E-1
4.679461725E1,-1.773212585E0,-9.518106995E0,-8.183482361E-1
4.680438225E1,-1.810934143E0,-9.514664154E0,-8.018824768E-1
4.681414825E1,-1.820963287E0,-9.520951080E0,-8.111631775E-1
4.682394425E1,-1.799258423E0,-9.563312988E0,-8.234376526E-1
4.683367625E1,-1.787283325E0,-9.584269409E0,-8.279283142E-1
4.684344125E1,-1.775308228E0,-9.606273651E0,-8.761280823E-1
4.685320725E1,-1.754651184E0,-9.594897308E0,-9.271719360E-1
4.686297325E1,-1.735940094E0,-9.576186218E0,-9.072633362E-1
4.687273825E1,-1.708397369E0,-9.533075867E0,-8.785231018E-1
4.688253425E1,-1.715732117E0,-9.549691315E0,-8.605604553E-1
4.689230025E1,-1.714684296E0,-9.539512482E0,-8.126600647E-1
4.690206625E1,-1.685794373E0,-9.560768280E0,-7.946974182E-1
4.691183125E1,-1.683998108E0,-9.577533417E0,-7.782316589E-1
4.692159725E1,-1.719474335E0,-9.588311005E0,-7.764353943E-1
4.693139325E1,-1.711091766E0,-9.581575012E0,-7.631130981E-1
4.694115925E1,-1.747316437E0,-9.573940887E0,-7.403604126E-1
4.695092425E1,-1.741628265E0,-9.587412872E0,-7.414082336E-1
4.696069025E1,-1.767075348E0,-9.604926453E0,-7.640112305E-1
4.697045525E1,-1.774859161E0,-9.635313263E0,-7.708969116E-1
4.698022125E1,-1.715881805E0,-9.691446533E0,-7.788304138E-1
4.699001725E1,-1.726360016E0,-9.726922760E0,-7.985893250E-1
4.699978325E1,-1.702858887E0,-9.763895874E0,-7.948471069E-1
4.700954825E1,-1.697170715E0,-9.745334473E0,-7.732919312E-1
4.701931425E1,-1.663790131E0,-9.699230347E0,-7.701484680E-1
4.702911025E1,-1.618284760E0,-9.623637543E0,-7.473957825E-1
4.703887625E1,-1.641785889E0,-9.543105011E0,-7.535330200E-1
4.704864225E1,-1.668879547E0,-9.490414581E0,-6.927593994E-1
4.705840725E1,-1.670526123E0,-9.483678589E0,-6.852749634E-1
4.706817325E1,-1.676813049E0,-9.478439484E0,-6.670129395E-1
4.707793825E1,-1.680854645E0,-9.513316956E0,-6.824308777E-1
4.708773525E1,-1.654958496E0,-9.546398163E0,-6.921606445E-1
4.709750025E1,-1.649719391E0,-9.582024078E0,-7.405101013E-1
4.710726625E1,-1.647474060E0,-9.578132172E0,-7.370672607E-1
4.711703125E1,-1.642534332E0,-9.623038788E0,-7.487429810E-1
4.712679725E1,-1.619033203E0,-9.588610382E0,-7.488926697E-1
4.713659325E1,-1.626817017E0,-9.573791199E0,-7.399113464E-1
4.714635925E1,-1.611099701E0,-9.522447968E0,-7.256909180E-1
4.715612425E1,-1.628613281E0,-9.524693298E0,-7.189549255E-1
4.716589025E1,-1.624421997E0,-9.517807617E0,-7.261399841E-1
4.717565625E1,-1.635349274E0,-9.510472870E0,-7.183561707E-1
4.718542125E1,-1.623823242E0,-9.510472870E0,-6.956034851E-1
4.719521725E1,-1.633852386E0,-9.485025787E0,-7.176077271E-1
4.720498325E1,-1.624272308E0,-9.478888550E0,-7.182064819E-1
4.721474925E1,-1.629361725E0,-9.479038239E0,-7.080276489E-1
4.722451425E1,-1.628912659E0,-9.516759796E0,-7.048841858E-1
4.723428025E1,-1.633253632E0,-9.565558319E0,-7.234455872E-1
4.724407625E1,-1.645977173E0,-9.650431824E0,-7.261399841E-1
4.725384225E1,-1.684297485E0,-9.729617157E0,-7.550299072E-1
4.726360725E1,-1.727108459E0,-9.773326263E0,-7.746391296E-1
4.727337325E1,-1.765428772E0,-9.788594513E0,-7.517367554E-1
4.728313925E1,-1.759291534E0,-9.811796265E0,-7.825726318E-1
4.729293525E1,-1.756896515E0,-9.812395020E0,-7.873626709E-1
4.730270025E1,-1.727707214E0,-9.785301361E0,-7.852670288E-1
4.731246625E1,-1.721869354E0,-9.802964630E0,-7.905061340E-1
4.732223225E1,-1.698667603E0,-9.791139221E0,-8.226892090E-1
4.733199725E1,-1.660496979E0,-9.775421906E0,-8.170010376E-1
4.734176325E1,-1.642534332E0,-9.789792023E0,-8.146060181E-1
4.735155925E1,-1.619332581E0,-9.728569336E0,-8.173004150E-1
4.736132525E1,-1.615590363E0,-9.714348907E0,-8.006849670E-1
4.737109025E1,-1.611548767E0,-9.678722992E0,-7.670050049E-1
4.738085625E1,-1.626367950E0,-9.677525482E0,-7.352709961E-1
4.739062125E1,-1.654060364E0,-9.630074158E0,-7.167095947E-1
4.740041825E1,-1.666185150E0,-9.651479645E0,-6.542893982E-1
4.741018325E1,-1.683399353E0,-9.628876648E0,-6.607260132E-1
4.741994925E1,-1.694925385E0,-9.633367310E0,-6.644682312E-1
4.742971525E1,-1.689686279E0,-9.599088593E0,-6.906637573E-1
4.743948025E1,-1.690135345E0,-9.596543884E0,-7.258406067E-1
4.744927625E1,-1.690584412E0,-9.594298553E0,-7.351213074E-1
4.745904225E1,-1.674717407E0,-9.603279877E0,-7.454498291E-1
4.746880825E1,-1.678609314E0,-9.598040771E0,-7.426057434E-1
4.747857325E1,-1.671723633E0,-9.586065674E0,-7.424560547E-1
4.748833925E1,-1.639241180E0,-9.592502289E0,-7.195536804E-1
4.749810425E1,-1.618135071E0,-9.583371277E0,-6.788383484E-1
4.750790125E1,-1.639241180E0,-9.568701782E0,-6.343807983E-1
4.751766625E1,-1.594633942E0,-9.548942871E0,-6.366261292E-1
4.752743225E1,-1.604363708E0,-9.537117462E0,-6.402186584E-1
4.753719725E1,-1.618135071E0,-9.510772247E0,-6.253994751E-1
4.754696325E1,-1.621577911E0,-9.506131897E0,-6.324348450E-1
4.755672925E1,-1.655706940E0,-9.520502014E0,-6.508465576E-1
4.756652525E1,-1.659000092E0,-9.544751587E0,-6.475534058E-1
4.757629025E1,-1.666185150E0,-9.552984467E0,-6.704557800E-1
4.758605625E1,-1.638343048E0,-9.546398163E0,-6.914122009E-1
4.759582225E1,-1.651515656E0,-9.546847229E0,-6.806346130E-1
4.760558725E1,-1.624122620E0,-9.572144623E0,-6.698570251E-1
4.761535325E1,-1.621577911E0,-9.582173767E0,-6.724017334E-1
4.762514925E1,-1.615590363E0,-9.603878632E0,-6.433621216E-1
4.763491525E1,-1.630409546E0,-9.606423340E0,-6.647676086E-1
4.764468025E1,-1.636846161E0,-9.644144897E0,-6.807843018E-1
4.765444625E1,-1.629810791E0,-9.661508789E0,-6.574328613E-1
4.766421225E1,-1.642085266E0,-9.649384003E0,-6.692582703E-1
4.767397725E1,-1.641785889E0,-9.670041046E0,-6.905140686E-1
4.768374325E1,-1.635498962E0,-9.649384003E0,-7.119195557E-1
4.769353925E1,-1.663790131E0,-9.664951630E0,-7.391629028E-1
4.770330525E1,-1.626367950E0,-9.669292603E0,-7.667056274E-1
4.771307025E1,-1.667831726E0,-9.677675171E0,-7.881111145E-1
4.772283625E1,-1.668280792E0,-9.656868439E0,-8.114625549E-1
4.773260125E1,-1.661395111E0,-9.649982758E0,-7.946974182E-1
4.774236725E1,-1.645677795E0,-9.617350616E0,-7.860154724E-1
4.775216325E1,-1.638941803E0,-9.644444275E0,-7.614665222E-1
4.776192925E1,-1.655706940E0,-9.636660461E0,-7.274871826E-1
4.777169425E1,-1.656305695E0,-9.663155365E0,-7.074288940E-1
4.778146025E1,-1.659748535E0,-9.645941162E0,-7.113208008E-1
4.779122625E1,-1.671723633E0,-9.633816376E0,-6.911128235E-1
4.780102225E1,-1.692829742E0,-9.613159332E0,-6.929090881E-1
4.781078825E1,-1.699266357E0,-9.579778748E0,-6.903643799E-1
4.782055325E1,-1.682501221E0,-9.569001160E0,-6.836283875E-1
4.783031287E1,-1.677411804E0,-9.556576996E0,-6.755451965E-1
4.784007787E1,-1.676513672E0,-9.561965790E0,-6.626719666E-1
4.784984388E1,-1.676363983E0,-9.570198669E0,-6.641688538E-1
4.785963988E1,-1.644480286E0,-9.572444000E0,-6.589297485E-1
4.786940587E1,-1.673370209E0,-9.615105286E0,-6.768923950E-1
4.787917087E1,-1.671573944E0,-9.613458710E0,-6.698570251E-1
4.788893688E1,-1.654060364E0,-9.635163574E0,-6.741979980E-1
4.789870288E1,-1.662592621E0,-9.629625092E0,-6.896159363E-1
4.790846787E1,-1.671124878E0,-9.632469177E0,-7.159611511E-1
4.791826387E1,-1.675914917E0,-9.634115753E0,-6.933581543E-1
4.792802988E1,-1.662742310E0,-9.620194702E0,-6.854246521E-1
4.793779588E1,-1.666334839E0,-9.601483612E0,-6.707551575E-1
4.794756087E1,-1.669777679E0,-9.596394196E0,-6.909631348E-1
4.795732687E1,-1.665287018E0,-9.587562561E0,-6.968009949E-1
4.796712288E1,-1.665736084E0,-9.593400421E0,-6.957531738E-1
4.797688888E1,-1.649420013E0,-9.594298553E0,-7.039860535E-1
4.798665387E1,-1.647923126E0,-9.609716492E0,-7.146139526E-1
4.799641987E1,-1.614841919E0,-9.671088867E0,-7.147636414E-1
4.800618588E1,-1.617985382E0,-9.680070190E0,-7.494914246E-1
4.801598188E1,-1.608554993E0,-9.676327972E0,-7.732919312E-1
4.802574687E1,-1.586251373E0,-9.644593964E0,-7.599696350E-1
4.803551287E1,-1.599423981E0,-9.633217621E0,-7.635621643E-1
4.804527888E1,-1.614542542E0,-9.581575012E0,-7.426057434E-1
4.805504388E1,-1.632205811E0,-9.542955322E0,-7.415579224E-1
4.806480987E1,-1.682950287E0,-9.514215088E0,-7.066804504E-1
4.807460587E1,-1.693727875E0,-9.525741119E0,-6.713539124E-1
4.808437188E1,-1.696871338E0,-9.561367035E0,-6.677613831E-1
4.809413688E1,-1.703158264E0,-9.611961823E0,-6.873706055E-1
4.810390287E1,-1.681752777E0,-9.617350616E0,-7.216493225E-1
4.811366787E1,-1.703008575E0,-9.635013885E0,-7.268884277E-1
4.812343388E1,-1.693428497E0,-9.635762329E0,-7.268884277E-1
4.813322988E1,-1.677262115E0,-9.623038788E0,-7.453001404E-1
4.814299587E1,-1.682052155E0,-9.635912018E0,-7.201524353E-1
4.815276087E1,-1.693428497E0,-9.634864197E0,-7.050338745E-1
4.816252688E1,-1.697021027E0,-9.602082367E0,-7.041357422E-1
4.817229288E1,-1.723366241E0,-9.599238281E0,-6.701564026E-1
4.818208887E1,-1.732347565E0,-9.588610382E0,-6.758445740E-1
4.819185487E1,-1.735940094E0,-9.577533417E0,-6.884184265E-1
4.820161988E1,-1.750609589E0,-9.573342133E0,-7.143145752E-1
4.821138588E1,-1.770069122E0,-9.564809875E0,-7.162605286E-1
4.822115087E1,-1.801204376E0,-9.590556335E0,-7.491920471E-1
4.823094787E1,-1.811233521E0,-9.609417114E0,-7.442523193E-1
4.824071288E1,-1.792821808E0,-9.628277893E0,-7.517367554E-1
4.825047888E1,-1.765428772E0,-9.664951630E0,-7.485932922E-1
4.826024387E1,-1.727407837E0,-9.662257233E0,-7.478448486E-1
4.827000987E1,-1.696871338E0,-9.675579529E0,-7.354206848E-1
4.827977588E1,-1.646575928E0,-9.655820618E0,-7.229965210E-1
4.828957188E1,-1.648222504E0,-9.635163574E0,-7.138655090E-1
4.829933687E1,-1.621278534E0,-9.629924469E0,-7.170089722E-1
4.830910287E1,-1.619781647E0,-9.626331940E0,-7.274871826E-1
4.831886888E1,-1.617236938E0,-9.667346649E0,-7.228468323E-1
4.832863388E1,-1.623523865E0,-9.669591980E0,-7.008425903E-1
4.833842987E1,-1.615740051E0,-9.680968323E0,-6.855743408E-1
4.834819587E1,-1.593735809E0,-9.658215637E0,-6.490502930E-1
4.835796188E1,-1.555415497E0,-9.667346649E0,-6.117778015E-1
4.836772688E1,-1.564546509E0,-9.663903809E0,-5.749543762E-1
4.837749287E1,-1.563348999E0,-9.666298828E0,-5.150788879E-1
4.838728887E1,-1.563798065E0,-9.641899567E0,-4.984634399E-1
4.839705488E1,-1.560205536E0,-9.613907776E0,-4.848417664E-1
4.840681988E1,-1.538201294E0,-9.601782990E0,-4.942721558E-1
4.841658587E1,-1.548380127E0,-9.600735168E0,-5.307962036E-1
4.842635187E1,-1.569785614E0,-9.577383728E0,-5.614823914E-1
4.843614788E1,-1.596579895E0,-9.571695557E0,-6.144721985E-1
4.844591288E1,-1.621727600E0,-9.583820343E0,-6.601272583E-1
4.845567887E1,-1.621278534E0,-9.605076141E0,-6.662644958E-1
4.846544487E1,-1.660197601E0,-9.631121979E0,-6.548881531E-1
4.847520988E1,-1.653760986E0,-9.637857971E0,-6.402186584E-1
4.848500588E1,-1.631906433E0,-9.617350616E0,-6.411167908E-1
4.849477187E1,-1.629960480E0,-9.595945129E0,-6.402186584E-1
4.850453787E1,-1.641486511E0,-9.603728943E0,-6.242019653E-1
4.851430288E1,-1.649719391E0,-9.614356842E0,-6.264472961E-1
4.852406888E1,-1.655706940E0,-9.664801941E0,-6.491999817E-1
4.853383387E1,-1.676363983E0,-9.651180267E0,-6.655160522E-1
4.854363087E1,-1.695823517E0,-9.660011902E0,-7.165599060E-1
4.855339588E1,-1.712888031E0,-9.647438049E0,-7.752378845E-1
4.856316188E1,-1.721869354E0,-9.603878632E0,-8.141569519E-1
4.857292787E1,-1.760339355E0,-9.591005402E0,-8.427474976E-1
4.858269287E1,-1.794169006E0,-9.552535400E0,-8.684939575E-1
4.859245888E1,-1.786834259E0,-9.553283844E0,-8.722361755E-1
4.860225488E1,-1.810185699E0,-9.556427307E0,-8.919950867E-1
4.861202087E1,-1.814227295E0,-9.571994934E0,-8.640032959E-1
4.862178587E1,-1.792073364E0,-9.538464661E0,-8.619076538E-1
4.863155188E1,-1.775457916E0,-9.537117462E0,-8.192463684E-1
4.864131688E1,-1.769021301E0,-9.554930420E0,-7.902067566E-1
4.865111387E1,-1.783391418E0,-9.591604156E0,-7.544311523E-1
4.866087887E1,-1.810036011E0,-9.620943146E0,-7.376660156E-1
4.867064488E1,-1.813927917E0,-9.708660736E0,-7.375163269E-1
4.868040987E1,-1.791474609E0,-9.729916534E0,-7.463479614E-1
4.869017587E1,-1.759441223E0,-9.698182526E0,-7.503895569E-1
4.869994187E1,-1.751956787E0,-9.666298828E0,-7.921527100E-1
4.870973788E1,-1.755249939E0,-9.642947388E0,-8.101153564E-1
4.871950287E1,-1.725162506E0,-9.662855988E0,-8.069718933E-1
4.872926887E1,-1.718725891E0,-9.629924469E0,-8.003855896E-1
4.873903487E1,-1.693877563E0,-9.576934662E0,-7.631130981E-1
4.874879988E1,-1.671424255E0,-9.531578979E0,-7.551795959E-1
4.875856588E1,-1.663490753E0,-9.523795166E0,-7.514373779E-1
4.876836187E1,-1.663490753E0,-9.526040497E0,-7.249424744E-1
4.877812787E1,-1.660496979E0,-9.553732910E0,-6.947053528E-1
4.878789288E1,-1.684447174E0,-9.641600189E0,-6.800358582E-1
4.879765888E1,-1.712139587E0,-9.653126221E0,-6.882687378E-1
4.880742487E1,-1.734592896E0,-9.703870697E0,-7.322772217E-1
4.881718987E1,-1.725910950E0,-9.739646301E0,-7.614665222E-1
4.882698588E1,-1.690734100E0,-9.700128479E0,-7.613168335E-1
4.883674192E1,-1.699266357E0,-9.667196960E0,-7.577243042E-1
4.884650792E1,-1.715881805E0,-9.589658203E0,-8.246351624E-1
4.885627292E1,-1.724863129E0,-9.540560303E0,-8.150550842E-1
4.886603892E1,-1.710942078E0,-9.511071625E0,-8.262817383E-1
4.887583492E1,-1.669029236E0,-9.469158783E0,-8.190966797E-1
4.888560092E1,-1.689536591E0,-9.460027771E0,-8.243357849E-1
4.889536592E1,-1.737886047E0,-9.454189911E0,-7.878117371E-1
4.890513192E1,-1.788780212E0,-9.612560577E0,-8.003855896E-1
4.891489692E1,-1.810934143E0,-9.677076416E0,-7.908055115E-1
4.892469392E1,-1.814676361E0,-9.608219604E0,-7.557783508E-1
4.893445892E1,-1.826052704E0,-9.499545593E0,-7.740403748E-1
4.894422492E1,-1.764680328E0,-9.464368744E0,-7.924520874E-1
4.895399092E1,-1.701212311E0,-9.474996643E0,-8.029302979E-1
4.896375592E1,-1.677112427E0,-9.536369019E0,-8.021818542E-1
4.897355192E1,-1.670226746E0,-9.653575287E0,-7.491920471E-1
4.898331792E1,-1.726060638E0,-9.726773071E0,-7.568261719E-1
4.899308392E1,-1.713037720E0,-9.738149414E0,-7.231462097E-1
4.900284892E1,-1.727856903E0,-9.700427856E0,-7.092251587E-1
4.901261492E1,-1.685644684E0,-9.613608398E0,-7.120692444E-1
4.902241092E1,-1.689985657E0,-9.549990692E0,-7.436535645E-1
4.903217692E1,-1.663191376E0,-9.505832520E0,-7.375163269E-1
4.904194192E1,-1.622326355E0,-9.486223297E0,-7.685018921E-1
4.905170792E1,-1.598825226E0,-9.481133881E0,-7.354206848E-1
4.906147292E1,-1.584904175E0,-9.494605865E0,-7.053332520E-1
4.907126992E1,-1.522034912E0,-9.511670380E0,-7.045848083E-1
4.908103492E1,-1.465751953E0,-9.518556061E0,-6.927593994E-1
4.909080092E1,-1.452279968E0,-9.542655945E0,-7.098239136E-1
4.910056592E1,-1.402882690E0,-9.579928436E0,-6.978488159E-1
4.911033192E1,-1.340761871E0,-9.567953339E0,-7.241940308E-1
4.912012792E1,-1.289418640E0,-9.619595947E0,-7.360194397E-1
4.912989392E1,-1.268162842E0,-9.685608673E0,-7.463479614E-1
4.913965892E1,-1.260678406E0,-9.716893616E0,-7.378157043E-1
4.914942492E1,-1.240021362E0,-9.734856262E0,-7.321275330E-1
4.915919092E1,-1.226549377E0,-9.721084900E0,-6.855743408E-1
4.916898692E1,-1.238374786E0,-9.705966339E0,-6.523434448E-1
4.917875192E1,-1.156045990E0,-9.579179993E0,-5.565426636E-1
4.918851792E1,-9.888436890E-1,-9.442663879E0,-6.539900208E-1
4.919828392E1,-9.994715881E-1,-9.505682831E0,-5.998027039E-1
4.920807992E1,-1.098565521E0,-9.613159332E0,-5.920188904E-1
4.921784492E1,-1.280736694E0,-9.808203735E0,-5.770500183E-1
4.922761092E1,-1.541494446E0,-1.000264938E1,-5.751040649E-1
4.923737692E1,-1.542392578E0,-9.905351715E0,-5.671705627E-1
4.924714192E1,-1.684297485E0,-1.011117371E1,-5.774990845E-1
4.925693792E1,-1.765877838E0,-1.014126114E1,-4.864883423E-1
4.926670392E1,-1.742526398E0,-9.921667786E0,-4.848417664E-1
4.927646992E1,-1.762584686E0,-9.812544708E0,-4.749623108E-1
4.928623492E1,-1.804048462E0,-9.508077850E0,-4.939727783E-1
4.929600092E1,-1.807341614E0,-9.289382629E0,-5.523513794E-1
4.930579692E1,-1.728755035E0,-9.217981110E0,-6.090834045E-1
4.931556292E1,-1.602268066E0,-9.211544495E0,-5.882766724E-1
4.932532792E1,-1.518741760E0,-9.418563995E0,-5.499563599E-1
4.933509392E1,-1.533860321E0,-9.723479919E0,-5.580395508E-1
4.934485992E1,-1.487007751E0,-9.970316620E0,-4.993615723E-1
4.935465592E1,-1.350791016E0,-1.015024246E1,-4.463717651E-1
4.936442092E1,-1.588496704E0,-9.647887115E0,-5.471122742E-1
4.937418692E1,-1.249900818E0,-1.053449341E1,-3.224295044E-1
4.938395292E1,-1.124761047E0,-1.000893631E1,-6.403683472E-1
4.939374892E1,-1.137783966E0,-1.013766861E1,-5.324427795E-1
4.940351392E1,-1.042731628E0,-1.010788055E1,-4.402345276E-1
4.941327992E1,-1.002914429E0,-9.830507355E0,-6.408174133E-1
4.942304592E1,-9.924362183E-1,-9.700128479E0,-7.571255493E-1
4.943281092E1,-1.155147858E0,-9.773625641E0,-7.795788574E-1
4.944260692E1,-1.294208679E0,-9.691895599E0,-9.241781616E-1
4.945237292E1,-1.318308563E0,-9.648336182E0,-9.389973450E-1
4.946213892E1,-1.312021637E0,-9.446855164E0,-1.028810577E0
4.947190392E1,-1.340761871E0,-9.214538269E0,-1.010398865E0
4.948166992E1,-1.407073975E0,-9.131311340E0,-1.043480072E0
4.949146592E1,-1.495240631E0,-9.127868500E0,-1.074765015E0
4.950123192E1,-1.683549042E0,-9.080417175E0,-1.116977234E0
4.951099692E1,-1.929786987E0,-9.328152008E0,-8.946894836E-1
4.952076292E1,-2.022743683E0,-9.785750427E0,-3.466790771E-1
4.953052892E1,-1.859582977E0,-9.578730927E0,-5.656736755E-1
4.954032492E1,-1.793121185E0,-9.303303680E0,-7.358697510E-1
4.955008992E1,-1.865570526E0,-9.241332550E0,-6.692582703E-1
4.955985592E1,-2.041903839E0,-9.265133057E0,-7.346722412E-1
4.956962192E1,-2.242786102E0,-9.366322632E0,-8.491841125E-1
4.957938692E1,-2.281555481E0,-9.426796875E0,-9.729766846E-1
4.958918292E1,-1.899549866E0,-9.711953888E0,-1.011596375E0
4.959894892E1,-1.356628876E0,-1.013706985E1,-7.228468323E-1
4.960871492E1,-1.033899994E0,-1.050410660E1,-5.114863586E-1
4.961847992E1,-3.580554199E-1,-1.031669632E1,-3.573069763E-1
4.962824592E1,-1.118324432E0,-1.143756546E1,-1.042132874E0
4.963804192E1,-2.235900421E0,-8.791667633E0,-2.373015289E0
4.964780792E1,-1.549577637E0,-9.960287476E0,-6.836283875E-1
4.965757292E1,-1.628014526E0,-9.830956421E0,-1.610500946E0
4.966733892E1,-1.510359192E0,-9.629325714E0,-1.629511414E0
4.967710492E1,-1.486558685E0,-9.584868164E0,-1.243464203E0
4.968690092E1,-1.930834808E0,-9.338779907E0,-9.907896423E-1
4.969666592E1,-2.390229492E0,-9.511371002E0,-8.952882385E-1
4.970643192E1,-2.559078369E0,-9.152866516E0,-1.048868866E0
4.971619792E1,-2.546953583E0,-8.814120941E0,-1.416354675E0
4.972596292E1,-2.679428101E0,-8.662635956E0,-1.874252472E0
4.973575892E1,-2.910098419E0,-8.695866852E0,-2.269879761E0
4.974552492E1,-3.002306671E0,-8.784482574E0,-2.812950439E0
4.975529092E1,-2.814297638E0,-9.372459869E0,-2.638114014E0
4.976505592E1,-2.356848907E0,-9.866881714E0,-1.954485626E0
4.977485192E1,-1.796863403E0,-1.024005569E1,-1.253792725E0
4.978461792E1,-1.041683807E0,-1.040022263E1,-1.390608215E-1
4.979438392E1,-6.394702148E-1,-9.693093109E0,4.167333984E-1
4.980414892E1,-5.471122742E-1,-9.549691315E0,5.713618469E-1
4.981394492E1,-8.602610779E-1,-9.383087769E0,2.748284912E-1
4.982371092E1,-9.364526367E-1,-9.730664978E0,5.523513794E-2
4.983350000E1,-1.182391205E0,-1.043734543E1,-4.221221924E-1
4.984326500E1,-6.072871399E-1,-1.112830856E1,-4.165837097E-1
4.985306100E1,-7.065307617E-2,-1.278236893E1,-1.464105377E0
4.986282700E1,-3.791615295E-1,-1.042192749E1,-2.158661041E0
4.987259300E1,-3.357518005E-1,-9.873468018E0,-1.822460175E0
4.988235800E1,-6.661148071E-2,-9.619895325E0,-1.309476929E0
4.989212400E1,8.532257080E-2,-8.825347595E0,-8.904981995E-1
4.990192000E1,-1.688488770E-1,-8.542286224E0,-4.546046448E-1
4.991168600E1,-4.495152283E-1,-9.706714783E0,-3.450325012E-1
4.992145100E1,-6.078858948E-1,-9.893376617E0,-4.837939453E-1
4.993121700E1,-1.154100037E0,-9.622739410E0,-8.294252014E-1
4.994101300E1,-1.350192261E0,-9.126072235E0,-6.450086975E-1
4.995077900E1,-1.536105652E0,-8.401878204E0,-1.170565796E-1
4.996054400E1,-1.807640991E0,-8.026009827E0,5.954617310E-1
4.997031000E1,-2.028132477E0,-8.159382477E0,4.469705200E-1
4.998007600E1,-2.446662140E0,-9.086554413E0,-1.318308563E0
4.998987200E1,-2.347268829E0,-9.308692474E0,-1.955383759E0
4.999963700E1,-1.738484802E0,-9.566007385E0,-9.517208862E-1
5.000940300E1,-1.142574005E0,-1.001028351E1,-2.095642090E-2
5.001916900E1,-9.249266052E-1,-1.051189041E1,-5.498066711E-1
5.002896500E1,-1.107247467E0,-1.046803162E1,-1.725611572E0
5.003873000E1,-1.420096893E0,-9.711804199E0,-2.943329315E0
5.004849600E1,-9.726773071E-1,-7.664960632E0,-1.193917236E0
5.005826200E1,-5.670208740E-1,-5.920488281E0,1.111887817E0
5.006802700E1,-1.755699005E0,-9.494156799E0,-1.829196167E0
5.007782300E1,-2.535577240E0,-9.527238007E0,-2.630928955E0
5.008758900E1,-2.080224152E0,-8.707542572E0,-9.159452820E-1
5.009735500E1,-1.374591522E0,-9.375453644E0,-6.542893982E-1
5.010712000E1,-8.074209595E-1,-8.770860901E0,-1.027613068E0
5.011688600E1,-6.927593994E-1,-8.667725372E0,-1.643133087E0
5.012668200E1,-1.053658905E0,-8.989855499E0,-2.825374603E0
5.013644800E1,-1.524878998E0,-9.482331390E0,-3.736080780E0
5.014621300E1,-1.730251923E0,-9.927056580E0,-4.696034546E0
5.015597900E1,-1.552122345E0,-1.074315948E1,-4.436773682E0
5.016574400E1,-1.185834045E0,-1.128742767E1,-3.959416351E0
5.017554100E1,-8.768765259E-1,-1.155043076E1,-3.553011475E0
5.018530600E1,-6.969506836E-1,-1.085587509E1,-2.206411743E0
5.019507200E1,-1.040486298E0,-8.995693359E0,-1.741628265E0
5.020483700E1,-1.788780212E0,-9.415420532E0,-2.776276703E0
5.021460300E1,-2.578238525E0,-9.986932068E0,-3.447181549E0
5.022439900E1,-2.961291962E0,-1.014575180E1,-2.819387054E0
5.023416500E1,-2.770289154E0,-9.944270782E0,-2.098037109E0
5.024393000E1,-2.461930389E0,-9.560019836E0,-2.687810669E0
5.025369600E1,-2.258204041E0,-9.588161316E0,-3.238066406E0
5.026349200E1,-1.990560608E0,-9.389674072E0,-3.168311462E0
5.027325800E1,-2.056573334E0,-9.125174103E0,-3.130290527E0
5.028302400E1,-1.953288116E0,-9.093140717E0,-3.031346283E0
5.029278900E1,-1.536854095E0,-8.305628357E0,-2.208657074E0
5.030258500E1,-1.034049683E0,-7.559280396E0,-1.424288177E0
5.031235100E1,-6.015989685E-1,-7.480843506E0,-1.273551636E0
5.032211700E1,-9.879455566E-3,-6.971602478E0,-4.882846069E-1
5.033188200E1,5.688171387E-3,-6.896159363E0,2.365081787E-2
5.034164800E1,-1.452579346E0,-8.443791046E0,-8.888516235E-1
5.035144400E1,-2.969225464E0,-1.092787537E1,-2.390229492E0
5.036121000E1,-3.301684113E0,-1.163754959E1,-3.140918427E0
5.037097500E1,-2.933150482E0,-1.131407227E1,-3.933370514E0
5.038074100E1,-1.609752502E0,-1.074435699E1,-4.157604218E0
5.039053700E1,-5.282514954E-1,-1.034633469E1,-3.690725098E0
5.040030300E1,-3.305126953E-1,-1.024080414E1,-3.524720306E0
5.041006800E1,-5.028044128E-1,-9.583820343E0,-3.016078033E0
5.041983400E1,-1.008901978E0,-9.372459869E0,-2.510878601E0
5.042963000E1,-8.399034119E-1,-9.495953064E0,-2.048041077E0
5.043939600E1,-2.977308655E-1,-9.607920227E0,-1.762434998E0
5.044916100E1,-2.528242493E-1,-9.973160706E0,-1.832040253E0
5.045892700E1,-1.384770355E0,-9.660610657E0,-2.030228119E0
5.046872300E1,-1.309177551E0,-9.380992126E0,-2.328258362E0
5.047848900E1,-1.876647491E0,-1.031415161E1,-2.944227448E0
5.048825400E1,-1.927990723E0,-1.109253296E1,-3.466491394E0
5.049802000E1,-7.924520874E-1,-1.143097916E1,-3.613934784E0
5.050781600E1,-2.305206299E-2,-1.073103470E1,-3.882476349E0
5.051758200E1,4.745132446E-2,-8.935668182E0,-4.154460754E0
5.052734700E1,-8.660989380E-1,-8.562643890E0,-4.731361084E0
5.053711300E1,-3.743714905E-1,-8.956025848E0,-4.544549561E0
5.054687800E1,-1.175804901E0,-9.817634125E0,-4.817132721E0
5.055667500E1,-2.510429535E0,-1.006836273E1,-4.383185120E0
5.056644000E1,-4.191583557E0,-9.680369568E0,-3.953578491E0
5.057620600E1,-4.896916809E0,-8.920100555E0,-3.869603119E0
5.058597200E1,-4.889282684E0,-1.021131546E1,-4.312981110E0
5.059576800E1,-3.963607635E0,-1.016715729E1,-4.562362518E0
5.060553300E1,-2.197879486E0,-1.104927292E1,-4.166286163E0
5.061529900E1,-1.937870178E0,-1.262699203E1,-3.802243195E0
5.062506500E1,-2.216889954E0,-1.285871017E1,-2.537373505E0
5.063483000E1,-2.390528870E0,-1.278072235E1,-1.678609314E0
5.064462600E1,-2.799179077E0,-1.187046524E1,-1.188378754E0
5.065439200E1,-2.592458954E0,-1.106379272E1,-1.484013977E0
5.066415800E1,-2.619103546E0,-8.839867401E0,-1.866768036E0
5.067392300E1,-4.050427094E0,-7.373217316E0,-2.337988129E0
5.068368900E1,-6.203998718E0,-6.498137054E0,-2.874023438E0
5.069348500E1,-6.619833984E0,-6.941664734E0,-3.883374481E0
5.070325100E1,-4.480931854E0,-9.158554688E0,-2.941233673E0
5.071301600E1,-3.860771484E0,-9.762249298E0,-1.727258148E0
5.072278200E1,-3.501219177E0,-9.104666748E0,-1.310674438E0
5.073254700E1,-3.607049103E0,-6.925198975E0,-9.119036865E-1
5.074234400E1,-4.676724701E0,-7.264393616E0,-2.879711609E0
5.075210900E1,-4.632267151E0,-6.715335388E0,-2.265688477E0
5.076187500E1,-3.995790710E0,-6.664141846E0,-1.901046753E0
5.077164000E1,-3.733685760E0,-7.230264587E0,-2.363584900E0
5.078140600E1,-3.867657166E0,-6.738088074E0,-2.980452118E0
5.079120200E1,-3.872596893E0,-5.795348511E0,-4.144281921E0
5.080096800E1,-3.586541748E0,-6.169869690E0,-5.243595886E0
5.081073300E1,-3.398832092E0,-7.344177704E0,-4.322860565E0
5.082049900E1,-3.710184631E0,-7.299420776E0,-3.300935669E0
5.083023350E1,-4.070036316E0,-7.219636688E0,-2.924767914E0
5.084002950E1,-3.135379944E0,-7.947722626E0,-2.863844604E0
5.084979450E1,-2.426005096E0,-8.637338562E0,-1.778900757E0
5.085956050E1,-3.154839478E0,-8.533604279E0,-7.216493225E-1
5.086932650E1,-3.565585327E0,-8.208031311E0,-3.005749512E-1
5.087909150E1,-3.757935333E0,-7.914791107E0,-1.459165649E0
5.088888850E1,-4.457879791E0,-5.654491425E0,-2.095642090E0
5.089865350E1,-4.565505981E0,-1.009470795E1,-5.081483002E0
5.090841950E1,-3.209176483E0,-9.667945404E0,-4.573140106E0
5.091818450E1,-3.556154938E0,-9.036558380E0,-3.643423462E0
5.092795050E1,-3.739074554E0,-8.113128662E0,-3.031495972E0
5.093771650E1,-3.823798370E0,-8.789871368E0,-2.406246185E0
5.094751250E1,-4.237088928E0,-8.518186340E0,-8.189469910E-1
5.095727750E1,-4.806804199E0,-9.243577881E0,-2.595153351E0
5.096704350E1,-4.777465210E0,-8.147557068E0,-3.031795349E0
5.097680950E1,-5.910010071E0,-6.776408386E0,-4.304748230E0
5.098657450E1,-7.092401276E0,-7.071893921E0,-5.882766724E0
5.099637050E1,-7.880213013E0,-5.933361511E0,-4.788093109E0
5.100613650E1,-7.788902893E0,-6.172414398E0,-4.032314758E0
5.101590250E1,-7.023694153E0,-7.798033905E0,-4.034410400E0
5.102566750E1,-5.766308899E0,-9.607171783E0,-3.444337463E0
5.103543350E1,-4.107308807E0,-1.004920258E1,-3.726650391E0
5.104519950E1,-2.308798828E0,-1.097712296E1,-3.607049103E0
5.105496450E1,-1.974543915E0,-1.079839462E1,-2.793341217E0
5.106476050E1,-3.386108551E0,-1.074196198E1,-4.844376068E0
5.107452650E1,-4.844525757E0,-7.868836670E0,-5.433101807E0
5.108429250E1,-6.567442932E0,-6.982529755E0,-4.291126556E0
5.109405750E1,-7.094496918E0,-7.859106903E0,-3.624263306E0
5.110382350E1,-8.162376251E0,-9.896669769E0,-3.523373108E0
5.111358850E1,-8.416996765E0,-1.271291336E1,-1.581012268E0
5.112338550E1,-5.955814819E0,-9.938582611E0,-8.786727905E-2
5.113315050E1,-5.123994598E0,-1.045246399E1,-7.696844330E0
5.114291650E1,-5.320984955E0,-1.167227737E1,-6.484964447E0
5.115268150E1,-2.831511841E0,-8.740923157E0,-1.903292084E0
5.116244750E1,3.803590393E-1,-5.261857910E0,-5.012476501E0
5.117221350E1,-1.599423981E0,-6.328390045E0,-2.576891327E0
5.118200950E1,-1.638492737E0,-9.078022156E0,-2.435734863E0
5.119177450E1,-4.659360809E0,-9.106463013E0,1.332229614E-1
5.120154050E1,-4.314178619E0,-9.070388031E0,-2.126028900E0
5.121130650E1,-6.747967529E-1,-1.164428558E1,-1.132095795E0
5.122107150E1,-3.629502411E0,-1.191058182E1,4.900808716E-1
5.123086750E1,-4.548441467E0,-1.043240570E1,-4.164340210E0
5.124063350E1,-2.905308380E0,-1.152273834E1,-5.561385040E0
5.125039950E1,-2.693798218E0,-1.168155807E1,-6.176455994E0
5.126016450E1,-3.014730835E0,-1.033720367E1,-6.029012604E0
5.126993050E1,-4.263883209E0,-9.276958466E0,-5.898484039E0
5.127972650E1,-5.811514893E0,-8.669521637E0,-6.193520508E0
5.128949250E1,-7.057224426E0,-7.733218689E0,-6.228547668E0
5.129925750E1,-8.049660645E0,-7.861052856E0,-6.457272034E0
5.130902350E1,-7.451055450E0,-9.097032623E0,-7.538623352E0
5.131878950E1,-5.818250885E0,-9.180259552E0,-7.139403534E0
5.132855450E1,-4.833598480E0,-8.781937866E0,-6.132896576E0
5.133832050E1,-5.159919891E0,-7.593559113E0,-5.077890472E0
5.134811650E1,-6.632407837E0,-5.858666840E0,-4.926255798E0
5.135788250E1,-8.976383514E0,-3.767814789E0,-7.008425903E0
5.136764750E1,-1.132529892E1,-1.766925659E0,-9.138795776E0
5.137741350E1,-1.285077667E1,-4.376898193E-1,-1.036040543E1
5.138717950E1,-1.325688217E1,1.371148682E-1,-1.117141891E1
5.139694450E1,-1.337992630E1,9.415420532E-2,-1.083611618E1
5.140674050E1,-1.381387390E1,1.472937012E-1,-8.938212891E0
5.141650650E1,-1.470541992E1,3.106040955E-1,-7.858508148E0
5.142627250E1,-1.635977966E1,7.554789734E-1,-6.140830078E0
5.143603750E1,-1.893472504E1,8.262817383E-2,-3.677851868E0
5.144580350E1,-2.053534653E1,-1.474733276E0,-4.972659302E-1
5.145556850E1,-1.990036697E1,-1.920206909E0,3.616629181E0
5.146536550E1,-1.993479538E1,-2.859353943E0,6.316564636E0
5.147513050E1,-1.855242004E1,-2.709964600E0,8.043373718E0
5.148489650E1,-1.681842590E1,-2.688559113E0,8.149802399E0
5.149466150E1,-1.577225143E1,-3.053350525E0,7.345674591E0
5.150442750E1,-1.477098358E1,-3.089874573E0,6.355034637E0
5.151422350E1,-1.355221802E1,-3.604354706E0,4.874912567E0
5.152398950E1,-1.338741074E1,-4.356241150E0,3.736380157E0
5.153375450E1,-1.307111847E1,-4.374203796E0,2.950214996E0
5.154352050E1,-1.237731125E1,-5.264701996E0,1.735940094E0
5.155328650E1,-1.127814697E1,-6.673721924E0,1.333427124E0
5.156308250E1,-1.013587234E1,-7.381001129E0,1.838476868E0
5.157284750E1,-9.276509399E0,-8.156089325E0,1.705553284E0
5.158261350E1,-8.500523071E0,-8.187224579E0,1.545536041E0
5.159237950E1,-8.269104309E0,-7.988138580E0,1.444047089E0
5.160214450E1,-7.917335815E0,-7.510032806E0,1.524280243E0
5.161194050E1,-7.388934631E0,-6.545289001E0,2.058668976E0
5.162170650E1,-7.397766266E0,-6.500681763E0,2.058968353E0
5.163147250E1,-7.299720154E0,-6.584357758E0,1.998943176E0
5.164123750E1,-6.094426575E0,-5.463787994E0,2.162103882E0
5.165100350E1,-5.054838409E0,-4.716841278E0,1.548080750E0
5.166079950E1,-4.279301147E0,-4.358037415E0,5.420228577E-1
5.167056550E1,-3.648662567E0,-4.348607025E0,-3.445834351E-1
5.168033050E1,-3.506009216E0,-3.931723938E0,-6.209088135E-1
5.169009650E1,-4.004173279E0,-2.862048340E0,-1.609153748E-1
5.169986250E1,-4.620591431E0,-7.771838379E-1,7.321275330E-1
5.170965850E1,-5.133275299E0,1.662891998E0,1.859433289E0
5.171942350E1,-5.504952393E0,3.356470184E0,2.595602417E0
5.172918950E1,-5.342689819E0,4.028722229E0,3.087629242E0
5.173895550E1,-5.164560242E0,3.537593536E0,3.898493042E0
5.174872050E1,-4.772824860E0,2.644700317E0,4.325405273E0
5.175851650E1,-4.373006287E0,4.567002869E-1,4.495900726E0
5.176828250E1,-4.434827728E0,3.876937866E-1,4.333787842E0
5.177804850E1,-4.620142365E0,9.145980835E-1,4.784650269E0
5.178781350E1,-4.563859406E0,2.214345245E0,4.257895660E0
5.179757950E1,-1.809437256E0,5.909411316E0,2.039808197E0
5.180737550E1,-1.439556427E0,3.575315094E0,3.200344849E0
5.181714150E1,-2.209704895E0,2.464774475E0,3.576961670E0
5.182690650E1,-1.602417755E0,2.525997162E0,3.720662842E0
5.183667650E1,-4.031117249E-1,2.765349426E0,4.791086884E0
5.184647250E1,4.855902100E-1,2.913092194E0,6.248306580E0
5.185623850E1,1.144969025E0,2.852767639E0,7.348818054E0
5.186600350E1,7.890092468E-1,1.928589478E0,7.380402374E0
5.187576950E1,-2.049238586E-1,4.779560852E-1,7.444918213E0
5.188553550E1,-5.292993164E-1,-3.414399719E-1,7.566914520E0
5.189533150E1,2.814147949E-1,5.851332092E-1,6.852899323E0
5.190509650E1,1.440604248E0,2.827619934E0,7.366631012E0
5.191486250E1,1.579515381E0,5.218597870E0,7.893086243E0
5.192462850E1,1.268013153E0,6.522236938E0,8.185278625E0
5.193439350E1,7.858657837E-1,6.046825562E0,8.167016602E0
5.194415950E1,4.610412598E-2,4.184548187E0,8.145910492E0
5.195395550E1,-4.540058899E-1,3.483555908E0,7.877668304E0
5.196372150E1,-1.191671906E0,3.578009491E0,7.804620209E0
5.197348650E1,-2.096240845E0,4.154311066E0,8.201445007E0
5.198325250E1,-3.171305237E0,4.911286926E0,8.790320435E0
5.199301750E1,-4.061953125E0,6.142177277E0,1.002540207E1
5.200278350E1,-4.728367310E0,7.289391632E0,1.178529236E1
5.201254950E1,-5.174140320E0,7.838449860E0,1.226429626E1
5.202234550E1,-5.357209625E0,7.779622192E0,1.135179382E1
5.203211150E1,-4.891528015E0,7.971672821E0,1.054302567E1
5.204187650E1,-3.715723114E0,7.997568970E0,1.010114456E1
5.205164250E1,-2.434537354E0,7.775879974E0,9.392218781E0
5.206140750E1,-1.355131989E0,7.594307556E0,8.676856384E0
5.207117350E1,-5.098397827E-1,7.389533386E0,8.005352783E0
5.208096950E1,-1.800755310E-1,7.137158203E0,7.328011322E0
5.209073550E1,-5.007087708E-1,6.597380676E0,7.507188721E0
5.210050050E1,-1.149609375E0,5.503904572E0,7.835905151E0
5.211026650E1,-1.497186584E0,4.910239105E0,7.916587372E0
5.212003250E1,-1.417252808E0,4.333338776E0,7.962541809E0
5.212979750E1,-1.350791016E0,4.065246277E0,8.088579712E0
5.213959350E1,-1.243613892E0,4.301604767E0,8.310717773E0
5.214935950E1,-1.341660004E0,4.687502289E0,8.526269531E0
5.215912550E1,-1.707648926E0,4.920268250E0,8.554411011E0
5.216889050E1,-2.033072205E0,4.997507629E0,8.497828674E0
5.217865650E1,-2.319576416E0,5.210215302E0,8.376281433E0
5.218845250E1,-2.505789185E0,5.578449554E0,8.045768738E0
5.219821850E1,-2.441123657E0,5.959706726E0,7.604037323E0
5.220798350E1,-2.372266846E0,6.133944397E0,7.389234009E0
5.221774950E1,-2.231110382E0,6.148015137E0,7.341932373E0
5.222751550E1,-2.061363373E0,5.868695984E0,7.432344360E0
5.223728050E1,-2.063009949E0,5.497318268E0,7.562723236E0
5.224707650E1,-2.143692169E0,5.316643982E0,7.873626709E0
5.225684250E1,-2.278112640E0,5.506000214E0,8.062683563E0
5.226660850E1,-2.499352570E0,5.692212982E0,7.765252075E0
5.227637350E1,-2.694097595E0,5.650749207E0,7.064110107E0
5.228613950E1,-2.465822296E0,6.150110779E0,6.834038544E0
5.229593550E1,-2.654579773E0,6.598428497E0,6.516249390E0
5.230570150E1,-3.332819366E0,6.969955902E0,6.738836517E0
5.231546650E1,-3.610042877E0,7.430697784E0,6.608008575E0
5.232523250E1,-3.004701691E0,7.032675476E0,5.863905945E0
5.233499750E1,-2.348466339E0,6.458619232E0,5.273533630E0
5.234476350E1,-2.240989838E0,6.129453735E0,5.168302460E0
5.235455950E1,-2.240540771E0,6.274502106E0,5.223238220E0
5.236432550E1,-2.478695526E0,6.648574219E0,5.658083954E0
5.237409050E1,-3.066972198E0,6.910379791E0,6.158942413E0
5.238385650E1,-3.650907898E0,7.225923615E0,6.704857178E0
5.239362250E1,-3.862867126E0,7.536677399E0,7.057224426E0
5.240341850E1,-3.811673584E0,7.523953857E0,7.110663300E0
5.241318350E1,-3.412902832E0,7.272177429E0,6.883286133E0
5.242294950E1,-2.851869507E0,6.865473175E0,6.590944061E0
5.243271550E1,-2.438728638E0,6.524781647E0,6.282435608E0
5.244248050E1,-2.034419403E0,6.205794983E0,5.864355011E0
5.245224650E1,-1.820364532E0,6.103258209E0,5.563181305E0
5.246204250E1,-1.776056671E0,6.124064941E0,5.663472748E0
5.247180850E1,-1.875000916E0,6.194867706E0,5.943091278E0
5.248157350E1,-2.153871002E0,6.401438141E0,6.384074249E0
5.249133950E1,-2.532733154E0,6.632707214E0,6.954837341E0
5.250110550E1,-3.172353058E0,6.944359131E0,7.438331909E0
5.251090150E1,-3.791465607E0,7.020999756E0,7.672145691E0
5.252066650E1,-4.130360870E0,7.046446838E0,7.481442261E0
5.253043250E1,-4.211641846E0,7.095245361E0,7.092550964E0
5.254019850E1,-4.167633362E0,7.007827148E0,6.664590912E0
5.254996350E1,-3.847898254E0,6.777007141E0,6.255641327E0
5.255975950E1,-3.378624115E0,6.386918335E0,6.063890076E0
5.256952550E1,-2.835852814E0,5.972130890E0,6.093229065E0
5.257929150E1,-2.367177429E0,5.446873169E0,6.175108795E0
5.258905650E1,-2.164648590E0,5.154531097E0,6.315367126E0
5.259882250E1,-2.555635529E0,5.247338104E0,6.433770905E0
5.260858850E1,-3.047362976E0,5.187761993E0,6.984326019E0
5.261838450E1,-3.750301208E0,5.538332977E0,7.089108124E0
5.262814950E1,-4.431235199E0,5.968688049E0,7.009473724E0
5.263791550E1,-4.677622833E0,6.029012604E0,7.028933258E0
5.264768150E1,-4.688250732E0,5.872438202E0,7.039411469E0
5.265744650E1,-4.570595398E0,5.611530762E0,6.897057495E0
5.266724250E1,-4.666096802E0,5.677842865E0,6.684050446E0
5.267700850E1,-4.966222687E0,5.889053650E0,6.889423370E0
5.268677450E1,-5.191653900E0,5.792205048E0,7.554041290E0
5.269653950E1,-5.537883911E0,5.688171387E0,7.621550903E0
5.270630550E1,-5.835465088E0,5.632936249E0,7.855065308E0
5.271607050E1,-5.859115906E0,5.530100098E0,7.759114838E0
5.272586750E1,-5.620811462E0,5.741610260E0,7.224127350E0
5.273563250E1,-5.344186707E0,5.783822479E0,6.541546783E0
5.274539850E1,-5.198838959E0,5.411846008E0,6.151757355E0
5.275516350E1,-4.886887665E0,5.262306976E0,6.144721985E0
5.276492950E1,-4.627776489E0,5.176685028E0,6.405928802E0
5.277472550E1,-4.581822052E0,5.087171173E0,6.747219086E0
5.278449150E1,-4.681664429E0,4.994214478E0,6.977140961E0
5.279425650E1,-4.935686188E0,4.961133270E0,7.112309875E0
5.280402250E1,-5.235213318E0,5.070705414E0,7.210954742E0
5.281378850E1,-5.522316284E0,5.283113708E0,7.249574432E0
5.282358450E1,-5.628295898E0,5.631888428E0,7.150031433E0
5.283333763E1,-5.577401733E0,5.738915863E0,6.802454224E0
5.284310262E1,-5.397176514E0,5.560337219E0,6.521787872E0
5.285286862E1,-5.130431213E0,5.508544922E0,6.292165375E0
5.286263363E1,-4.889132996E0,5.434748383E0,6.174060974E0
5.287243063E1,-4.715344391E0,5.263055420E0,6.207142181E0
5.288219562E1,-4.655319214E0,5.010081482E0,6.299949188E0
5.289196162E1,-4.756957855E0,4.981940002E0,6.407575378E0
5.290172663E1,-4.925207977E0,4.933291168E0,6.529571686E0
5.291149263E1,-5.005291443E0,5.036277008E0,6.587201843E0
5.292128862E1,-5.064418488E0,5.204227753E0,6.668482819E0
5.293105462E1,-5.234315186E0,5.318140869E0,6.724915466E0
5.294081963E1,-5.344186707E0,5.465434570E0,6.670428772E0
5.295058563E1,-5.269941101E0,5.471721497E0,6.463409271E0
5.296035162E1,-5.082680511E0,5.334307251E0,6.371051331E0
5.297014762E1,-4.898264008E0,5.096601562E0,6.377188568E0
5.297991263E1,-4.837939453E0,4.853357391E0,5.486989746E0
5.298967863E1,-5.046605530E0,5.301974487E0,2.567610626E0
5.299944462E1,-5.098397827E0,5.415139160E0,4.307292938E0
5.300920962E1,-5.410498810E0,5.282065887E0,6.787485352E0
5.301900563E1,-6.118376770E0,5.303471375E0,8.088729401E0
5.302877163E1,-6.923103333E0,4.910388794E0,8.195457458E0
5.303853762E1,-7.371271362E0,5.625302124E0,7.904761963E0
5.304830262E1,-7.065906372E0,6.138734436E0,7.465874634E0
5.305806863E1,-6.802304535E0,6.189179535E0,7.556735687E0
5.306783463E1,-6.261179810E0,5.423970795E0,7.247179413E0
5.307763062E1,-5.992189178E0,5.492528229E0,6.493496704E0