"Time (s)","Acceleration x (m/s^2)","Acceleration y (m/s^2)","Acceleration z (m/s^2)"
0.000000000E0,2.899378300E0,4.462791920E0,6.895300865E0
2.075196000E-3,2.628833532E0,4.419696331E0,6.955155849E0
4.028321000E-3,2.300827742E0,4.359841347E0,7.003039837E0
6.042481000E-3,1.956062794E0,4.276044369E0,7.038952827E0
7.995606000E-3,1.663970232E0,4.173093796E0,7.055712223E0
9.948731000E-3,1.532289028E0,4.070142746E0,7.086836815E0
1.193237300E-2,1.551442742E0,3.974374771E0,7.175422668E0
1.391601600E-2,1.675941229E0,3.885789394E0,7.335834026E0
1.586914100E-2,1.872265697E0,3.806780815E0,7.572859764E0
1.788330100E-2,2.087743998E0,3.737348795E0,7.896077156E0
1.986694400E-2,2.319981337E0,3.694253206E0,8.305485725E0
2.185058600E-2,2.530671120E0,3.667917013E0,8.779537201E0
2.380371100E-2,2.679111719E0,3.655946016E0,9.289502144E0
2.581787100E-2,2.715024710E0,3.667917013E0,9.756371498E0
2.777099600E-2,2.652775526E0,3.708618402E0,1.005564690E1
2.975463900E-2,2.528276920E0,3.787626982E0,1.013226128E1
3.170776400E-2,2.379836559E0,3.873818398E0,1.005804157E1
3.369140700E-2,2.250549555E0,3.938461781E0,9.931148529E0
3.564453200E-2,2.147598982E0,3.967192173E0,9.809044838E0
3.765869200E-2,2.073378563E0,3.967192173E0,9.725247383E0
3.961181700E-2,2.025494576E0,3.948038578E0,9.682151794E0
4.159545900E-2,1.989581585E0,3.909731388E0,9.648633003E0
4.357910200E-2,1.975216389E0,3.849876404E0,9.603142738E0
4.556274400E-2,1.975216389E0,3.804386616E0,9.543288231E0
4.754638700E-2,1.987187386E0,3.768473387E0,9.466673851E0
4.953003000E-2,1.999158382E0,3.730166197E0,9.368511200E0
5.148315500E-2,2.015917778E0,3.689464808E0,9.272743225E0
5.346679700E-2,2.035071373E0,3.651157618E0,9.174580574E0
5.545044000E-2,2.063801765E0,3.624821424E0,9.064447403E0
5.743408200E-2,2.080561161E0,3.596091032E0,8.951920509E0
5.941772500E-2,2.082955360E0,3.572149038E0,8.841787338E0
6.140136800E-2,2.080561161E0,3.557783842E0,8.746018410E0
6.335449300E-2,2.068590164E0,3.550601006E0,8.659827232E0
6.536865300E-2,2.025494576E0,3.550601006E0,8.599972725E0
6.732177800E-2,1.977610588E0,3.555389643E0,8.561665535E0
6.930542000E-2,1.920149803E0,3.574543238E0,8.537723541E0
7.125854500E-2,1.860294700E0,3.603273630E0,8.525752068E0
7.324218800E-2,1.810016513E0,3.632004023E0,8.530540466E0
7.522583000E-2,1.762132406E0,3.663128614E0,8.552088737E0
7.720947300E-2,1.726219416E0,3.696647406E0,8.573636055E0
7.916259800E-2,1.692700624E0,3.727771997E0,8.599972725E0
8.117675800E-2,1.663970232E0,3.766079187E0,8.623914719E0
8.312988300E-2,1.649604917E0,3.799597979E0,8.650250435E0
8.514404300E-2,1.659181833E0,3.830722809E0,8.671798706E0
8.709716800E-2,1.673547029E0,3.864241600E0,8.688557625E0
8.908081100E-2,1.692700624E0,3.878606796E0,8.695740700E0
9.100341800E-2,1.711854219E0,3.888183594E0,8.698134422E0
9.301757800E-2,1.738190413E0,3.890577793E0,8.690952301E0
9.500122100E-2,1.783680320E0,3.897760391E0,8.678980827E0
9.698486400E-2,1.862688899E0,3.904942989E0,8.659827232E0
9.893798900E-2,1.970427990E0,3.912125587E0,8.638279915E0
1.009521490E-1,2.080561161E0,3.926490784E0,8.623914719E0
1.029357910E-1,2.133233786E0,3.940855980E0,8.626308441E0
1.049194340E-1,2.138022184E0,3.933673382E0,8.631096840E0
1.069030760E-1,2.128445387E0,3.907337189E0,8.628703117E0
1.088867190E-1,2.123656988E0,3.885789394E0,8.611943245E0
1.108398440E-1,2.118868589E0,3.876212597E0,8.602366447E0
1.128234870E-1,2.109291792E0,3.861847401E0,8.580819130E0
1.148071290E-1,2.099714994E0,3.854664803E0,8.559270859E0
1.167907720E-1,2.097320795E0,3.849876404E0,8.528146744E0
1.187438970E-1,2.111685991E0,3.847482204E0,8.506598473E0
1.207580570E-1,2.130839586E0,3.840299606E0,8.480262756E0
1.227111820E-1,2.149993181E0,3.859453201E0,8.449137688E0
1.246948250E-1,2.181117773E0,3.919308186E0,8.434772491E0
1.266784670E-1,2.229001760E0,4.010287762E0,8.418013573E0
1.286315920E-1,2.288856745E0,4.065354347E0,8.401253700E0
1.306152350E-1,2.343923569E0,4.060565948E0,8.391676903E0
1.325988770E-1,2.389413357E0,4.029441357E0,8.384494781E0
1.345520020E-1,2.430114746E0,3.993528366E0,8.374917984E0
1.365661620E-1,2.475604534E0,3.979163170E0,8.372523308E0
1.385192870E-1,2.513911724E0,3.969586372E0,8.367734909E0
1.405029300E-1,2.545036316E0,3.969586372E0,8.360552788E0
1.424865730E-1,2.554613113E0,3.976768970E0,8.365341187E0
1.444702150E-1,2.557007313E0,3.981557369E0,8.379706383E0
1.464233400E-1,2.564189911E0,3.993528366E0,8.398859978E0
1.484069830E-1,2.571372509E0,4.012681961E0,8.422801971E0
1.503601080E-1,2.561795712E0,4.034229755E0,8.446743965E0
1.523437500E-1,2.552218914E0,4.048594952E0,8.453926086E0
1.542968750E-1,2.552218914E0,4.055777550E0,8.456320763E0
1.562805180E-1,2.552218914E0,4.062960148E0,8.456320763E0
1.582336430E-1,2.559401512E0,4.072536945E0,8.458714485E0
1.602172850E-1,2.573766708E0,4.084507942E0,8.451532364E0
1.622009280E-1,2.588132143E0,4.101267338E0,8.441955566E0
1.642150880E-1,2.590526342E0,4.110844135E0,8.434772491E0
1.661987310E-1,2.592920542E0,4.115632534E0,8.415618896E0
1.681823730E-1,2.600103140E0,4.120420933E0,8.391676903E0
1.701660160E-1,2.609679937E0,4.125209332E0,8.367734909E0
1.721496590E-1,2.614468336E0,4.120420933E0,8.343792915E0
1.741638190E-1,2.600103140E0,4.118026733E0,8.334216118E0
1.761474610E-1,2.566584110E0,4.118026733E0,8.319850922E0
1.781311040E-1,2.537853718E0,4.106055737E0,8.293514252E0
1.801452640E-1,2.504334927E0,4.091690540E0,8.262390137E0
1.820983890E-1,2.463633537E0,4.082113743E0,8.224082947E0
1.840820320E-1,2.415749550E0,4.070142746E0,8.178592682E0
1.860656740E-1,2.358288765E0,4.053383350E0,8.130708694E0
1.880493170E-1,2.296039343E0,4.036623955E0,8.092401505E0
1.900024420E-1,2.243366957E0,4.027047157E0,8.058882713E0
1.920166020E-1,2.200271368E0,4.019864559E0,8.013393402E0
1.939697270E-1,2.171540976E0,4.005499363E0,7.970297337E0
1.959838870E-1,2.152387381E0,3.993528366E0,7.929595947E0
1.979370120E-1,2.126051188E0,3.983951569E0,7.888894558E0
1.999206550E-1,2.109291792E0,3.962403774E0,7.852981567E0
2.018737800E-1,2.099714994E0,3.945644379E0,7.829039574E0
2.038574220E-1,2.092532396E0,3.931279182E0,7.817068577E0
2.058410650E-1,2.085349798E0,3.924096584E0,7.824251175E0
2.078247070E-1,2.087743998E0,3.919308186E0,7.836222172E0
2.097778320E-1,2.102109194E0,3.904942989E0,7.860164165E0
2.117614750E-1,2.128445387E0,3.890577793E0,7.893682957E0
2.137146000E-1,2.159569979E0,3.878606796E0,7.917624950E0
2.157287600E-1,2.185906172E0,3.871424198E0,7.943961143E0
2.176818850E-1,2.212242365E0,3.876212597E0,7.975085735E0
2.196655280E-1,2.240972757E0,3.888183594E0,8.008605003E0
2.216186530E-1,2.257732153E0,3.892971992E0,8.044517517E0
2.236022950E-1,2.276885748E0,3.895366192E0,8.078036308E0
2.255859380E-1,2.300827742E0,3.902548790E0,8.111555099E0
2.275695800E-1,2.327163935E0,3.909731388E0,8.145073891E0
2.295227050E-1,2.343923569E0,3.924096584E0,8.176198959E0
2.315368660E-1,2.363077164E0,3.936067581E0,8.207323074E0
2.334899910E-1,2.372653961E0,3.940855980E0,8.236053467E0
2.354736330E-1,2.377442360E0,3.950432777E0,8.259995461E0
2.374267580E-1,2.382230759E0,3.960009575E0,8.288725853E0
2.394104010E-1,2.387019157E0,3.964797974E0,8.317456245E0
2.413940430E-1,2.384624958E0,3.964797974E0,8.346187592E0
2.433776860E-1,2.377442360E0,3.948038578E0,8.382100105E0
2.453613280E-1,2.355894566E0,3.924096584E0,8.427590370E0
2.473449710E-1,2.324769735E0,3.888183594E0,8.463502884E0
2.493286140E-1,2.298433542E0,3.857059002E0,8.482656479E0
2.513122560E-1,2.284068346E0,3.835511208E0,8.489839554E0
2.532653810E-1,2.276885748E0,3.809175014E0,8.494627953E0
2.552795410E-1,2.276885748E0,3.792415380E0,8.489839554E0
2.572326660E-1,2.269703150E0,3.790021181E0,8.477868080E0
2.592163090E-1,2.250549555E0,3.790021181E0,8.463502884E0
2.611999510E-1,2.236184359E0,3.792415380E0,8.461109161E0
2.632141120E-1,2.229001760E0,3.794809580E0,8.473079681E0
2.651672370E-1,2.226607561E0,3.801992416E0,8.485051155E0
2.671508790E-1,2.231395960E0,3.811569214E0,8.489839554E0
2.691040040E-1,2.240972757E0,3.813963413E0,8.487444878E0
2.710876470E-1,2.240972757E0,3.823540211E0,8.485051155E0
2.730712890E-1,2.245761156E0,3.840299606E0,8.494627953E0
2.750549320E-1,2.269703150E0,3.845088005E0,8.516175270E0
2.770080570E-1,2.293645144E0,3.854664803E0,8.547300339E0
2.790222170E-1,2.305616140E0,3.869029999E0,8.576030731E0
2.809753420E-1,2.308010340E0,3.876212597E0,8.580819130E0
2.829589850E-1,2.322375536E0,3.885789394E0,8.576030731E0
2.849426270E-1,2.341529369E0,3.900154591E0,8.592789650E0
2.869262700E-1,2.351106167E0,3.907337189E0,8.609549522E0
2.888793950E-1,2.363077164E0,3.919308186E0,8.635885239E0
2.908630370E-1,2.372653961E0,3.933673382E0,8.671798706E0
2.928771980E-1,2.389413357E0,3.945644379E0,8.690952301E0
2.948608400E-1,2.398990154E0,3.964797974E0,8.695740700E0
2.968750000E-1,2.406172752E0,3.979163170E0,8.702922821E0
2.988586430E-1,2.410961151E0,3.991134167E0,8.698134422E0
3.008117680E-1,2.415749550E0,3.991134167E0,8.698134422E0
3.028259280E-1,2.430114746E0,3.998316765E0,8.702922821E0
3.047790530E-1,2.442085743E0,3.998316765E0,8.712499619E0
3.067626960E-1,2.442085743E0,3.991134167E0,8.724471092E0
3.087158210E-1,2.432508945E0,3.993528366E0,8.741230011E0
3.107299810E-1,2.425326347E0,3.998316765E0,8.750806808E0
3.126831060E-1,2.425326347E0,3.998316765E0,8.753201485E0
3.146972660E-1,2.427720547E0,3.995922565E0,8.750806808E0
3.166503910E-1,2.430114746E0,4.000710964E0,8.757989883E0
3.186340340E-1,2.432508945E0,4.000710964E0,8.772355080E0
3.205871590E-1,2.439691544E0,4.000710964E0,8.781931877E0
3.226013190E-1,2.449268341E0,4.005499363E0,8.791508675E0
3.245544440E-1,2.449268341E0,4.010287762E0,8.808267593E0
3.265380860E-1,2.454056740E0,4.007893562E0,8.825027466E0
3.284912110E-1,2.458845139E0,4.012681961E0,8.839392662E0
3.305053710E-1,2.466027737E0,4.012681961E0,8.856152534E0
3.324584960E-1,2.463633537E0,4.012681961E0,8.872911453E0
3.344726570E-1,2.468421936E0,4.022258759E0,8.899248123E0
3.364257820E-1,2.477998734E0,4.031835556E0,8.925583839E0
3.384094240E-1,2.485181332E0,4.036623955E0,8.942343712E0
3.403625490E-1,2.499546528E0,4.043806553E0,8.963891029E0
3.423767090E-1,2.501940727E0,4.048594952E0,8.995016098E0
3.443298340E-1,2.501940727E0,4.043806553E0,9.030928612E0
3.463134770E-1,2.506729126E0,4.024652958E0,9.069235802E0
3.482971190E-1,2.513911724E0,4.007893562E0,9.107542992E0
3.502807620E-1,2.513911724E0,3.995922565E0,9.148244858E0
3.522338870E-1,2.513911724E0,3.976768970E0,9.176975250E0
3.542480470E-1,2.518700123E0,3.952826977E0,9.208099365E0
3.562316900E-1,2.525882721E0,3.938461781E0,9.232041359E0
3.582153320E-1,2.547430515E0,3.919308186E0,9.255983353E0
3.601989750E-1,2.559401512E0,3.897760391E0,9.263166428E0
3.621826180E-1,2.576161146E0,3.873818398E0,9.258378029E0
3.641357430E-1,2.595314741E0,3.852270603E0,9.248801231E0
3.661499030E-1,2.616862535E0,3.833117008E0,9.222464561E0
3.681030280E-1,2.631227732E0,3.813963413E0,9.181763649E0
3.701171880E-1,2.638410330E0,3.792415380E0,9.133879662E0
3.720703130E-1,2.633621931E0,3.768473387E0,9.081207275E0
3.740539550E-1,2.621650934E0,3.758896589E0,9.038111687E0
3.760375980E-1,2.607285738E0,3.742137194E0,8.987833023E0
3.780212410E-1,2.590526342E0,3.727771997E0,8.930372238E0
3.800048830E-1,2.564189911E0,3.718195200E0,8.865729332E0
3.819885260E-1,2.533065319E0,3.711012602E0,8.796297073E0
3.839721680E-1,2.501940727E0,3.703830004E0,8.714894295E0
3.859558110E-1,2.466027737E0,3.703830004E0,8.640673637E0
3.879089360E-1,2.427720547E0,3.711012602E0,8.573636055E0
3.899230960E-1,2.387019157E0,3.718195200E0,8.504204750E0
3.918762210E-1,2.334346771E0,3.722983599E0,8.441955566E0
3.938903810E-1,2.281674147E0,3.739742994E0,8.377311707E0
3.958435060E-1,2.231395960E0,3.756502390E0,8.312667847E0
3.978576660E-1,2.188300371E0,3.766079187E0,8.257601738E0
3.998107910E-1,2.152387381E0,3.768473387E0,8.202534676E0
4.017944340E-1,2.109291792E0,3.775655985E0,8.142680168E0
4.037475590E-1,2.066195965E0,3.790021181E0,8.082824707E0
4.057312010E-1,2.015917778E0,3.785232782E0,8.022970200E0
4.076843260E-1,1.963245392E0,3.773261786E0,7.960720539E0
4.096679690E-1,1.908178806E0,3.754108191E0,7.896077156E0
4.116516120E-1,1.853112102E0,3.737348795E0,7.821856976E0
4.136352540E-1,1.798045516E0,3.720589399E0,7.762001991E0
4.155883790E-1,1.747767210E0,3.696647406E0,7.718906403E0
4.176025390E-1,1.697489023E0,3.689464808E0,7.690176010E0
4.195556640E-1,1.647210717E0,3.687070608E0,7.659051418E0
4.215393070E-1,1.604115129E0,3.682282209E0,7.635109425E0
4.235229500E-1,1.553836942E0,3.682282209E0,7.611167431E0
4.255371100E-1,1.493981838E0,3.677493811E0,7.594407558E0
4.274902350E-1,1.441309452E0,3.672705412E0,7.582436562E0
4.294738770E-1,1.393425345E0,3.667917013E0,7.577648163E0
4.314270020E-1,1.340752959E0,3.675099611E0,7.589619160E0
4.334411620E-1,1.288080573E0,3.689464808E0,7.611167431E0
4.353942870E-1,1.237802267E0,3.699041605E0,7.642292023E0
4.373779300E-1,1.199495077E0,3.703830004E0,7.685387611E0
4.393310550E-1,1.168370485E0,3.708618402E0,7.735665798E0
4.413452150E-1,1.134851575E0,3.708618402E0,7.783549786E0
4.432983400E-1,1.101332784E0,3.708618402E0,7.841010571E0
4.453125000E-1,1.070208192E0,3.703830004E0,7.900865555E0
4.473266600E-1,1.046266198E0,3.701435804E0,7.963114738E0
4.493103030E-1,1.024718285E0,3.691859007E0,8.015787125E0
4.513244630E-1,1.010353088E0,3.689464808E0,8.068459511E0
4.533081060E-1,9.959878922E-1,3.687070608E0,8.125920296E0
4.553222660E-1,9.840168953E-1,3.679888010E0,8.197746277E0
4.573059090E-1,9.696516991E-1,3.667917013E0,8.279149055E0
4.592590340E-1,9.552865028E-1,3.660734415E0,8.350975990E0
4.612731940E-1,9.552865028E-1,3.648763418E0,8.429984093E0
4.632263190E-1,9.672574997E-1,3.641580820E0,8.508993149E0
4.652404790E-1,9.672574997E-1,3.629609823E0,8.588001251E0
4.671936040E-1,9.600749016E-1,3.617638826E0,8.669404030E0
4.691772460E-1,9.648633003E-1,3.612850428E0,8.748413086E0
4.711303710E-1,9.720458984E-1,3.617638826E0,8.832210541E0
4.731445320E-1,9.768342972E-1,3.617638826E0,8.916007042E0
4.750976570E-1,9.744400978E-1,3.603273630E0,8.995016098E0
4.771118170E-1,9.816226959E-1,3.584120035E0,9.059659004E0
4.790954590E-1,9.864110947E-1,3.569754839E0,9.109937668E0
4.810791020E-1,9.888052940E-1,3.560178041E0,9.155426979E0
4.830627440E-1,9.935936928E-1,3.552995205E0,9.200917244E0
4.850463870E-1,1.003170490E0,3.545812607E0,9.239224434E0
4.869995120E-1,1.003170490E0,3.543418407E0,9.267954826E0
4.889831550E-1,1.007958889E0,3.543418407E0,9.291896820E0
4.909667970E-1,1.024718285E0,3.550601006E0,9.318233490E0
4.929504400E-1,1.036689281E0,3.552995205E0,9.344569206E0
4.949035650E-1,1.039083481E0,3.557783842E0,9.363722801E0
4.969177250E-1,1.046266198E0,3.557783842E0,9.375694275E0
4.988708500E-1,1.048660398E0,3.557783842E0,9.387664795E0
5.008544930E-1,1.046266198E0,3.562572241E0,9.414001465E0
5.028381350E-1,1.046266198E0,3.564966440E0,9.423578262E0
5.048217780E-1,1.048660398E0,3.572149038E0,9.437943459E0
5.067749030E-1,1.046266198E0,3.572149038E0,9.442731857E0
5.087890630E-1,1.031900883E0,3.572149038E0,9.437943459E0
5.107421880E-1,1.024718285E0,3.572149038E0,9.421183586E0
5.127563480E-1,1.017535686E0,3.564966440E0,9.390059471E0
5.147094730E-1,1.003170490E0,3.550601006E0,9.349357605E0
5.166931160E-1,9.888052940E-1,3.541024208E0,9.299078941E0
5.186462410E-1,9.768342972E-1,3.536235809E0,9.236829758E0
5.206604010E-1,9.720458984E-1,3.538630009E0,9.172186852E0
5.226135260E-1,9.768342972E-1,3.548206806E0,9.105149269E0
5.245971680E-1,9.720458984E-1,3.555389643E0,9.052476883E0
5.265502930E-1,9.648633003E-1,3.557783842E0,9.002198219E0
5.285339360E-1,9.600749016E-1,3.564966440E0,8.944737434E0
5.305175780E-1,9.552865028E-1,3.579331636E0,8.887276649E0
5.325012210E-1,9.600749016E-1,3.596091032E0,8.829815865E0
5.344848640E-1,9.696516991E-1,3.620033026E0,8.777143478E0
5.364685060E-1,9.864110947E-1,3.629609823E0,8.724471092E0
5.384216310E-1,1.003170490E0,3.643975019E0,8.676587105E0
5.404357910E-1,1.010353088E0,3.658340216E0,8.631096840E0
5.423889160E-1,1.024718285E0,3.679888010E0,8.592789650E0
5.443725590E-1,1.051054597E0,3.699041605E0,8.556877136E0
5.463256840E-1,1.072602391E0,3.708618402E0,8.523358345E0
5.483398440E-1,1.094150186E0,3.718195200E0,8.492233276E0
5.502929690E-1,1.113303781E0,3.737348795E0,8.468291283E0
5.522766120E-1,1.130063176E0,3.754108191E0,8.461109161E0
5.542297370E-1,1.156399369E0,3.756502390E0,8.458714485E0
5.562438970E-1,1.182735682E0,3.754108191E0,8.453926086E0
5.581970220E-1,1.211466074E0,3.766079187E0,8.465897560E0
5.601806640E-1,1.237802267E0,3.780444384E0,8.482656479E0
5.621643070E-1,1.276109457E0,3.787626982E0,8.504204750E0
5.641174320E-1,1.323993564E0,3.794809580E0,8.532935143E0
5.661010750E-1,1.364694953E0,3.801992416E0,8.566453934E0
5.680847170E-1,1.410184860E0,3.809175014E0,8.597578049E0
5.700378420E-1,1.470039845E0,3.818751812E0,8.631096840E0
5.720520020E-1,1.534683347E0,3.835511208E0,8.664615631E0
5.740051270E-1,1.587355733E0,3.854664803E0,8.700529099E0
5.759887700E-1,1.637633920E0,3.861847401E0,8.738836288E0
5.779418950E-1,1.683123827E0,3.869029999E0,8.772355080E0
5.799255370E-1,1.728613615E0,3.871424198E0,8.793902397E0
5.819091800E-1,1.771709204E0,3.873818398E0,8.808267593E0
5.839233400E-1,1.805228114E0,3.871424198E0,8.810662270E0
5.859069830E-1,1.841141105E0,3.866635799E0,8.803479195E0
5.878906250E-1,1.884236693E0,3.859453201E0,8.786720276E0
5.898437500E-1,1.917755604E0,3.861847401E0,8.767566681E0
5.918579100E-1,1.934514999E0,3.859453201E0,8.743624687E0
5.938110350E-1,1.939303398E0,3.854664803E0,8.712499619E0
5.958251960E-1,1.948880196E0,3.861847401E0,8.683769226E0
5.977783210E-1,1.953668594E0,3.876212597E0,8.657433510E0
5.997619630E-1,1.965639591E0,3.885789394E0,8.628703117E0
6.017150880E-1,1.975216389E0,3.888183594E0,8.597578049E0
6.036987310E-1,1.972822189E0,3.890577793E0,8.578424454E0
6.056518560E-1,1.970427990E0,3.895366192E0,8.561665535E0
6.076660160E-1,1.975216389E0,3.904942989E0,8.544905663E0
6.096191410E-1,1.989581585E0,3.912125587E0,8.523358345E0
6.116027840E-1,2.011129379E0,3.919308186E0,8.516175270E0
6.136169440E-1,2.039859772E0,3.928884983E0,8.511386871E0
6.156005860E-1,2.078166962E0,3.938461781E0,8.504204750E0
6.175537110E-1,2.114080191E0,3.948038578E0,8.499416351E0
6.195678710E-1,2.145204782E0,3.962403774E0,8.494627953E0
6.215209960E-1,2.178723574E0,3.969586372E0,8.497021675E0
6.235046390E-1,2.212242365E0,3.974374771E0,8.494627953E0
6.254882820E-1,2.252943754E0,3.998316765E0,8.485051155E0
6.274719240E-1,2.288856745E0,4.017470360E0,8.475474358E0
6.294250490E-1,2.319981337E0,4.036623955E0,8.465897560E0
6.314392090E-1,2.351106167E0,4.046200752E0,8.449137688E0
6.333923340E-1,2.384624958E0,4.070142746E0,8.439560890E0
6.353759770E-1,2.425326347E0,4.101267338E0,8.437167168E0
6.373596190E-1,2.454056740E0,4.129997730E0,8.444349289E0
6.393737800E-1,2.473210335E0,4.161122322E0,8.458714485E0
6.413269050E-1,2.485181332E0,4.185064793E0,8.461109161E0
6.433105470E-1,2.497152328E0,4.197035789E0,8.461109161E0
6.452941900E-1,2.518700123E0,4.201824188E0,8.463502884E0
6.472778320E-1,2.530671120E0,4.206612587E0,8.458714485E0
6.492919930E-1,2.528276920E0,4.218583584E0,8.461109161E0
6.512756350E-1,2.525882721E0,4.228160381E0,8.456320763E0
6.532592780E-1,2.523488522E0,4.230554581E0,8.437167168E0
6.552429200E-1,2.523488522E0,4.228160381E0,8.415618896E0
6.571960450E-1,2.535459518E0,4.235342979E0,8.408436775E0
6.592102050E-1,2.547430515E0,4.240131378E0,8.410830498E0
6.611633300E-1,2.559401512E0,4.235342979E0,8.401253700E0
6.631469730E-1,2.564189911E0,4.232948780E0,8.370129585E0
6.651000980E-1,2.557007313E0,4.232948780E0,8.327033043E0
6.671142580E-1,2.547430515E0,4.225766182E0,8.286332130E0
6.690673830E-1,2.533065319E0,4.209006786E0,8.245630264E0
6.710815430E-1,2.516305923E0,4.192247391E0,8.200140953E0
6.730346680E-1,2.501940727E0,4.170699596E0,8.159439087E0
6.750488280E-1,2.482787132E0,4.163516521E0,8.118738174E0
6.770019530E-1,2.437297344E0,4.156333923E0,8.078036308E0
6.789855960E-1,2.377442360E0,4.132391930E0,8.030152321E0
6.809387210E-1,2.322375536E0,4.096478939E0,7.979874134E0
6.829223640E-1,2.267308950E0,4.058171749E0,7.936778545E0
6.848754890E-1,2.236184359E0,4.041412354E0,7.917624950E0
6.868591310E-1,2.178723574E0,4.010287762E0,7.888894558E0
6.888427740E-1,2.118868589E0,3.983951569E0,7.862558365E0
6.908264160E-1,2.061407566E0,3.960009575E0,7.850587368E0
6.927795410E-1,2.001552582E0,3.943250179E0,7.850587368E0
6.947937010E-1,1.936909199E0,3.921702385E0,7.845798969E0
6.967773440E-1,1.893813491E0,3.907337189E0,7.841010571E0
6.987609870E-1,1.862688899E0,3.900154591E0,7.848193169E0
7.007751470E-1,1.833958507E0,3.888183594E0,7.860164165E0
7.027587890E-1,1.821987510E0,3.876212597E0,7.860164165E0
7.047119140E-1,1.805228114E0,3.869029999E0,7.852981567E0
7.066955570E-1,1.788468719E0,3.861847401E0,7.848193169E0
7.086792000E-1,1.781286120E0,3.864241600E0,7.841010571E0
7.106628420E-1,1.783680320E0,3.857059002E0,7.826645374E0
7.126464850E-1,1.771709204E0,3.849876404E0,7.817068577E0
7.146301270E-1,1.769315004E0,3.837905407E0,7.817068577E0
7.165832520E-1,1.771709204E0,3.833117008E0,7.807491779E0
7.185974120E-1,1.750161409E0,3.835511208E0,7.805097580E0
7.205505370E-1,1.721431017E0,3.845088005E0,7.809885979E0
7.225646980E-1,1.695094824E0,3.847482204E0,7.805097580E0
7.245178230E-1,1.663970232E0,3.845088005E0,7.795520782E0
7.265319830E-1,1.630451322E0,3.847482204E0,7.783549786E0
7.284851080E-1,1.599326730E0,3.845088005E0,7.773972988E0
7.304687500E-1,1.570596337E0,3.847482204E0,7.757213593E0
7.324523930E-1,1.544260144E0,3.857059002E0,7.738059998E0
7.344360350E-1,1.522712231E0,3.859453201E0,7.714118004E0
7.363891600E-1,1.493981838E0,3.869029999E0,7.697358608E0
7.384033210E-1,1.472434044E0,3.883395195E0,7.678205013E0
7.403564460E-1,1.462857246E0,3.890577793E0,7.654263020E0
7.423400880E-1,1.458068848E0,3.907337189E0,7.635109425E0
7.443237310E-1,1.441309452E0,3.926490784E0,7.623138428E0
7.463073730E-1,1.412579060E0,3.940855980E0,7.627926826E0
7.482910160E-1,1.386242747E0,3.952826977E0,7.637503624E0
7.502746590E-1,1.362300754E0,3.952826977E0,7.644686222E0
7.522277840E-1,1.340752959E0,3.962403774E0,7.663839817E0
7.542419440E-1,1.312022567E0,3.967192173E0,7.685387611E0
7.561950690E-1,1.283292055E0,3.955221176E0,7.697358608E0
7.581787110E-1,1.252167463E0,3.943250179E0,7.721300602E0
7.601318360E-1,1.221042871E0,3.926490784E0,7.757213593E0
7.621154790E-1,1.182735682E0,3.914519787E0,7.800309181E0
7.640686040E-1,1.149216771E0,3.900154591E0,7.850587368E0
7.660522460E-1,1.115697980E0,3.878606796E0,7.903259754E0
7.680053710E-1,1.074996591E0,3.854664803E0,7.970297337E0
7.699890140E-1,1.036689281E0,3.835511208E0,8.051700592E0
7.719421390E-1,9.983820915E-1,3.825934410E0,8.140285492E0
7.739562990E-1,9.720458984E-1,3.816357613E0,8.238448143E0
7.759094240E-1,9.481038451E-1,3.792415380E0,8.343792915E0
7.778930670E-1,9.289502501E-1,3.780444384E0,8.453926086E0
7.798461920E-1,9.097966552E-1,3.768473387E0,8.573636055E0
7.818298340E-1,8.954314590E-1,3.746925592E0,8.693346024E0
7.837829590E-1,8.906430602E-1,3.725377798E0,8.808267593E0
7.857666020E-1,8.882488012E-1,3.703830004E0,8.916007042E0
7.877502440E-1,8.834604025E-1,3.689464808E0,9.021351814E0
7.897338870E-1,8.858546019E-1,3.670311213E0,9.119514465E0
7.916870120E-1,9.026140571E-1,3.648763418E0,9.210494041E0
7.937011720E-1,9.217676520E-1,3.624821424E0,9.294290543E0
7.956542970E-1,9.385270476E-1,3.600879431E0,9.361329079E0
7.976379400E-1,9.624691010E-1,3.584120035E0,9.416395187E0
7.996215820E-1,9.816226959E-1,3.572149038E0,9.469067574E0
8.016052250E-1,9.959878922E-1,3.562572241E0,9.521739960E0
8.035583500E-1,1.015141487E0,3.562572241E0,9.569623947E0
8.055419930E-1,1.029506683E0,3.569754839E0,9.600749016E0
8.075256350E-1,1.048660398E0,3.581725836E0,9.610325813E0
8.095092780E-1,1.067813993E0,3.600879431E0,9.612719536E0
8.114624030E-1,1.094150186E0,3.612850428E0,9.612719536E0
8.134765630E-1,1.125274777E0,3.636792421E0,9.610325813E0
8.154296880E-1,1.151610970E0,3.663128614E0,9.600749016E0
8.174133300E-1,1.189918280E0,3.691859007E0,9.576807022E0
8.193969730E-1,1.223437071E0,3.722983599E0,9.552865028E0
8.213806160E-1,1.252167463E0,3.751713991E0,9.514557838E0
8.233337410E-1,1.273715258E0,3.780444384E0,9.466673851E0
8.253173830E-1,1.292868972E0,3.809175014E0,9.409213066E0
8.273010260E-1,1.314416766E0,3.830722809E0,9.351752281E0
8.292846680E-1,1.331176162E0,3.859453201E0,9.284713745E0
8.312683110E-1,1.338358760E0,3.883395195E0,9.205705643E0
8.332519530E-1,1.345541358E0,3.904942989E0,9.136273384E0
8.352050780E-1,1.347935557E0,3.921702385E0,9.074024200E0
8.371887210E-1,1.350329757E0,3.936067581E0,8.999804497E0
8.391723640E-1,1.345541358E0,3.945644379E0,8.913613319E0
8.411560060E-1,1.333570361E0,3.948038578E0,8.829815865E0
8.431091310E-1,1.323993564E0,3.952826977E0,8.746018410E0
8.451232910E-1,1.304839969E0,3.955221176E0,8.671798706E0
8.470764160E-1,1.280897856E0,3.960009575E0,8.595184326E0
8.490905760E-1,1.261744261E0,3.962403774E0,8.516175270E0
8.510437010E-1,1.252167463E0,3.960009575E0,8.477868080E0
8.530273440E-1,1.228225470E0,3.960009575E0,8.413225174E0
8.549804690E-1,1.204283476E0,3.957615376E0,8.350975990E0
8.569946290E-1,1.177947283E0,3.940855980E0,8.274360657E0
8.589477540E-1,1.154005170E0,3.924096584E0,8.197746277E0
8.609313970E-1,1.127668977E0,3.909731388E0,8.130708694E0
8.629150390E-1,1.103726983E0,3.900154591E0,8.073247910E0
8.649292000E-1,1.070208192E0,3.885789394E0,8.020575523E0
8.668823250E-1,1.039083481E0,3.871424198E0,7.987056732E0
8.688964850E-1,1.012747288E0,3.869029999E0,7.972691536E0
8.708496100E-1,9.888052940E-1,3.859453201E0,7.958326340E0
8.728332520E-1,9.624691010E-1,3.845088005E0,7.946355343E0
8.747863770E-1,9.361328483E-1,3.833117008E0,7.951143742E0
8.768005370E-1,9.145850539E-1,3.811569214E0,7.979874134E0
8.787536620E-1,8.978256583E-1,3.790021181E0,8.027758598E0
8.807373050E-1,8.786720037E-1,3.773261786E0,8.080430984E0
8.826904300E-1,8.547300100E-1,3.758896589E0,8.130708694E0
8.846740730E-1,8.212111592E-1,3.737348795E0,8.188169479E0
8.866271980E-1,7.876923680E-1,3.711012602E0,8.262390137E0
8.886413580E-1,7.613561153E-1,3.701435804E0,8.343792915E0
8.905944830E-1,7.541735172E-1,3.689464808E0,8.420407295E0
8.925781250E-1,7.541735172E-1,3.658340216E0,8.499416351E0
8.945617680E-1,7.589619160E-1,3.636792421E0,8.592789650E0
8.965454100E-1,7.709329724E-1,3.620033026E0,8.690952301E0
8.984985350E-1,7.948749661E-1,3.605667830E0,8.796297073E0
9.005126960E-1,8.212111592E-1,3.598485231E0,8.904036522E0
9.024963380E-1,8.547300100E-1,3.588908434E0,9.006986618E0
9.044799810E-1,8.978256583E-1,3.574543238E0,9.112331390E0
9.064331060E-1,9.433154464E-1,3.579331636E0,9.215282440E0
9.084472660E-1,9.911994934E-1,3.581725836E0,9.313444138E0
9.104003910E-1,1.041477680E0,3.564966440E0,9.402029991E0
9.123840340E-1,1.091755986E0,3.552995205E0,9.481039047E0
9.143676760E-1,1.137245774E0,3.548206806E0,9.562441826E0
9.163513190E-1,1.182735682E0,3.541024208E0,9.627084732E0
9.183044440E-1,1.225831270E0,3.541024208E0,9.677363396E0
9.203186040E-1,1.261744261E0,3.538630009E0,9.720458984E0
9.222717290E-1,1.302445769E0,3.533841610E0,9.753977776E0
9.242858890E-1,1.338358760E0,3.531447411E0,9.770736694E0
9.262390140E-1,1.379060149E0,3.536235809E0,9.773131371E0
9.282531740E-1,1.412579060E0,3.543418407E0,9.763554573E0
9.302062990E-1,1.446097851E0,3.555389643E0,9.751583099E0
9.321899420E-1,1.477222443E0,3.569754839E0,9.730035782E0
9.341735840E-1,1.498770237E0,3.591302633E0,9.694122314E0
9.361572270E-1,1.522712231E0,3.612850428E0,9.653421402E0
9.381103520E-1,1.549048543E0,3.632004023E0,9.612719536E0
9.400939940E-1,1.575384736E0,3.648763418E0,9.579200745E0
9.420776370E-1,1.594538331E0,3.670311213E0,9.540893555E0
9.440612800E-1,1.618480325E0,3.694253206E0,9.497797966E0
9.460144050E-1,1.644816518E0,3.718195200E0,9.459490776E0
9.480285650E-1,1.671152830E0,3.739742994E0,9.418789864E0
9.499816900E-1,1.695094824E0,3.758896589E0,9.368511200E0
9.519653320E-1,1.719036818E0,3.766079187E0,9.320627213E0
9.539489750E-1,1.735796213E0,3.766079187E0,9.272743225E0
9.559631350E-1,1.752555609E0,3.773261786E0,9.224859238E0
9.579162600E-1,1.766920805E0,3.778050184E0,9.172186852E0
9.598999030E-1,1.798045516E0,3.773261786E0,9.124302864E0
9.618835450E-1,1.824381709E0,3.770867586E0,9.074024200E0
9.638671880E-1,1.848323703E0,3.770867586E0,9.023746490E0
9.658203130E-1,1.872265697E0,3.775655985E0,8.983044624E0
9.678344730E-1,1.896207690E0,3.778050184E0,8.947132111E0
9.697875980E-1,1.915361404E0,3.778050184E0,8.901641846E0
9.718017580E-1,1.936909199E0,3.775655985E0,8.858546257E0
9.737548830E-1,1.965639591E0,3.782838583E0,8.810662270E0
9.757385260E-1,1.994369984E0,3.797203779E0,8.765172005E0
9.776916510E-1,2.011129379E0,3.801992416E0,8.729259491E0
9.796752930E-1,2.030282974E0,3.811569214E0,8.700529099E0
9.816284180E-1,2.051830769E0,3.821146011E0,8.664615631E0
9.836120610E-1,2.078166962E0,3.828328609E0,8.633491516E0
9.855651860E-1,2.090138197E0,3.837905407E0,8.607154846E0
9.875793460E-1,2.094926596E0,3.845088005E0,8.568847656E0
9.895629890E-1,2.109291792E0,3.852270603E0,8.537723541E0
9.915466310E-1,2.118868589E0,3.864241600E0,8.518569946E0
9.935302740E-1,2.128445387E0,3.871424198E0,8.511386871E0
9.955139160E-1,2.138022184E0,3.866635799E0,8.506598473E0
9.974975590E-1,2.138022184E0,3.869029999E0,8.501810074E0
9.994812010E-1,2.133233786E0,3.876212597E0,8.511386871E0
1.001434326E0,2.133233786E0,3.890577793E0,8.525752068E0
1.003417969E0,2.133233786E0,3.897760391E0,8.540117264E0
1.005401612E0,2.128445387E0,3.883395195E0,8.544905663E0
1.007385254E0,2.121262789E0,3.866635799E0,8.540117264E0
1.009368897E0,2.128445387E0,3.864241600E0,8.530540466E0
1.011352539E0,2.142810583E0,3.861847401E0,8.537723541E0
1.013305664E0,2.152387381E0,3.854664803E0,8.547300339E0
1.015319825E0,2.166752577E0,3.861847401E0,8.549694061E0
1.017272950E0,2.185906172E0,3.878606796E0,8.552088737E0
1.019256592E0,2.212242365E0,3.902548790E0,8.564059258E0
1.021209717E0,2.229001760E0,3.938461781E0,8.576030731E0
1.023223877E0,2.243366957E0,3.967192173E0,8.580819130E0
1.025177002E0,2.272097349E0,3.988739967E0,8.580819130E0
1.027160645E0,2.310404539E0,4.007893562E0,8.571242332E0
1.029174805E0,2.339135170E0,4.029441357E0,8.559270859E0
1.031158448E0,2.360682964E0,4.046200752E0,8.559270859E0
1.033111573E0,2.372653961E0,4.053383350E0,8.561665535E0
1.035095215E0,2.401384354E0,4.072536945E0,8.559270859E0
1.037078858E0,2.413355350E0,4.082113743E0,8.559270859E0
1.039031983E0,2.437297344E0,4.110844135E0,8.556877136E0
1.041015625E0,2.463633537E0,4.132391930E0,8.556877136E0
1.043029785E0,2.487575531E0,4.149151325E0,8.552088737E0
1.045013428E0,2.504334927E0,4.165910721E0,8.540117264E0
1.047027588E0,2.509123325E0,4.182670593E0,8.532935143E0
1.048980713E0,2.506729126E0,4.192247391E0,8.525752068E0
1.050994873E0,2.511517525E0,4.197035789E0,8.518569946E0
1.052947998E0,2.511517525E0,4.199429989E0,8.508993149E0
1.054931641E0,2.504334927E0,4.199429989E0,8.501810074E0
1.056884766E0,2.499546528E0,4.197035789E0,8.494627953E0
1.058837891E0,2.494758129E0,4.192247391E0,8.489839554E0
1.060852051E0,2.485181332E0,4.192247391E0,8.475474358E0
1.062835694E0,2.477998734E0,4.194641590E0,8.463502884E0
1.064849854E0,2.470816135E0,4.187458992E0,8.449137688E0
1.066833496E0,2.458845139E0,4.180276394E0,8.427590370E0
1.068847657E0,2.444479942E0,4.165910721E0,8.408436775E0
1.070831299E0,2.430114746E0,4.156333923E0,8.391676903E0
1.072784424E0,2.403778553E0,4.141968727E0,8.370129585E0
1.074798584E0,2.372653961E0,4.122815132E0,8.355764389E0
1.076751709E0,2.327163935E0,4.106055737E0,8.348581314E0
1.078735352E0,2.279279947E0,4.084507942E0,8.341399193E0
1.080688477E0,2.233790159E0,4.055777550E0,8.334216118E0
1.082702637E0,2.183511972E0,4.034229755E0,8.334216118E0
1.084655762E0,2.128445387E0,4.003105164E0,8.336610794E0
1.086639405E0,2.068590164E0,3.967192173E0,8.341399193E0
1.088623047E0,2.001552582E0,3.936067581E0,8.350975990E0
1.090576172E0,1.936909199E0,3.902548790E0,8.370129585E0
1.092559815E0,1.877054095E0,3.857059002E0,8.391676903E0
1.094543457E0,1.814804912E0,3.813963413E0,8.406042099E0
1.096557618E0,1.754949808E0,3.763684988E0,8.403648376E0
1.098541260E0,1.685518026E0,3.706224203E0,8.384494781E0
1.100494385E0,1.618480325E0,3.653551817E0,8.367734909E0
1.102508545E0,1.544260144E0,3.617638826E0,8.355764389E0
1.104461670E0,1.477222443E0,3.588908434E0,8.355764389E0
1.106445313E0,1.422155857E0,3.557783842E0,8.372523308E0
1.108428955E0,1.367089152E0,3.526659012E0,8.403648376E0
1.110412598E0,1.307234168E0,3.500322819E0,8.427590370E0
1.112365723E0,1.247379065E0,3.478775024E0,8.434772491E0
1.114379883E0,1.192312479E0,3.447650433E0,8.437167168E0
1.116333008E0,1.134851575E0,3.428496838E0,8.456320763E0
1.118316651E0,1.074996591E0,3.406949043E0,8.477868080E0
1.120269776E0,1.015141487E0,3.387795448E0,8.504204750E0
1.122253418E0,9.624691010E-1,3.366247654E0,8.537723541E0
1.124237061E0,9.145850539E-1,3.335123062E0,8.566453934E0
1.126251221E0,8.810662031E-1,3.313575268E0,8.592789650E0
1.128234864E0,8.499416113E-1,3.303998232E0,8.609549522E0
1.130249024E0,8.188169599E-1,3.292027235E0,8.623914719E0
1.132202149E0,7.996633649E-1,3.284844637E0,8.647856712E0
1.134216309E0,7.805097699E-1,3.280056238E0,8.657433510E0
1.136169434E0,7.661445141E-1,3.275267839E0,8.669404030E0
1.138122559E0,7.493851185E-1,3.263296843E0,8.688557625E0
1.140106201E0,7.350199223E-1,3.251325846E0,8.710105896E0
1.142089844E0,7.158663273E-1,3.248931646E0,8.743624687E0
1.144042969E0,6.991068721E-1,3.253720045E0,8.774748802E0
1.146057129E0,6.895300746E-1,3.251325846E0,8.810662270E0
1.148010254E0,6.775590777E-1,3.246537447E0,8.851364136E0
1.149993897E0,6.751648784E-1,3.244143248E0,8.894459724E0
1.151977539E0,6.823474765E-1,3.251325846E0,8.949525833E0
1.153961182E0,7.015010715E-1,3.256114244E0,8.985439301E0
1.155914307E0,7.230489254E-1,3.270479441E0,9.014169693E0
1.157897950E0,7.445967197E-1,3.275267839E0,9.062053680E0
1.159881592E0,7.852981687E-1,3.277662039E0,9.107542992E0
1.161865235E0,8.212111592E-1,3.284844637E0,9.141061783E0
1.163818360E0,8.547300100E-1,3.301604033E0,9.181763649E0
1.165832520E0,8.978256583E-1,3.315969467E0,9.217676163E0
1.167785645E0,9.504981041E-1,3.330334663E0,9.253589630E0
1.169769287E0,1.010353088E0,3.354276657E0,9.287108421E0
1.171752930E0,1.063025594E0,3.385401249E0,9.306262016E0
1.173736573E0,1.115697980E0,3.416525841E0,9.332598686E0
1.175689698E0,1.170764685E0,3.452438831E0,9.356540680E0
1.177673340E0,1.235408068E0,3.483563423E0,9.375694275E0
1.179656983E0,1.300051570E0,3.519476414E0,9.414001465E0
1.181640625E0,1.367089152E0,3.552995205E0,9.457097054E0
1.183593750E0,1.434126854E0,3.593696833E0,9.495404243E0
1.185607910E0,1.501164436E0,3.627215624E0,9.543288231E0
1.187561035E0,1.565807939E0,3.655946016E0,9.593565941E0
1.189544678E0,1.630451322E0,3.689464808E0,9.636661530E0
1.191528321E0,1.697489023E0,3.727771997E0,9.670180321E0
1.193511963E0,1.769315004E0,3.754108191E0,9.696516991E0
1.195465088E0,1.841141105E0,3.770867586E0,9.710882187E0
1.197448731E0,1.912967205E0,3.792415380E0,9.710882187E0
1.199432373E0,1.987187386E0,3.806780815E0,9.701305389E0
1.201416016E0,2.059013367E0,3.816357613E0,9.686940193E0
1.203369141E0,2.118868589E0,3.833117008E0,9.646238327E0
1.205352784E0,2.173935175E0,3.845088005E0,9.593565941E0
1.207305909E0,2.226607561E0,3.857059002E0,9.545681953E0
1.209289551E0,2.267308950E0,3.876212597E0,9.497797966E0
1.211303711E0,2.308010340E0,3.892971992E0,9.437943459E0
1.213287354E0,2.339135170E0,3.907337189E0,9.368511200E0
1.215301514E0,2.360682964E0,3.921702385E0,9.301473618E0
1.217285157E0,2.372653961E0,3.943250179E0,9.244012833E0
1.219238282E0,2.379836559E0,3.955221176E0,9.181763649E0
1.221252442E0,2.377442360E0,3.960009575E0,9.105149269E0
1.223205567E0,2.367865562E0,3.962403774E0,9.030928612E0
1.225189209E0,2.358288765E0,3.969586372E0,8.951920509E0
1.227172852E0,2.343923569E0,3.979163170E0,8.865729332E0
1.229156494E0,2.322375536E0,3.981557369E0,8.781931877E0
1.231109619E0,2.293645144E0,3.976768970E0,8.705317497E0
1.233123780E0,2.260126352E0,3.974374771E0,8.631096840E0
1.235076905E0,2.217030764E0,3.964797974E0,8.564059258E0
1.237060547E0,2.166752577E0,3.950432777E0,8.497021675E0
1.239044190E0,2.140416384E0,3.938461781E0,8.461109161E0
1.241027832E0,2.085349798E0,3.914519787E0,8.386888504E0
1.242980957E0,2.037465572E0,3.885789394E0,8.312667847E0
1.244964600E0,1.991975784E0,3.854664803E0,8.238448143E0
1.246948243E0,1.946485996E0,3.830722809E0,8.178592682E0
1.248931885E0,1.893813491E0,3.821146011E0,8.133103371E0
1.250946045E0,1.841141105E0,3.806780815E0,8.097189903E0
1.252929688E0,1.793257117E0,3.797203779E0,8.070854187E0
1.254913330E0,1.733402014E0,3.792415380E0,8.042123795E0
1.256896973E0,1.673547029E0,3.787626982E0,8.027758598E0
1.258850098E0,1.625662923E0,3.775655985E0,8.027758598E0
1.260833741E0,1.582567334E0,3.766079187E0,8.034940720E0
1.262817383E0,1.546654344E0,3.761290789E0,8.049305916E0
1.264801026E0,1.508347034E0,3.766079187E0,8.068459511E0
1.266754151E0,1.472434044E0,3.766079187E0,8.082824707E0
1.268768311E0,1.446097851E0,3.770867586E0,8.104372978E0
1.270721436E0,1.429338455E0,3.778050184E0,8.133103371E0
1.272705078E0,1.422155857E0,3.799597979E0,8.161833763E0
1.274658203E0,1.424550056E0,3.825934410E0,8.188169479E0
1.276641846E0,1.426944256E0,3.842693806E0,8.216899872E0
1.278594971E0,1.422155857E0,3.859453201E0,8.240841866E0
1.280578614E0,1.417367458E0,3.883395195E0,8.271966934E0
1.282531739E0,1.414973259E0,3.907337189E0,8.307879448E0
1.284515381E0,1.424550056E0,3.931279182E0,8.348581314E0
1.286468506E0,1.436521053E0,3.948038578E0,8.386888504E0
1.288452149E0,1.441309452E0,3.967192173E0,8.425195694E0
1.290435791E0,1.448492050E0,3.993528366E0,8.465897560E0
1.292449951E0,1.455674648E0,4.022258759E0,8.511386871E0
1.294403076E0,1.465251446E0,4.050989151E0,8.547300339E0
1.296417237E0,1.470039845E0,4.070142746E0,8.580819130E0
1.298370362E0,1.474828243E0,4.106055737E0,8.611943245E0
1.300354004E0,1.486799240E0,4.144362926E0,8.628703117E0
1.302307129E0,1.498770237E0,4.165910721E0,8.631096840E0
1.304290772E0,1.501164436E0,4.189853191E0,8.635885239E0
1.306243897E0,1.501164436E0,4.206612587E0,8.631096840E0
1.308227539E0,1.491587639E0,4.228160381E0,8.626308441E0
1.310241700E0,1.474828243E0,4.247313976E0,8.616731644E0
1.312225342E0,1.455674648E0,4.259284973E0,8.592789650E0
1.314208985E0,1.438915253E0,4.273650169E0,8.571242332E0
1.316223145E0,1.417367458E0,4.278438568E0,8.542511940E0
1.318237305E0,1.388636947E0,4.285621166E0,8.508993149E0
1.320220948E0,1.359906554E0,4.297592163E0,8.482656479E0
1.322235108E0,1.323993564E0,4.314351559E0,8.463502884E0
1.324218750E0,1.288080573E0,4.326322556E0,8.446743965E0
1.326232910E0,1.252167463E0,4.333505154E0,8.439560890E0
1.328216553E0,1.218648672E0,4.343081951E0,8.439560890E0
1.330169678E0,1.182735682E0,4.343081951E0,8.453926086E0
1.332183838E0,1.149216771E0,4.338293552E0,8.473079681E0
1.334136963E0,1.127668977E0,4.338293552E0,8.492233276E0
1.336120606E0,1.106121182E0,4.343081951E0,8.518569946E0
1.338073731E0,1.086967587E0,4.340687752E0,8.554482460E0
1.340057373E0,1.077390790E0,4.326322556E0,8.597578049E0
1.342041016E0,1.070208192E0,4.311957359E0,8.655038834E0
1.344024659E0,1.067813993E0,4.288015366E0,8.710105896E0
1.346038819E0,1.070208192E0,4.264073372E0,8.779537201E0
1.348022461E0,1.077390790E0,4.235342979E0,8.863334656E0
1.349975586E0,1.084573388E0,4.197035789E0,8.944737434E0
1.351989746E0,1.098938584E0,4.161122322E0,9.035717010E0
1.353942871E0,1.113303781E0,4.122815132E0,9.131484985E0
1.355926514E0,1.130063176E0,4.079719543E0,9.212887764E0
1.357879639E0,1.142034173E0,4.031835556E0,9.294290543E0
1.359863282E0,1.149216771E0,3.988739967E0,9.373299599E0
1.361816407E0,1.163581967E0,3.943250179E0,9.442731857E0
1.363830567E0,1.180341482E0,3.900154591E0,9.516951561E0
1.365783692E0,1.197100878E0,3.859453201E0,9.588777542E0
1.367767334E0,1.211466074E0,3.821146011E0,9.636661530E0
1.369720459E0,1.228225470E0,3.780444384E0,9.674968719E0
1.371734619E0,1.244984865E0,3.742137194E0,9.713275909E0
1.373687744E0,1.254561663E0,3.703830004E0,9.744400978E0
1.375671387E0,1.254561663E0,3.667917013E0,9.756371498E0
1.377624512E0,1.268926859E0,3.639186621E0,9.761159897E0
1.379638672E0,1.283292055E0,3.612850428E0,9.756371498E0
1.381591797E0,1.278503656E0,3.584120035E0,9.744400978E0
1.383605957E0,1.271321058E0,3.555389643E0,9.720458984E0
1.385559082E0,1.276109457E0,3.529053211E0,9.686940193E0
1.387573243E0,1.278503656E0,3.512293816E0,9.648633003E0
1.389526368E0,1.273715258E0,3.500322819E0,9.600749016E0
1.391540528E0,1.266532660E0,3.481169224E0,9.548076630E0
1.393493653E0,1.259350061E0,3.462015629E0,9.485827446E0
1.395477295E0,1.252167463E0,3.457227230E0,9.404424667E0
1.397430420E0,1.240196466E0,3.454833031E0,9.315838814E0
1.399414063E0,1.235408068E0,3.450044632E0,9.234436035E0
1.401367188E0,1.230619669E0,3.445256233E0,9.150638580E0
1.403350830E0,1.223437071E0,3.447650433E0,9.062053680E0
1.405303955E0,1.211466074E0,3.450044632E0,8.971074104E0
1.407287598E0,1.204283476E0,3.459621429E0,8.880094528E0
1.409271241E0,1.189918280E0,3.462015629E0,8.784325600E0
1.411285401E0,1.175553083E0,3.464409828E0,8.702922821E0
1.413269043E0,1.158793569E0,3.466804028E0,8.628703117E0
1.415283203E0,1.144428372E0,3.464409828E0,8.552088737E0
1.417266846E0,1.137245774E0,3.459621429E0,8.477868080E0
1.419250489E0,1.125274777E0,3.450044632E0,8.403648376E0
1.421203614E0,1.115697980E0,3.440467834E0,8.331821442E0
1.423187256E0,1.118092179E0,3.423708439E0,8.255207062E0
1.425140381E0,1.115697980E0,3.409343243E0,8.176198959E0
1.427154541E0,1.106121182E0,3.390189648E0,8.097189903E0
1.429107666E0,1.091755986E0,3.368641853E0,8.015787125E0
1.431091309E0,1.082179189E0,3.351882458E0,7.936778545E0
1.433074951E0,1.072602391E0,3.335123062E0,7.862558365E0
1.435028076E0,1.067813993E0,3.330334663E0,7.826645374E0
1.436981201E0,1.053448796E0,3.327940464E0,7.766790390E0
1.438995362E0,1.034295082E0,3.332728863E0,7.714118004E0
1.440948487E0,1.017535686E0,3.330334663E0,7.659051418E0
1.442962647E0,1.003170490E0,3.327940464E0,7.608773232E0
1.444915772E0,9.744400978E-1,3.325546265E0,7.560888767E0
1.446899414E0,9.528923035E-1,3.320757866E0,7.503427982E0
1.448852539E0,9.361328483E-1,3.335123062E0,7.457938194E0
1.450836182E0,9.289502501E-1,3.361459255E0,7.433996201E0
1.452819825E0,9.313444495E-1,3.390189648E0,7.424419403E0
1.454803467E0,9.313444495E-1,3.416525841E0,7.410054207E0
1.456787110E0,9.289502501E-1,3.445256233E0,7.390900612E0
1.458770752E0,9.313444495E-1,3.466804028E0,7.378929615E0
1.460723877E0,9.337386489E-1,3.481169224E0,7.369352818E0
1.462738037E0,9.409212470E-1,3.497928619E0,7.366958618E0
1.464691162E0,9.624691010E-1,3.507505417E0,7.364564419E0
1.466674805E0,9.840168953E-1,3.500322819E0,7.362170219E0
1.468658448E0,1.012747288E0,3.505111217E0,7.374141216E0
1.470642090E0,1.036689281E0,3.509899616E0,7.378929615E0
1.472595215E0,1.051054597E0,3.507505417E0,7.383718014E0
1.474578858E0,1.072602391E0,3.500322819E0,7.398083210E0
1.476562500E0,1.086967587E0,3.495534420E0,7.422025204E0
1.478546143E0,1.101332784E0,3.490746021E0,7.448361397E0
1.480499268E0,1.108515382E0,3.481169224E0,7.472303391E0
1.482513428E0,1.108515382E0,3.478775024E0,7.503427982E0
1.484466553E0,1.103726983E0,3.485957623E0,7.551311970E0
1.486450196E0,1.106121182E0,3.495534420E0,7.603984833E0
1.488433838E0,1.113303781E0,3.502717018E0,7.649474621E0
1.490417481E0,1.115697980E0,3.507505417E0,7.702147007E0
1.492370606E0,1.108515382E0,3.514688015E0,7.766790390E0
1.494354248E0,1.098938584E0,3.514688015E0,7.826645374E0
1.496368409E0,1.091755986E0,3.519476414E0,7.886500359E0
1.498352051E0,1.098938584E0,3.521870613E0,7.951143742E0
1.500366211E0,1.108515382E0,3.519476414E0,8.013393402E0
1.502349854E0,1.120486379E0,3.514688015E0,8.066065788E0
1.504364014E0,1.125274777E0,3.509899616E0,8.123526573E0
1.506347657E0,1.130063176E0,3.502717018E0,8.188169479E0
1.508300782E0,1.137245774E0,3.502717018E0,8.262390137E0
1.510314942E0,1.142034173E0,3.507505417E0,8.334216118E0
1.512268067E0,1.134851575E0,3.509899616E0,8.398859978E0
1.514251709E0,1.127668977E0,3.507505417E0,8.468291283E0
1.516204834E0,1.130063176E0,3.505111217E0,8.530540466E0
1.518188477E0,1.122880578E0,3.512293816E0,8.590395927E0
1.520172119E0,1.120486379E0,3.517082214E0,8.640673637E0
1.522155762E0,1.120486379E0,3.512293816E0,8.683769226E0
1.524108887E0,1.118092179E0,3.507505417E0,8.719682693E0
1.526123047E0,1.120486379E0,3.505111217E0,8.755595207E0
1.528076172E0,1.127668977E0,3.517082214E0,8.781931877E0
1.530090332E0,1.137245774E0,3.529053211E0,8.786720276E0
1.532043457E0,1.158793569E0,3.550601006E0,8.796297073E0
1.533996582E0,1.177947283E0,3.564966440E0,8.808267593E0
1.535980225E0,1.189918280E0,3.572149038E0,8.810662270E0
1.537963868E0,1.197100878E0,3.579331636E0,8.803479195E0
1.539916993E0,1.199495077E0,3.586514235E0,8.803479195E0
1.541931153E0,1.201889277E0,3.596091032E0,8.803479195E0
1.543884278E0,1.206677675E0,3.612850428E0,8.805873871E0
1.545867920E0,1.209071875E0,3.629609823E0,8.803479195E0
1.547851563E0,1.221042871E0,3.643975019E0,8.789113998E0
1.549835205E0,1.233013868E0,3.658340216E0,8.784325600E0
1.551788330E0,1.240196466E0,3.672705412E0,8.779537201E0
1.553771973E0,1.247379065E0,3.696647406E0,8.769960403E0
1.555755616E0,1.252167463E0,3.720589399E0,8.765172005E0
1.557739258E0,1.259350061E0,3.742137194E0,8.757989883E0
1.559692383E0,1.273715258E0,3.761290789E0,8.748413086E0
1.561706543E0,1.285686255E0,3.787626982E0,8.738836288E0
1.563659668E0,1.290474772E0,3.809175014E0,8.722076416E0
1.565643311E0,1.302445769E0,3.818751812E0,8.705317497E0
1.567626953E0,1.309628367E0,3.830722809E0,8.678980827E0
1.569610596E0,1.316810966E0,3.842693806E0,8.640673637E0
1.571563721E0,1.314416766E0,3.852270603E0,8.602366447E0
1.573547364E0,1.312022567E0,3.866635799E0,8.571242332E0
1.575531006E0,1.312022567E0,3.890577793E0,8.547300339E0
1.577514649E0,1.319205165E0,3.919308186E0,8.525752068E0
1.579467774E0,1.319205165E0,3.940855980E0,8.508993149E0
1.581451416E0,1.304839969E0,3.955221176E0,8.501810074E0
1.583404541E0,1.297657371E0,3.974374771E0,8.489839554E0
1.585388184E0,1.283292055E0,3.995922565E0,8.473079681E0
1.587371826E0,1.261744261E0,4.012681961E0,8.458714485E0
1.589385987E0,1.242590666E0,4.017470360E0,8.453926086E0
1.591339112E0,1.218648672E0,4.019864559E0,8.456320763E0
1.593322754E0,1.194706678E0,4.019864559E0,8.458714485E0
1.595275879E0,1.177947283E0,4.012681961E0,8.468291283E0
1.597259522E0,1.151610970E0,4.005499363E0,8.475474358E0
1.599243164E0,1.134851575E0,3.995922565E0,8.477868080E0
1.601226807E0,1.130063176E0,3.976768970E0,8.477868080E0
1.603179932E0,1.127668977E0,3.960009575E0,8.475474358E0
1.605194092E0,1.132457376E0,3.950432777E0,8.470685959E0
1.607147217E0,1.134851575E0,3.945644379E0,8.468291283E0
1.609130860E0,1.142034173E0,3.938461781E0,8.456320763E0
1.611114502E0,1.158793569E0,3.928884983E0,8.439560890E0
1.613098145E0,1.177947283E0,3.933673382E0,8.418013573E0
1.615051270E0,1.192312479E0,3.938461781E0,8.398859978E0
1.617034912E0,1.209071875E0,3.950432777E0,8.384494781E0
1.619018555E0,1.237802267E0,3.967192173E0,8.377311707E0
1.621002198E0,1.264138460E0,3.988739967E0,8.365341187E0
1.622955323E0,1.283292055E0,4.010287762E0,8.331821442E0
1.624969483E0,1.304839969E0,4.027047157E0,8.307879448E0
1.626922608E0,1.319205165E0,4.039018154E0,8.300697327E0
1.628906250E0,1.333570361E0,4.041412354E0,8.298302650E0
1.630859375E0,1.352723956E0,4.039018154E0,8.295908928E0
1.632873535E0,1.374271750E0,4.029441357E0,8.303091049E0
1.634826660E0,1.386242747E0,4.027047157E0,8.317456245E0
1.636810303E0,1.403002143E0,4.027047157E0,8.336610794E0
1.638793946E0,1.419761658E0,4.017470360E0,8.358158112E0
1.640777588E0,1.443703651E0,3.995922565E0,8.384494781E0
1.642761231E0,1.470039845E0,3.979163170E0,8.410830498E0
1.644714356E0,1.489193439E0,3.971980572E0,8.434772491E0
1.646697998E0,1.508347034E0,3.955221176E0,8.449137688E0
1.648681641E0,1.525106430E0,3.936067581E0,8.468291283E0
1.650634766E0,1.532289028E0,3.919308186E0,8.489839554E0
1.652618409E0,1.534683347E0,3.909731388E0,8.504204750E0
1.654571534E0,1.537077546E0,3.909731388E0,8.528146744E0
1.656585694E0,1.549048543E0,3.921702385E0,8.561665535E0
1.658538819E0,1.570596337E0,3.940855980E0,8.583212852E0
1.660522461E0,1.596932530E0,3.969586372E0,8.590395927E0
1.662506104E0,1.623268723E0,3.988739967E0,8.583212852E0
1.664459229E0,1.661576033E0,4.003105164E0,8.564059258E0
1.666442871E0,1.702277422E0,4.022258759E0,8.525752068E0
1.668426514E0,1.752555609E0,4.039018154E0,8.473079681E0
1.670379639E0,1.810016513E0,4.060565948E0,8.418013573E0
1.672393799E0,1.877054095E0,4.082113743E0,8.353369713E0
1.674346924E0,1.946485996E0,4.101267338E0,8.271966934E0
1.676361084E0,2.001552582E0,4.113238335E0,8.185775757E0
1.678314209E0,2.044648170E0,4.127603531E0,8.116343498E0
1.680297852E0,2.075772762E0,4.144362926E0,8.049305916E0
1.682281494E0,2.097320795E0,4.158728123E0,7.994239330E0
1.684265137E0,2.104503393E0,4.156333923E0,7.960720539E0
1.686218262E0,2.104503393E0,4.141968727E0,7.924807549E0
1.688232422E0,2.085349798E0,4.137180328E0,7.888894558E0
1.690185547E0,2.051830769E0,4.129997730E0,7.860164165E0
1.692199707E0,2.013523579E0,4.101267338E0,7.838616371E0
1.694213868E0,1.975216389E0,4.072536945E0,7.831433773E0
1.696197510E0,1.944091797E0,4.041412354E0,7.841010571E0
1.698181153E0,1.927332401E0,4.017470360E0,7.848193169E0
1.700164795E0,1.910573006E0,3.995922565E0,7.845798969E0
1.702117920E0,1.900996208E0,3.983951569E0,7.836222172E0
1.704101563E0,1.915361404E0,3.983951569E0,7.821856976E0
1.706085205E0,1.941697598E0,3.988739967E0,7.802703381E0
1.708068848E0,1.972822189E0,3.988739967E0,7.778761387E0
1.710052491E0,2.001552582E0,3.998316765E0,7.742848396E0
1.712005616E0,2.037465572E0,4.012681961E0,7.706935406E0
1.713989258E0,2.070984364E0,4.031835556E0,7.675810814E0
1.715972901E0,2.102109194E0,4.050989151E0,7.635109425E0
1.717956543E0,2.114080191E0,4.082113743E0,7.572859764E0
1.719940186E0,2.092532396E0,4.113238335E0,7.510610580E0
1.721923828E0,2.044648170E0,4.129997730E0,7.450755596E0
1.723907471E0,1.994369984E0,4.129997730E0,7.400477409E0
1.725891114E0,1.953668594E0,4.127603531E0,7.350199223E0
1.727874756E0,1.929726601E0,4.115632534E0,7.292738438E0
1.729827881E0,1.905784607E0,4.101267338E0,7.240066051E0
1.731842041E0,1.893813491E0,4.086902142E0,7.199364662E0
1.733795166E0,1.877054095E0,4.074931145E0,7.158663273E0
1.735809326E0,1.867477298E0,4.065354347E0,7.110779285E0
1.737762451E0,1.889025092E0,4.065354347E0,7.043741226E0
1.739746094E0,1.932120800E0,4.084507942E0,6.959944248E0
1.741760254E0,2.001552582E0,4.120420933E0,6.864176273E0
1.743743897E0,2.090138197E0,4.158728123E0,6.756437302E0
1.745697022E0,2.185906172E0,4.206612587E0,6.643909931E0
1.747711182E0,2.279279947E0,4.242525578E0,6.533776283E0
1.749664307E0,2.358288765E0,4.273650169E0,6.442796707E0
1.751617432E0,2.422932148E0,4.299986362E0,6.373364925E0
1.753601075E0,2.477998734E0,4.311957359E0,6.323086739E0
1.755584717E0,2.511517525E0,4.311957359E0,6.303933144E0
1.757537842E0,2.537853718E0,4.307168961E0,6.299144745E0
1.759552002E0,2.552218914E0,4.299986362E0,6.306327343E0
1.761505127E0,2.549824715E0,4.283226967E0,6.325480938E0
1.763488770E0,2.542642117E0,4.259284973E0,6.349422932E0
1.765441895E0,2.537853718E0,4.235342979E0,6.390124321E0
1.767456055E0,2.537853718E0,4.213795185E0,6.449979305E0
1.769409180E0,2.530671120E0,4.185064793E0,6.514622688E0
1.771392823E0,2.511517525E0,4.144362926E0,6.572083473E0
1.773376465E0,2.494758129E0,4.096478939E0,6.624756336E0
1.775360108E0,2.482787132E0,4.031835556E0,6.667851925E0
1.777313233E0,2.477998734E0,3.962403774E0,6.708553314E0
1.779327393E0,2.473210335E0,3.897760391E0,6.758831501E0
1.781280518E0,2.456450939E0,3.837905407E0,6.816292286E0
1.783264160E0,2.430114746E0,3.763684988E0,6.880935669E0
1.785247803E0,2.401384354E0,3.694253206E0,6.959944248E0
1.787231446E0,2.391807556E0,3.670311213E0,7.007828236E0
1.789184571E0,2.372653961E0,3.624821424E0,7.122750282E0
1.791168213E0,2.360682964E0,3.581725836E0,7.235277653E0
1.793151856E0,2.343923569E0,3.562572241E0,7.316680431E0
1.795135498E0,2.305616140E0,3.598485231E0,7.364564419E0
1.797088623E0,2.054224968E0,3.778050184E0,7.472303391E0
1.799102784E0,1.668758631E0,3.971980572E0,7.575253963E0
1.801055909E0,1.541865945E0,4.022258759E0,7.493851185E0
1.803039551E0,1.666364431E0,3.991134167E0,7.280767441E0
1.805023194E0,1.869871497E0,3.948038578E0,7.022193432E0
1.807006836E0,2.063801765E0,3.919308186E0,6.787561893E0
1.808959961E0,2.209848166E0,3.902548790E0,6.581660271E0
1.810943604E0,2.322375536E0,3.890577793E0,6.392518520E0
1.812927246E0,2.413355350E0,3.869029999E0,6.205770969E0
1.814910889E0,2.537853718E0,3.869029999E0,6.057330132E0
1.816894532E0,2.691082716E0,3.902548790E0,5.999869347E0
1.818878174E0,2.743755102E0,3.876212597E0,6.093243122E0
1.820861817E0,2.679111719E0,3.773261786E0,6.251260757E0
1.822845459E0,2.568978310E0,3.672705412E0,6.416460514E0
1.824829102E0,2.461239338E0,3.603273630E0,6.569689274E0
1.826812744E0,2.382230759E0,3.560178041E0,6.715735912E0
1.828796387E0,2.312798738E0,3.517082214E0,6.876147270E0
1.830780030E0,2.214636564E0,3.450044632E0,7.065289021E0
1.832733155E0,2.092532396E0,3.351882458E0,7.252037048E0
1.834747315E0,1.972822189E0,3.244143248E0,7.453149796E0
1.836700440E0,1.853112102E0,3.136404276E0,7.654263020E0
1.838714600E0,1.740584612E0,3.038241863E0,7.829039574E0
1.840667725E0,1.637633920E0,2.935291290E0,7.967903137E0
1.842681885E0,1.515529633E0,2.801215887E0,8.058882713E0
1.844665528E0,1.383848548E0,2.645592928E0,8.106766701E0
1.846649170E0,1.259350061E0,2.506729126E0,8.169015884E0
1.848632813E0,1.151610970E0,2.394201756E0,8.279149055E0
1.850616455E0,1.053448796E0,2.312798738E0,8.434772491E0
1.852569580E0,9.481038451E-1,2.224213362E0,8.616731644E0
1.854583741E0,8.283938169E-1,2.121262789E0,8.817844391E0
1.856536866E0,7.110779285E-1,2.006340981E0,9.023746490E0
1.858520508E0,6.081272364E-1,1.881842494E0,9.224859238E0
1.860504151E0,5.315127969E-1,1.762132406E0,9.414001465E0
1.862518311E0,4.836287498E-1,1.656787634E0,9.572018623E0
1.864471436E0,4.620809257E-1,1.561019540E0,9.727641106E0
1.866485596E0,4.501099288E-1,1.472434044E0,9.866505623E0
1.868438721E0,4.501099288E-1,1.381454349E0,9.967061996E0
1.870422364E0,4.644751251E-1,1.288080573E0,1.005085850E1
1.872375489E0,5.003881454E-1,1.216254473E0,1.012507915E1
1.874389649E0,5.578489900E-1,1.156399369E0,1.017775154E1
1.876342774E0,6.248866320E-1,1.096544385E0,1.019451046E1
1.878326416E0,7.182605267E-1,1.053448796E0,1.019929886E1
1.880310059E0,8.667010069E-1,1.036689281E0,1.019211674E1
1.882263184E0,1.053448796E0,1.046266198E0,1.017296314E1
1.884246826E0,1.252167463E0,1.074996591E0,1.012986755E1
1.886230469E0,1.472434044E0,1.106121182E0,1.005564690E1
1.888183594E0,1.685518026E0,1.120486379E0,9.955090523E0
1.890197754E0,1.884236693E0,1.139639974E0,9.847352028E0
1.892150879E0,2.068590164E0,1.177947283E0,9.739612579E0
1.894165039E0,2.236184359E0,1.254561663E0,9.646238327E0
1.896118164E0,2.406172752E0,1.355118155E0,9.567230225E0
1.898101807E0,2.564189911E0,1.484405041E0,9.504981041E0
1.900085450E0,2.705447912E0,1.632845521E0,9.449913979E0
1.902069092E0,2.846705914E0,1.788468719E0,9.394847870E0
1.904022217E0,2.985569477E0,1.941697598E0,9.337387085E0
1.906036377E0,3.114856482E0,2.085349798E0,9.279925346E0
1.907989502E0,3.220201254E0,2.207453966E0,9.232041359E0
1.909973145E0,3.306392431E0,2.298433542E0,9.174580574E0
1.911926270E0,3.394978046E0,2.377442360E0,9.102754593E0
1.913909912E0,3.483563423E0,2.446874142E0,9.026140213E0
1.915893555E0,3.572149038E0,2.480392933E0,8.949525833E0
1.917877198E0,3.655946016E0,2.487575531E0,8.875306129E0
1.919830323E0,3.734954596E0,2.477998734E0,8.791508675E0
1.921844483E0,3.816357613E0,2.461239338E0,8.693346024E0
1.923797608E0,3.909731388E0,2.444479942E0,8.592789650E0
1.925781250E0,4.007893562E0,2.432508945E0,8.473079681E0
1.927764893E0,4.108449936E0,2.437297344E0,8.360552788E0
1.929748535E0,4.213795185E0,2.456450939E0,8.250418663E0
1.931701660E0,4.321534157E0,2.482787132E0,8.149862289E0
1.933715821E0,4.410119534E0,2.509123325E0,8.063671112E0
1.935668946E0,4.489128113E0,2.542642117E0,7.994239330E0
1.937683106E0,4.560954094E0,2.564189911E0,7.931990147E0
1.939636231E0,4.608838081E0,2.568978310E0,7.872135162E0
1.941619873E0,4.647145271E0,2.564189911E0,7.809885979E0
1.943572998E0,4.685452938E0,2.545036316E0,7.750030994E0
1.945556641E0,4.704606533E0,2.504334927E0,7.692570210E0
1.947540284E0,4.702212334E0,2.458845139E0,7.637503624E0
1.949523926E0,4.680664539E0,2.394201756E0,7.594407558E0
1.951507569E0,4.759673119E0,2.346317768E0,7.541735172E0
1.953491211E0,5.650316238E0,2.418143749E0,7.340622425E0
1.955444336E0,7.680599213E0,2.674323320E0,6.828263283E0
1.957458496E0,1.037407589E1,3.021482468E0,5.942408562E0
1.959411621E0,1.261026001E1,3.294421434E0,4.900930882E0
1.961395264E0,1.318008041E1,3.335123062E0,4.244919777E0
1.963348389E0,1.184411621E1,3.100491285E0,4.426878929E0
1.965362549E0,9.600749016E0,2.746149302E0,5.284003258E0
1.967315674E0,7.656657219E0,2.487575531E0,6.196194172E0
1.969299317E0,6.605602264E0,2.391807556E0,6.787561893E0
1.971282959E0,6.404489517E0,2.418143749E0,7.065289021E0
1.973266602E0,6.512228489E0,2.456450939E0,7.139509678E0
1.975219727E0,6.909666061E0,2.533065319E0,7.175422668E0
1.977233887E0,7.266402245E0,2.561795712E0,7.091625214E0
1.979217530E0,7.395689011E0,2.528276920E0,6.904877663E0
1.981201172E0,7.316680431E0,2.446874142E0,6.567295074E0
1.983184815E0,7.151480675E0,2.355894566E0,6.107608318E0
1.985168457E0,6.986280441E0,2.284068346E0,5.635950565E0
1.987121582E0,6.766014099E0,2.202665567E0,5.310339451E0
1.989135743E0,6.550535679E0,2.116474390E0,5.123591423E0
1.991088868E0,6.464344501E0,2.054224968E0,4.960785866E0
1.993103028E0,6.572083473E0,2.013523579E0,4.757278919E0
1.995056153E0,6.845022678E0,2.008735180E0,4.515464306E0
1.997039795E0,7.232883453E0,2.027888775E0,4.235342979E0
1.999053955E0,7.635109425E0,2.035071373E0,3.912125587E0
2.001037598E0,7.982268333E0,2.013523579E0,3.581725836E0
2.002990723E0,8.207323074E0,1.970427990E0,3.327940464E0
2.004974366E0,8.324639320E0,1.920149803E0,3.198653460E0
2.006958008E0,8.384494781E0,1.865083098E0,3.148375273E0
2.008941651E0,8.418013573E0,1.793257117E0,3.134010077E0
2.010894776E0,8.396465302E0,1.695094824E0,3.215412855E0
2.012908936E0,8.281543732E0,1.575384736E0,3.517082214E0
2.014862061E0,8.087613106E0,1.436521053E0,4.158728123E0
2.016876221E0,7.836222172E0,1.288080573E0,5.094861031E0
2.018829346E0,7.594407558E0,1.156399369E0,6.054935932E0
2.020812989E0,7.343016624E0,1.055842996E0,6.821080685E0
2.022766114E0,7.046135426E0,1.079784989E0,7.443572998E0
2.024749756E0,6.720524311E0,1.371877551E0,8.121131897E0
2.026733399E0,6.603208065E0,1.551442742E0,8.477868080E0
2.028717041E0,6.588842869E0,1.561019540E0,8.525752068E0
2.030700684E0,6.502651691E0,1.642422318E0,8.298302650E0
2.032684326E0,6.435614109E0,1.922544003E0,7.874529362E0
2.034637451E0,6.871358871E0,2.226607561E0,6.799532890E0
2.036651612E0,7.876923561E0,2.327163935E0,4.905719280E0
2.038604737E0,9.016563416E0,2.229001760E0,3.201047659E0
2.040588379E0,9.935936928E0,2.066195965E0,2.209848166E0
2.042572022E0,1.052491093E1,1.932120800E0,1.745373011E0
2.044555664E0,1.084812832E1,1.838746905E0,1.719036818E0
2.046508789E0,1.104684639E1,1.742978811E0,1.826775908E0
2.048492432E0,1.121204662E1,1.553836942E0,1.659181833E0
2.050476075E0,1.120486355E1,1.206677675E0,1.098938584E0
2.052459717E0,1.082179165E1,7.589619160E-1,5.793967843E-1
2.054412842E0,1.009874249E1,3.495534360E-1,6.081272364E-1
2.056427002E0,9.267954826E0,1.699883193E-1,1.300051570E0
2.058380127E0,8.470685959E0,5.865794420E-1,2.430114746E0
2.060363770E0,7.934384346E0,1.194706678E0,3.663128614E0
2.062347412E0,7.615955830E0,1.374271750E0,4.740519524E0
2.064331055E0,7.206547260E0,1.400607944E0,5.580883980E0
2.066284180E0,6.763619900E0,1.405396342E0,6.306327343E0
2.068298340E0,6.493074894E0,1.367089152E0,7.036558628E0
2.070251465E0,6.440402508E0,1.271321058E0,7.754819393E0
2.072265625E0,6.528987885E0,1.173158884E0,8.339004517E0
2.074249268E0,6.689399719E0,1.110909581E0,8.693346024E0
2.076232910E0,6.936002254E0,1.046266198E0,8.803479195E0
2.078216553E0,7.194576263E0,9.672574997E-1,8.765172005E0
2.080200196E0,7.412448406E0,8.882488012E-1,8.683769226E0
2.082183838E0,7.510610580E0,8.475474119E-1,8.576030731E0
2.084167481E0,7.426813602E0,8.283938169E-1,8.468291283E0
2.086151123E0,7.206547260E0,7.565677166E-1,8.370129585E0
2.088134766E0,6.897695065E0,6.799532771E-1,8.267178535E0
2.090087891E0,6.552929878E0,6.847416759E-1,8.133103371E0
2.092102051E0,6.191405773E0,7.230489254E-1,7.953537941E0
2.094055176E0,5.841852188E0,7.469909191E-1,7.819462776E0
2.096038819E0,5.564124584E0,7.685387731E-1,7.781155586E0
2.098022461E0,5.351040840E0,7.972691655E-1,7.850587368E0
2.100006104E0,5.231330872E0,8.236053586E-1,7.965508938E0
2.101959229E0,5.212177277E0,8.547300100E-1,8.037335396E0
2.103973389E0,5.226542473E0,8.714894056E-1,8.097189903E0
2.105926514E0,5.269638062E0,8.930372596E-1,8.214506149E0
2.107910157E0,5.353435040E0,9.169792533E-1,8.406042099E0
2.109863282E0,5.451597214E0,9.504981041E-1,8.652645111E0
2.111877442E0,5.518634796E0,1.012747288E0,8.901641846E0
2.113830567E0,5.554547787E0,1.132457376E0,9.093177795E0
2.115844727E0,5.549759388E0,1.328781962E0,9.205705643E0
2.117767334E0,5.523423195E0,1.587355733E0,9.220070839E0
2.119781494E0,5.473145008E0,1.910573006E0,9.124302864E0
2.121734619E0,5.422866821E0,2.272097349E0,8.944737434E0
2.123718262E0,5.394136429E0,2.647987127E0,8.750806808E0
2.125701905E0,5.374982834E0,3.026270866E0,8.595184326E0
2.127685547E0,5.334281445E0,3.378218651E0,8.504204750E0
2.129638672E0,5.284003258E0,3.667917013E0,8.494627953E0
2.131652832E0,5.243301868E0,3.907337189E0,8.513781548E0
2.133605957E0,5.221754074E0,4.103661537E0,8.523358345E0
2.135620118E0,5.255272865E0,4.232948780E0,8.489839554E0
2.137573243E0,5.398924828E0,4.292803764E0,8.425195694E0
2.139556885E0,5.688623428E0,4.283226967E0,8.353369713E0
2.141510010E0,6.026205540E0,4.225766182E0,8.324639320E0
2.143493653E0,6.303933144E0,4.101267338E0,8.372523308E0
2.145477295E0,6.493074894E0,3.919308186E0,8.480262756E0
2.147460938E0,6.576871872E0,3.715801001E0,8.609549522E0
2.149414063E0,6.588842869E0,3.488351822E0,8.726864815E0
2.151428223E0,6.569689274E0,3.251325846E0,8.813055992E0
2.153381348E0,6.540958881E0,3.011905670E0,8.836998940E0
2.155395508E0,6.552929878E0,2.794033289E0,8.791508675E0
2.157348633E0,6.622362137E0,2.588132143E0,8.667010307E0
2.159362793E0,6.746860504E0,2.370259762E0,8.446743965E0
2.161315918E0,6.945579052E0,2.147598982E0,8.173804283E0
2.163330078E0,7.237671852E0,1.936909199E0,7.931990147E0
2.165313721E0,7.577648163E0,1.762132406E0,7.730877399E0
2.167297364E0,7.862558365E0,1.606509328E0,7.527369976E0
2.169250489E0,7.951143742E0,1.537077546E0,7.407660007E0
2.171234131E0,8.006210327E0,1.412579060E0,7.158663273E0
2.173217774E0,7.929595947E0,1.312022567E0,6.926425457E0
2.175201416E0,7.740454197E0,1.235408068E0,6.732495308E0
2.177154541E0,7.433996201E0,1.197100878E0,6.584054470E0
2.179168701E0,7.120356083E0,1.206677675E0,6.471527100E0
2.181121826E0,6.845022678E0,1.252167463E0,6.385335922E0
2.183105469E0,6.600813866E0,1.307234168E0,6.294356346E0
2.185089112E0,6.347028732E0,1.381454349E0,6.200982571E0
2.187072754E0,6.066906929E0,1.455674648E0,6.098031521E0
2.189025879E0,5.774814606E0,1.537077546E0,5.990292549E0
2.191009522E0,5.463568211E0,1.620874524E0,5.896918774E0
2.192993164E0,5.123591423E0,1.702277422E0,5.834669590E0
2.194976807E0,4.757278919E0,1.793257117E0,5.837063789E0
2.196929932E0,4.314351559E0,1.879448295E0,5.916072369E0
2.198944092E0,3.845088005E0,1.953668594E0,6.074089527E0
2.200897217E0,3.457227230E0,2.027888775E0,6.296750546E0
2.202880860E0,3.102885485E0,2.109291792E0,6.528987885E0
2.204864502E0,2.767697096E0,2.190694571E0,6.641515732E0
2.206848145E0,2.513911724E0,2.267308950E0,6.490680695E0
2.208801270E0,2.300827742E0,2.291250944E0,6.356605530E0
2.210815430E0,2.078166962E0,2.248155355E0,6.356605530E0
2.212768555E0,1.896207690E0,2.166752577E0,6.445190907E0
2.214782715E0,1.781286120E0,2.044648170E0,6.605602264E0
2.216735840E0,1.656787634E0,1.872265697E0,6.794744492E0
2.218719483E0,1.527500629E0,1.683123827E0,6.967126846E0
2.220672608E0,1.424550056E0,1.496376038E0,7.144298077E0
2.222656250E0,1.376665950E0,1.288080573E0,7.271190643E0
2.224639893E0,1.379060149E0,1.077390790E0,7.350199223E0
2.226623535E0,1.407790542E0,8.595184088E-1,7.431602001E0
2.228576660E0,1.472434044E0,6.368576288E-1,7.505822182E0
2.230560303E0,1.544260144E0,4.022258818E-1,7.457938194E0
2.232543946E0,1.556231141E0,1.292868853E-1,7.273584843E0
2.234527588E0,1.568202138E0,-1.604115069E-1,7.031770229E0
2.236480713E0,1.654393315E0,-4.285621047E-1,6.730101109E0
2.238494873E0,1.843535304E0,-6.440402865E-1,6.409277916E0
2.240447998E0,2.193088770E0,-7.134721279E-1,6.141127586E0
2.242431641E0,2.636016130E0,-7.038952708E-1,5.865794182E0
2.244415284E0,3.138798475E0,-7.302315235E-1,5.635950565E0
2.246398926E0,3.658340216E0,-7.781155705E-1,5.437232018E0
2.248352051E0,4.062960148E0,-8.643068075E-1,5.195417881E0
2.250335694E0,4.288015366E0,-9.983820915E-1,4.955997467E0
2.252319336E0,4.374206543E0,-1.189918280E0,4.769249916E0
2.254302979E0,4.529829502E0,-1.376665950E0,4.587290287E0
2.256286621E0,4.762067318E0,-1.587355733E0,4.345476151E0
2.258270264E0,4.982333660E0,-1.826775908E0,4.031835556E0
2.260223389E0,5.116408825E0,-2.039859772E0,3.639186621E0
2.262207032E0,5.173870087E0,-2.193088770E0,3.313575268E0
2.264190674E0,5.178658485E0,-2.272097349E0,3.174711466E0
2.266174317E0,5.236119270E0,-2.288856745E0,3.184288263E0
2.268127442E0,5.372588634E0,-2.303221941E0,3.287238836E0
2.270111084E0,5.528211594E0,-2.317587137E0,3.495534420E0
2.272094727E0,5.686229229E0,-2.317587137E0,3.782838583E0
2.274108887E0,5.810727596E0,-2.355894566E0,4.173093796E0
2.276062012E0,5.887341976E0,-2.456450939E0,4.659116745E0
2.278045655E0,5.882553577E0,-2.669534922E0,5.066130638E0
2.279998780E0,5.753266811E0,-3.071760893E0,5.228936672E0
2.281982422E0,5.456385612E0,-3.658340216E0,5.226542473E0
2.283966065E0,5.092466831E0,-4.304774761E0,5.171475887E0
2.285949707E0,4.716577530E0,-5.032611847E0,5.030217648E0
2.287933350E0,4.635174274E0,-6.110002518E0,4.745307922E0
2.289916993E0,4.838681698E0,-6.950367451E0,4.446032524E0
2.291870118E0,4.307168961E0,-7.050923824E0,4.137180328E0
2.293884278E0,3.323152065E0,-6.347028732E0,3.648763418E0
2.295837403E0,2.719813108E0,-5.420472622E0,3.244143248E0
2.297821045E0,2.832340717E0,-4.766855717E0,2.987963676E0
2.299804688E0,3.457227230E0,-4.355052948E0,2.956839085E0
2.301788330E0,4.151545525E0,-4.060565948E0,3.241749048E0
2.303741455E0,4.498704910E0,-3.902548790E0,3.749319792E0
2.305755616E0,4.376600742E0,-3.883395195E0,4.319139957E0
2.307708741E0,4.022258759E0,-3.912125587E0,4.908113480E0
2.309692383E0,3.524264812E0,-4.062960148E0,5.307945251E0
2.311676026E0,3.100491285E0,-4.316745758E0,5.410895824E0
2.313659668E0,3.102885485E0,-4.493916512E0,5.513846397E0
2.315612793E0,3.320757866E0,-4.654327869E0,5.714959621E0
2.317596436E0,3.545812607E0,-4.797980309E0,5.887341976E0
2.319549561E0,3.756502390E0,-4.908113480E0,6.129156113E0
2.321563721E0,3.960009575E0,-5.003881454E0,6.442796707E0
2.323516846E0,4.070142746E0,-5.149928093E0,6.775590897E0
2.325500489E0,3.976768970E0,-5.451597214E0,6.998251438E0
2.327484131E0,4.141968727E0,-5.702988625E0,7.345410824E0
2.329467774E0,4.553771496E0,-5.844246387E0,8.037335396E0
2.331451416E0,4.915296078E0,-5.954379559E0,8.777143478E0
2.333435059E0,5.066130638E0,-6.093243122E0,9.287108421E0
2.335388184E0,5.116408825E0,-6.141127586E0,9.531316757E0
2.337402344E0,5.147533417E0,-6.210559368E0,9.844957352E0
2.339385987E0,5.243301868E0,-6.157886982E0,1.007001209E1
2.341369629E0,5.382165432E0,-6.033388138E0,1.017775154E1
2.343353272E0,5.681440830E0,-5.913678169E0,1.035971069E1
2.345336914E0,5.767632008E0,-6.038176537E0,1.034774017E1
2.347290039E0,5.674258232E0,-6.399701118E0,1.002691650E1
2.349304200E0,5.643133640E0,-6.859387875E0,9.246406555E0
2.351257325E0,5.686229229E0,-7.304709435E0,7.970297337E0
2.353240967E0,5.791574001E0,-7.663839817E0,6.572083473E0
2.355224610E0,5.968744755E0,-7.905653954E0,5.449203014E0
2.357208252E0,5.868188381E0,-8.209717751E0,4.548983097E0
2.359161377E0,5.585672379E0,-8.547300339E0,3.620033026E0
2.361175537E0,5.736507416E0,-8.762778282E0,2.899378300E0
2.363128662E0,6.658275127E0,-8.889671326E0,2.545036316E0
2.365112305E0,7.558494568E0,-8.777143478E0,2.229001760E0
2.367065430E0,8.142680168E0,-8.420407295E0,1.754949808E0
2.369079590E0,8.233659744E0,-8.169015884E0,1.223437071E0
2.371032715E0,8.027758598E0,-8.236053467E0,8.595184088E-1
2.373046875E0,7.845798969E0,-8.473079681E0,8.355764151E-1
2.375000000E0,7.917624950E0,-8.686163902E0,1.007958889E0
2.377014160E0,7.876923561E0,-8.834604263E0,1.448492050E0
2.378967285E0,7.647080421E0,-9.105149269E0,1.936909199E0
2.380981446E0,7.290344238E0,-9.392453194E0,2.384624958E0
2.382965088E0,6.856993675E0,-9.658209801E0,2.698265314E0
2.384948731E0,6.323086739E0,-9.907206535E0,2.964021683E0
2.386932373E0,5.511452198E0,-1.008437729E1,3.162740469E0
2.388916016E0,4.326322556E0,-1.020887566E1,3.232172251E0
2.390899659E0,3.277662039E0,-1.035971069E1,3.277662039E0
2.392883301E0,2.561795712E0,-1.055603504E1,3.368641853E0
2.394836426E0,2.121262789E0,-1.057758331E1,3.703830004E0
2.396850586E0,2.070984364E0,-1.025436592E1,4.405331135E0
2.398803711E0,1.996764183E0,-9.744400978E0,5.116408825E0
2.400787354E0,1.841141105E0,-9.263166428E0,5.492298603E0
2.402740479E0,1.764526606E0,-8.834604263E0,5.070919037E0
2.404693604E0,1.721431017E0,-8.547300339E0,4.936843872E0
2.406677246E0,1.855506301E0,-8.226476669E0,5.695806026E0
2.408660889E0,1.805228114E0,-8.082824707E0,6.260837555E0
2.410614014E0,2.044648170E0,-8.030152321E0,7.077260017E0
2.412628174E0,2.545036316E0,-8.034940720E0,8.281543732E0
2.414581299E0,3.201047659E0,-8.006210327E0,9.572018623E0
2.416564942E0,3.751713991E0,-7.946355343E0,1.081460953E1
2.418548584E0,3.883395195E0,-7.970297337E0,1.152089882E1
2.420532227E0,3.677493811E0,-8.104372978E0,1.108275986E1
2.422485352E0,3.766079187E0,-8.152256966E0,1.078108978E1
2.424468994E0,3.892971992E0,-8.377311707E0,1.049139214E1
2.426452637E0,4.120420933E0,-8.578424454E0,1.040759468E1
2.428436280E0,4.285621166E0,-8.731653214E0,1.018972206E1
2.430419922E0,4.565742493E0,-8.779537201E0,1.005085850E1
2.432403565E0,5.544970989E0,-8.350975990E0,1.131020927E1
2.434387207E0,6.169857979E0,-8.135497093E0,1.184172153E1
2.436401368E0,6.428431511E0,-8.054094315E0,1.165736771E1
2.438354493E0,6.787561893E0,-7.841010571E0,1.176989555E1
2.440368653E0,7.003039837E0,-7.721300602E0,1.177947235E1
2.442321778E0,7.206547260E0,-7.714118004E0,1.168609810E1
2.444305420E0,7.328651428E0,-7.809885979E0,1.167412758E1
2.446258545E0,7.158663273E0,-8.006210327E0,1.143470764E1
2.448272705E0,6.742072105E0,-8.240841866E0,1.107557678E1
2.450225830E0,6.172252178E0,-8.298302650E0,1.027351952E1
2.452209473E0,5.444414616E0,-8.228871346E0,9.057265282E0
2.454193116E0,5.149928093E0,-8.080430984E0,8.015787125E0
2.456176758E0,5.250484467E0,-7.886500359E0,7.644686222E0
2.458129883E0,5.473145008E0,-7.941566944E0,7.453149796E0
2.460113526E0,6.162675381E0,-8.116343498E0,7.534552574E0
2.462097168E0,6.849811077E0,-8.355764389E0,7.568071365E0
2.464080811E0,7.441178799E0,-8.552088737E0,7.364564419E0
2.466033936E0,8.319850922E0,-8.667010307E0,7.158663273E0
2.468017578E0,8.815450668E0,-8.951920509E0,6.888118267E0
2.470001221E0,8.734047890E0,-9.406818390E0,6.272808552E0
2.472015381E0,8.875306129E0,-9.667786598E0,5.492298603E0
2.473968506E0,8.980650902E0,-9.821015358E0,4.697423935E0
2.475952149E0,8.772355080E0,-1.008198357E1,4.237737179E0
2.477905274E0,8.877699852E0,-1.015141487E1,4.529829502E0
2.479888916E0,9.725247383E0,-1.001733971E1,4.893748283E0
2.481872559E0,1.040280628E1,-1.006522369E1,4.644751072E0
2.483856201E0,1.072362900E1,-1.017056847E1,4.039018154E0
2.485839844E0,1.078587818E1,-1.025436592E1,3.536235809E0
2.487823487E0,1.059194851E1,-1.029985619E1,3.220201254E0
2.489776612E0,1.039562416E1,-1.026154804E1,3.284844637E0
2.491790772E0,1.016578007E1,-1.017775154E1,3.517082214E0
2.493743897E0,9.923966408E0,-1.003409958E1,3.787626982E0
2.495727539E0,9.725247383E0,-9.856928825E0,4.053383350E0
2.497711182E0,9.557653427E0,-9.674968719E0,4.292803764E0
2.499694825E0,9.390059471E0,-9.524134636E0,4.460397720E0
2.501647950E0,9.344569206E0,-9.301473618E0,4.592078686E0
2.503662110E0,9.344569206E0,-9.085995674E0,4.663905144E0
2.505615235E0,9.588777542E0,-8.779537201E0,5.018246651E0
2.507629395E0,1.000058079E1,-8.403648376E0,5.432443619E0
2.509582520E0,1.029985619E1,-7.915230751E0,5.578489780E0
2.511566162E0,1.044350815E1,-7.280767441E0,5.461174011E0
2.513549805E0,1.063025570E1,-6.581660271E0,6.320692539E0
2.515563965E0,1.069489861E1,-5.963956356E0,7.917624950E0
2.517517090E0,1.061349583E1,-5.406107426E0,9.598354340E0
2.519531250E0,1.029746151E1,-5.056553841E0,1.092713642E1
2.521484375E0,9.703699112E0,-4.953603268E0,1.205480576E1
2.523468018E0,8.839392662E0,-5.075707436E0,1.286165142E1
2.525421143E0,8.288725853E0,-5.240907669E0,1.300290966E1
2.527404785E0,6.959944248E0,-5.801150799E0,1.286883450E1
2.529388428E0,5.487510204E0,-6.648698330E0,1.230859089E1
2.531372071E0,4.271255970E0,-7.644686222E0,1.131499767E1
2.533325196E0,3.402160645E0,-8.664615631E0,9.593565941E0
2.535339356E0,3.069366693E0,-9.394847870E0,7.328651428E0
2.537322998E0,3.236960649E0,-9.660603523E0,5.276820660E0
2.539306641E0,3.885789394E0,-9.251194954E0,4.367023945E0
2.541290284E0,5.135562420E0,-8.238448143E0,4.644751072E0
2.543273926E0,6.799532890E0,-7.003039837E0,5.439626217E0
2.545227051E0,8.396465302E0,-5.949591160E0,6.296750546E0
2.547210694E0,9.619902611E0,-5.327098846E0,6.895300865E0
2.549194336E0,1.037407589E1,-5.166687489E0,7.309497833E0
2.551177979E0,1.070447540E1,-5.327098846E0,7.611167431E0
2.553161621E0,1.055842972E1,-5.765237808E0,7.508216381E0
2.555145264E0,1.002212811E1,-6.423643112E0,6.988674641E0
2.557098389E0,9.236829758E0,-7.206547260E0,6.141127586E0
2.559082032E0,8.449137688E0,-7.970297337E0,5.037400246E0
2.561065674E0,7.879317760E0,-8.638279915E0,3.737348795E0
2.563049317E0,7.601590633E0,-9.157821655E0,2.336740971E0
2.565032959E0,7.675810814E0,-9.404424667E0,1.132457376E0
2.567016602E0,8.051700592E0,-9.342175484E0,4.812345505E-1
2.568969727E0,8.513781548E0,-9.064447403E0,3.280056417E-1
2.570983887E0,9.124302864E0,-8.638279915E0,5.770025849E-1
2.572937012E0,9.636661530E0,-8.231265068E0,1.039083481E0
2.574920655E0,1.000776291E1,-7.884106159E0,1.750161409E0
2.576904297E0,1.031182671E1,-7.642292023E0,2.640804529E0
2.578887940E0,1.048899746E1,-7.556100368E0,3.356670856E0
2.580841065E0,1.052969933E1,-7.592013359E0,3.823540211E0
2.582824707E0,1.054885292E1,-7.644686222E0,4.158728123E0
2.584808350E0,1.042195988E1,-7.704541206E0,4.362235546E0
2.586791993E0,1.016578007E1,-7.742848396E0,4.338293552E0
2.588745118E0,9.775525093E0,-7.807491779E0,4.034229755E0
2.590759278E0,9.217676163E0,-7.939172745E0,3.517082214E0
2.592742920E0,8.525752068E0,-8.147468567E0,2.870647907E0
2.594726563E0,7.819462776E0,-8.350975990E0,2.212242365E0
2.596710205E0,7.266402245E0,-8.453926086E0,1.719036818E0
2.598693848E0,6.904877663E0,-8.396465302E0,1.544260144E0
2.600646973E0,6.770802498E0,-8.159439087E0,1.783680320E0
2.602630616E0,6.806715488E0,-7.841010571E0,2.324769735E0
2.604583741E0,6.924031258E0,-7.546523571E0,2.750937700E0
2.606567383E0,7.173028469E0,-7.256825447E0,3.019088268E0
2.608551026E0,7.582436562E0,-6.904877663E0,3.337517262E0
2.610534668E0,7.977479935E0,-6.593631268E0,3.751713991E0
2.612487793E0,8.245630264E0,-6.430825710E0,4.086902142E0
2.614501953E0,8.336610794E0,-6.512228489E0,4.084507942E0
2.616455078E0,8.358158112E0,-6.775590897E0,3.586514235E0
2.618438721E0,8.487444878E0,-7.182605267E0,2.566584110E0
2.620422364E0,8.659827232E0,-7.627926826E0,1.185129881E0
2.622406006E0,8.822632790E0,-7.960720539E0,-5.123591423E-1
2.624389649E0,9.174580574E0,-7.989450932E0,-2.082955360E0
2.626373291E0,9.634267807E0,-7.678205013E0,-3.323152065E0
2.628326416E0,1.035731697E1,-7.503427982E0,-4.091690540E0
2.630340576E0,1.104445267E1,-7.513004780E0,-4.489128113E0
2.632293701E0,1.149216843E1,-7.520187378E0,-4.568136692E0
2.634277344E0,1.191833591E1,-7.328651428E0,-4.055777550E0
2.636260987E0,1.231816769E1,-6.950367451E0,-2.688688517E0
2.638244629E0,1.209071827E1,-6.689399719E0,-1.010353088E0
2.640197754E0,1.184890461E1,-6.526593685E0,3.471592367E-1
2.642211914E0,1.147780323E1,-6.646304131E0,8.906430602E-1
2.644195557E0,1.088643551E1,-7.043741226E0,5.578489900E-1
2.646179200E0,1.016099167E1,-7.493851185E0,-3.663128614E-1
2.648132325E0,9.404424667E0,-7.833827972E0,-1.594538331E0
2.650146485E0,8.963891029E0,-7.910442352E0,-2.715024710E0
2.652099610E0,8.944737434E0,-7.666234016E0,-3.165134668E0
2.654083252E0,9.165003777E0,-7.036558628E0,-2.975992680E0
2.656066895E0,9.660603523E0,-6.177040577E0,-2.552218914E0
2.658050537E0,1.031661510E1,-5.406107426E0,-1.663970232E0
2.660003662E0,1.080263805E1,-4.994304657E0,-4.357447028E-1
2.661987305E0,1.119528675E1,-4.802768707E0,6.871358752E-1
2.663970948E0,1.143231297E1,-4.687847137E0,1.625662923E0
2.665954590E0,1.123359394E1,-4.762067318E0,2.169146776E0
2.667907715E0,1.109473038E1,-4.831499100E0,2.688688517E0
2.669921875E0,1.074038887E1,-5.082890034E0,3.047818661E0
2.671875000E0,1.035492229E1,-5.358223438E0,3.160346270E0
2.673858643E0,1.025197124E1,-5.255272865E0,3.383007050E0
2.675842285E0,9.691728592E0,-5.334281445E0,3.248931646E0
2.677825928E0,9.411606789E0,-5.365406036E0,2.916137695E0
2.679779053E0,9.495404243E0,-5.066130638E0,2.925714493E0
2.681793213E0,9.392453194E0,-4.879383087E0,2.715024710E0
2.683746338E0,9.385271072E0,-4.750096321E0,2.363077164E0
2.685760498E0,9.572018623E0,-4.467580318E0,2.324769735E0
2.687713623E0,9.349357605E0,-4.460397720E0,2.188300371E0
2.689697266E0,9.057265282E0,-4.680664539E0,1.752555609E0
2.691680909E0,9.217676163E0,-4.563348293E0,1.680729628E0
2.693664551E0,9.179368973E0,-4.465186119E0,1.769315004E0
2.695617676E0,8.820239067E0,-4.594472885E0,1.695094824E0
2.697631836E0,8.932766914E0,-4.450820923E0,1.960851192E0
2.699584961E0,9.069235802E0,-4.338293552E0,2.245761156E0
2.701568604E0,8.808267593E0,-4.592078686E0,2.008735180E0
2.703521729E0,8.683769226E0,-4.714183331E0,1.819593310E0
2.705505371E0,8.544905663E0,-4.766855717E0,1.697489023E0
2.707489014E0,8.408436775E0,-4.814739704E0,1.707065821E0
2.709472657E0,7.762001991E0,-5.176264286E0,1.436521053E0
2.711425782E0,7.268796444E0,-5.532999992E0,9.911994934E-1
2.713439942E0,7.299921036E0,-5.528211594E0,9.169792533E-1
2.715362549E0,7.117961884E0,-5.561730385E0,9.385270476E-1
2.717376709E0,6.624756336E0,-5.837063789E0,6.153098345E-1
2.719360352E0,6.763619900E0,-5.829881191E0,4.070142806E-1
2.721343994E0,7.247248650E0,-5.492298603E0,6.440402865E-1
2.723297119E0,7.225700855E0,-5.363011837E0,8.236053586E-1
2.725280762E0,7.053318024E0,-5.403713226E0,6.799532771E-1
2.727264405E0,7.208941460E0,-5.331887245E0,5.267243981E-1
2.729278565E0,7.560888767E0,-5.075707436E0,7.062895298E-1
2.731231690E0,7.455543995E0,-4.924872875E0,1.041477680E0
2.733215332E0,6.746860504E0,-5.073313236E0,1.156399369E0
2.735168457E0,6.114790916E0,-5.312733650E0,1.000776291E0
2.737152100E0,6.385335922E0,-5.173870087E0,1.074996591E0
2.739135743E0,7.132327080E0,-4.690241337E0,1.606509328E0
2.741119385E0,7.412448406E0,-4.340687752E0,2.147598982E0
2.743103028E0,7.017405033E0,-4.381389141E0,2.262520552E0
2.745086670E0,6.500257492E0,-4.663905144E0,1.968033791E0
2.747039795E0,6.639121532E0,-4.723760128E0,1.745373011E0
2.749053955E0,7.326257229E0,-4.481945515E0,1.862688899E0
2.751007080E0,7.778761387E0,-4.278438568E0,2.154781580E0
2.752990723E0,7.240066051E0,-4.465186119E0,2.245761156E0
2.754974366E0,5.710171223E0,-5.087678432E0,1.829170108E0
2.756958008E0,4.297592163E0,-5.777208805E0,1.055842996E0
2.758911133E0,4.225766182E0,-6.030993938E0,6.368576288E-1
2.760925293E0,4.802768707E0,-5.995080948E0,6.919242740E-1
2.762878418E0,5.001487255E0,-6.026205540E0,7.326257229E-1
2.764862061E0,4.845864296E0,-6.179434776E0,5.147533417E-1
2.766845703E0,4.754884720E0,-6.342240334E0,1.628057212E-1
2.768829346E0,4.891354084E0,-6.435614109E0,-1.556231081E-1
2.770782471E0,5.097255230E0,-6.483498096E0,-3.399766386E-1
2.772796631E0,5.240907669E0,-6.502651691E0,-3.112462163E-1
2.774749756E0,4.972756863E0,-6.581660271E0,-2.202665508E-1
2.776733399E0,4.189853191E0,-6.777985096E0,-2.705447972E-1
2.778717041E0,3.603273630E0,-6.883329868E0,-3.567360640E-1
2.780700684E0,3.394978046E0,-6.856993675E0,-3.232172430E-1
2.782653809E0,3.232172251E0,-6.794744492E0,-2.394201756E-1
2.784637451E0,2.942473888E0,-6.773196697E0,-1.819593310E-1
2.786621094E0,2.772485495E0,-6.792350292E0,-2.059013397E-1
2.788604737E0,2.980781078E0,-6.761225700E0,-2.178723514E-1
2.790557862E0,3.136404276E0,-6.763619900E0,-2.011129409E-1
2.792572022E0,3.361459255E0,-6.775590897E0,-2.082955539E-1
2.794525147E0,3.672705412E0,-6.833051682E0,-2.705447972E-1
2.796508789E0,3.727771997E0,-6.981492043E0,-4.836287498E-1
2.798522950E0,3.667917013E0,-7.170634270E0,-8.283938169E-1
2.800506592E0,3.658340216E0,-7.316680431E0,-1.173158884E0
2.802459717E0,3.641580820E0,-7.426813602E0,-1.438915253E0
2.804473877E0,3.711012602E0,-7.520187378E0,-1.580173135E0
2.806427002E0,3.833117008E0,-7.608773232E0,-1.654393315E0
2.808410645E0,3.924096584E0,-7.699752808E0,-1.711854219E0
2.810394287E0,3.995922565E0,-7.769184589E0,-1.742978811E0
2.812377930E0,3.876212597E0,-7.848193169E0,-1.795651317E0
2.814331055E0,3.502717018E0,-7.931990147E0,-1.941697598E0
2.816345215E0,3.153163671E0,-7.970297337E0,-2.111685991E0
2.818298340E0,2.932897091E0,-7.941566944E0,-2.207453966E0
2.820281983E0,2.681505919E0,-7.896077156E0,-2.252943754E0
2.822265625E0,2.434903145E0,-7.874529362E0,-2.372653961E0
2.824249268E0,2.221819162E0,-7.857769966E0,-2.497152328E0
2.826202393E0,2.176329374E0,-7.817068577E0,-2.580949545E0
2.828216553E0,2.221819162E0,-7.793126583E0,-2.580949545E0
2.830169678E0,2.346317768E0,-7.750030994E0,-2.482787132E0
2.832183838E0,2.657563925E0,-7.654263020E0,-2.209848166E0
2.834136963E0,2.992752075E0,-7.541735172E0,-1.855506301E0
2.836120606E0,3.315969467E0,-7.484274387E0,-1.467645645E0
2.838073731E0,3.624821424E0,-7.513004780E0,-9.624691010E-1
2.840057373E0,3.782838583E0,-7.618350029E0,-4.860229492E-1
2.842010498E0,3.885789394E0,-7.745242596E0,-6.464344263E-2
2.843994141E0,4.015076160E0,-7.817068577E0,2.992752194E-1
2.845947266E0,4.170699596E0,-7.812280178E0,5.554547906E-1
2.847930909E0,4.429273129E0,-7.735665798E0,7.374141216E-1
2.849884034E0,4.723760128E0,-7.649474621E0,8.379706144E-1
2.851867676E0,4.860229492E0,-7.611167431E0,7.541735172E-1
2.853881836E0,4.893748283E0,-7.606379032E0,6.057330370E-1
2.855865479E0,4.934449673E0,-7.627926826E0,5.315127969E-1
2.857879639E0,4.893748283E0,-7.702147007E0,4.596867263E-1
2.859863282E0,4.848258495E0,-7.764396191E0,3.926490843E-1
2.861846924E0,4.845864296E0,-7.742848396E0,4.357447028E-1
2.863861084E0,4.766855717E0,-7.678205013E0,5.075707436E-1
2.865814209E0,4.683058739E0,-7.623138428E0,5.027823448E-1
2.867828369E0,4.630385876E0,-7.623138428E0,4.501099288E-1
2.869781494E0,4.422090530E0,-7.635109425E0,2.944868207E-1
2.871795655E0,4.213795185E0,-7.570465565E0,1.604115069E-1
2.873779297E0,4.082113743E0,-7.455543995E0,1.508347094E-1
2.875762940E0,4.034229755E0,-7.350199223E0,1.867477298E-1
2.877746582E0,3.986345768E0,-7.299921036E0,1.987187415E-1
2.879730225E0,3.931279182E0,-7.287950039E0,2.298433632E-1
2.881683350E0,3.928884983E0,-7.254431248E0,3.184288144E-1
2.883666993E0,4.015076160E0,-7.153874874E0,4.955997467E-1
2.885650635E0,4.163516521E0,-7.024587631E0,7.182605267E-1
2.887634278E0,4.429273129E0,-6.880935669E0,9.696516991E-1
2.889617920E0,4.795586109E0,-6.713341713E0,1.256955862E0
2.891601563E0,5.458779812E0,-6.368576527E0,1.661576033E0
2.893554688E0,5.743690014E0,-5.856217384E0,2.197877169E0
2.895538330E0,5.714959621E0,-5.647922039E0,2.573766708E0
2.897521973E0,6.023811340E0,-5.858611584E0,2.691082716E0
2.899536133E0,6.402095318E0,-6.212953568E0,2.901772499E0
2.901489258E0,6.603208065E0,-6.335057735E0,3.071760893E0
2.903472901E0,7.113173485E0,-6.402095318E0,3.399766445E0
2.905456543E0,7.773972988E0,-6.284779549E0,3.574543238E0
2.907440186E0,8.358158112E0,-6.102819920E0,3.536235809E0
2.909423828E0,8.856152534E0,-5.911283970E0,3.394978046E0
2.911407471E0,9.186552048E0,-5.753266811E0,3.287238836E0
2.913360596E0,9.308655739E0,-5.695806026E0,3.263296843E0
2.915344239E0,9.251194954E0,-5.734113216E0,3.299209833E0
2.917327881E0,9.042900085E0,-5.796362400E0,3.375824451E0
2.919311524E0,8.832210541E0,-5.870582581E0,3.490746021E0
2.921264649E0,8.559270859E0,-6.038176537E0,3.588908434E0
2.923278809E0,8.200140953E0,-6.277596951E0,3.588908434E0
2.925231934E0,7.812280178E0,-6.507440090E0,3.440467834E0
2.927246094E0,7.407660007E0,-6.675034523E0,3.112462282E0
2.929199219E0,7.048529625E0,-6.758831501E0,2.621650934E0
2.931182862E0,6.698976517E0,-6.806715488E0,2.188300371E0
2.933135987E0,6.380547523E0,-6.823474884E0,1.800439715E0
2.935119629E0,6.217741966E0,-6.799532890E0,1.412579060E0
2.937103272E0,6.042964935E0,-6.787561893E0,9.313444495E-1
2.939086914E0,6.105214119E0,-6.777985096E0,5.578489900E-1
2.941070557E0,6.440402508E0,-6.763619900E0,5.147533417E-1
2.943054200E0,6.902483463E0,-6.782773495E0,7.565677166E-1
2.945007325E0,7.196970463E0,-6.909666061E0,1.017535686E0
2.947021485E0,7.139509678E0,-7.108384609E0,1.149216771E0
2.948974610E0,6.823474884E0,-7.338228226E0,1.101332784E0
2.950958252E0,6.447585106E0,-7.527369976E0,9.481038451E-1
2.952941895E0,6.303933144E0,-7.596801758E0,8.954314590E-1
2.954925537E0,6.390124321E0,-7.575253963E0,8.499416113E-1
2.956878662E0,6.672640324E0,-7.505822182E0,7.517793179E-1
2.958862305E0,6.993463039E0,-7.460332394E0,5.339069963E-1
2.960845948E0,7.225700855E0,-7.477091789E0,1.412578970E-1
2.962829590E0,7.417236805E0,-7.551311970E0,-3.351882398E-1
2.964782715E0,7.615955830E0,-7.651868820E0,-8.667010069E-1
2.966796875E0,7.953537941E0,-7.692570210E0,-1.505952835E0
2.968780518E0,8.619126320E0,-7.623138428E0,-2.389413357E0
2.970764160E0,9.619902611E0,-7.541735172E0,-3.313575268E0
2.972747803E0,1.051533413E1,-7.742848396E0,-3.383007050E0
2.974731446E0,1.112585545E1,-8.171410561E0,-2.487575531E0
2.976684571E0,1.146583176E1,-8.640673637E0,-1.268926859E0
2.978668213E0,1.160709000E1,-9.028534889E0,-7.661445439E-2
2.980651856E0,1.168849277E1,-9.244012833E0,8.571242094E-1
2.982635498E0,1.181299114E1,-9.217676163E0,1.374271750E0
2.984619141E0,1.195185471E1,-8.992621422E0,1.484405041E0
2.986602784E0,1.206198788E1,-8.662221909E0,1.371877551E0
2.988586426E0,1.207635307E1,-8.286332130E0,1.132457376E0
2.990570069E0,1.202128696E1,-7.920019150E0,8.810662031E-1
2.992553711E0,1.195185471E1,-7.568071365E0,6.967126727E-1
2.994537354E0,1.182017422E1,-7.278373241E0,5.746083856E-1
2.996490479E0,1.160230160E1,-7.086836815E0,5.554547906E-1
2.998504639E0,1.132696819E1,-6.940790653E0,6.679822803E-1
3.000457764E0,1.097502041E1,-6.821080685E0,9.457096457E-1
3.002471924E0,1.049139214E1,-6.754043102E0,1.285686255E0
3.004425049E0,9.950302124E0,-6.653486729E0,1.616086125E0
3.006408692E0,9.373299599E0,-6.540958881E0,1.903390408E0
3.008392334E0,8.736441612E0,-6.509834290E0,2.090138197E0
3.010406494E0,8.106766701E0,-6.485892296E0,2.195482969E0
3.012359619E0,7.534552574E0,-6.402095318E0,2.305616140E0
3.014373780E0,7.058106422E0,-6.347028732E0,2.480392933E0
3.016326905E0,6.698976517E0,-6.354211330E0,2.715024710E0
3.018310547E0,6.421248913E0,-6.394912720E0,2.966415882E0
3.020263672E0,6.205770969E0,-6.454767704E0,3.222595453E0
3.022277832E0,6.016628742E0,-6.555324078E0,3.464409828E0
3.024230957E0,5.865794182E0,-6.684611320E0,3.620033026E0
3.026214600E0,5.786785603E0,-6.804321289E0,3.687070608E0
3.028198243E0,5.781997204E0,-6.888118267E0,3.734954596E0
3.030181885E0,5.808333397E0,-6.993463039E0,3.739742994E0
3.032135010E0,5.875370979E0,-7.132327080E0,3.711012602E0
3.034149170E0,6.011840343E0,-7.237671852E0,3.701435804E0
3.036102295E0,6.189011574E0,-7.335834026E0,3.699041605E0
3.038085938E0,6.404489517E0,-7.455543995E0,3.687070608E0
3.040039063E0,6.603208065E0,-7.601590633E0,3.641580820E0
3.042053223E0,6.797138691E0,-7.730877399E0,3.591302633E0
3.044006348E0,6.993463039E0,-7.826645374E0,3.581725836E0
3.046020508E0,7.192182064E0,-7.910442352E0,3.612850428E0
3.047973633E0,7.398083210E0,-7.996633530E0,3.629609823E0
3.049987793E0,7.601590633E0,-8.078036308E0,3.617638826E0
3.051940918E0,7.805097580E0,-8.133103371E0,3.634398222E0
3.053955078E0,8.068459511E0,-8.147468567E0,3.727771997E0
3.055938721E0,8.355764389E0,-8.173804283E0,3.861847401E0
3.057952881E0,8.599972725E0,-8.226476669E0,4.010287762E0
3.059906006E0,8.825027466E0,-8.269572258E0,4.182670593E0
3.061889649E0,9.021351814E0,-8.303091049E0,4.352658749E0
3.063873291E0,9.205705643E0,-8.324639320E0,4.515464306E0
3.065856934E0,9.394847870E0,-8.334216118E0,4.668693542E0
3.067810059E0,9.567230225E0,-8.286332130E0,4.860229492E0
3.069793701E0,9.689333916E0,-8.188169479E0,5.090072632E0
3.071746826E0,9.785101891E0,-8.020575523E0,5.324704647E0
3.073730469E0,9.866505623E0,-7.797914982E0,5.532999992E0
3.075714112E0,9.935936928E0,-7.563282967E0,5.705382824E0
3.077697754E0,9.950302124E0,-7.359776020E0,5.856217384E0
3.079681397E0,9.926360130E0,-7.163451672E0,5.995080948E0
3.081665039E0,9.940725327E0,-6.945579052E0,6.179434776E0
3.083618164E0,9.983820915E0,-6.742072105E0,6.363788128E0
3.085632325E0,1.004367638E1,-6.567295074E0,6.512228489E0
3.087585450E0,1.010353088E1,-6.423643112E0,6.603208065E0
3.089569092E0,1.020887566E1,-6.303933144E0,6.727706909E0
3.091552735E0,1.033337498E1,-6.145915985E0,6.979097843E0
3.093536377E0,1.041717148E1,-5.956773758E0,7.266402245E0
3.095489502E0,1.043632507E1,-5.868188381E0,7.369352818E0
3.097503662E0,1.044350815E1,-5.736507416E0,7.429207802E0
3.099456787E0,1.049857426E1,-5.650316238E0,7.352593422E0
3.101470948E0,1.054885292E1,-5.564124584E0,7.259219646E0
3.103424073E0,1.055364132E1,-5.444414616E0,7.259219646E0
3.105407715E0,1.062067890E1,-5.207388878E0,7.347805023E0
3.107391358E0,1.063264942E1,-4.953603268E0,7.295132637E0
3.109405518E0,1.065659142E1,-4.793191910E0,7.024587631E0
3.111358643E0,1.071884060E1,-4.730942726E0,6.641515732E0
3.113372803E0,1.078108978E1,-4.750096321E0,6.191405773E0
3.115325928E0,1.091037750E1,-4.853046894E0,5.750872612E0
3.117309571E0,1.089361763E1,-5.135562420E0,5.307945251E0
3.119262696E0,1.081700325E1,-5.530605793E0,4.932055473E0
3.121276856E0,1.055603504E1,-5.987898350E0,4.537012100E0
3.123260498E0,1.019451046E1,-6.469132900E0,4.043806553E0
3.125244141E0,9.806650162E0,-6.979097843E0,3.435679436E0
3.127197266E0,9.421183586E0,-7.469909191E0,2.686294317E0
3.129211426E0,9.246406555E0,-7.908048153E0,2.030282974E0
3.131195069E0,9.119514465E0,-8.283937454E0,1.419761658E0
3.133178711E0,9.172186852E0,-8.497021675E0,7.924807668E-1
3.135162354E0,9.074024200E0,-8.738836288E0,1.340752989E-1
3.137145996E0,8.889671326E0,-8.992621422E0,-8.188169599E-1
3.139099121E0,8.626308441E0,-9.308655739E0,-1.527500629E0
3.141113282E0,8.214506149E0,-9.667786598E0,-1.999158382E0
3.143066407E0,7.738059998E0,-9.995792389E0,-2.475604534E0
3.145080567E0,7.484274387E0,-1.022802925E1,-2.975992680E0
3.147033692E0,7.359776020E0,-1.041238308E1,-3.521870613E0
3.149017334E0,7.378929615E0,-1.045787334E1,-3.986345768E0
3.150970459E0,7.544129372E0,-1.032619190E1,-4.340687752E0
3.152984619E0,7.965508938E0,-1.005564690E1,-4.496310711E0
3.154937744E0,8.236053467E0,-9.916783333E0,-4.477157116E0
3.156921387E0,8.116343498E0,-1.001494598E1,-4.352658749E0
3.158905030E0,7.637503624E0,-1.029506683E1,-4.216189384E0
3.160888672E0,7.252037048E0,-1.051054573E1,-4.015076160E0
3.162841797E0,7.065289021E0,-1.055124664E1,-3.670311213E0
3.164855957E0,7.015010834E0,-1.041238308E1,-3.217807055E0
3.166809082E0,6.983886242E0,-1.034295177E1,-2.667140722E0
3.168792725E0,5.925649166E0,-1.115937424E1,-2.427720547E0
3.170776368E0,4.939238071E0,-1.175792408E1,-2.616862535E0
3.172760010E0,5.042188644E0,-1.132457447E1,-2.659958124E0
3.174713135E0,5.547365189E0,-1.049857426E1,-2.252943754E0
3.176696778E0,5.863399982E0,-9.866505623E0,-1.493981838E0
3.178680420E0,6.100425720E0,-9.399636269E0,-5.530605912E-1
3.180664063E0,6.406883717E0,-8.904036522E0,4.644751251E-1
3.182617188E0,6.631938934E0,-8.489839554E0,1.326387763E0
3.184631348E0,6.497863293E0,-8.286332130E0,1.812410712E0
3.186584473E0,5.786785603E0,-8.310274124E0,1.771709204E0
3.188568116E0,5.161899090E0,-8.398859978E0,1.814804912E0
3.190551758E0,4.632780075E0,-8.504204750E0,2.001552582E0
3.192535401E0,4.319139957E0,-8.528146744E0,2.030282974E0
3.194488526E0,4.204218388E0,-8.494627953E0,1.790862918E0
3.196472168E0,4.209006786E0,-8.410830498E0,1.460463047E0
3.198455811E0,4.101267338E0,-8.370129585E0,1.211466074E0
3.200439453E0,3.866635799E0,-8.444349289E0,1.108515382E0
3.202392578E0,3.694253206E0,-8.542511940E0,1.089361787E0
3.204406739E0,3.634398222E0,-8.578424454E0,9.672574997E-1
3.207153321E0,3.337517262E0,-8.738836288E0,1.029506683E0
3.208374024E0,3.205836058E0,-8.827422142E0,1.120486379E0
3.210327149E0,2.885013103E0,-9.021351814E0,1.192312479E0
3.212341309E0,2.420537949E0,-9.258378029E0,9.097966552E-1
3.214294434E0,1.929726601E0,-9.497797966E0,4.189853072E-1
3.216278076E0,1.398213744E0,-9.686940193E0,-1.268926859E-1
3.218231201E0,8.954314590E-1,-9.770736694E0,-5.051765442E-1
3.220214844E0,8.379706144E-1,-9.737217903E0,-5.267243981E-1
3.222167969E0,1.323993564E0,-9.572018623E0,-5.578489900E-1
3.224151612E0,1.611297727E0,-9.519346237E0,-6.560112834E-1
3.226104737E0,1.379060149E0,-9.715670586E0,-3.591302633E-1
3.228088379E0,8.068459630E-1,-9.988609314E0,-6.943184882E-2
3.230010987E0,-6.943184882E-2,-1.023760605E1,-9.337386489E-2
3.231994629E0,-6.392518282E-1,-1.040041256E1,-2.633621916E-2
3.233947754E0,-5.458779931E-1,-1.039083576E1,3.878606856E-1
3.235931397E0,-1.364694983E-1,-1.022802925E1,8.140285611E-1
3.237854004E0,2.920926213E-1,-1.001973438E1,1.098938584E0
3.239868164E0,7.015010715E-1,-9.806650162E0,1.297657371E0
3.241821289E0,1.086967587E0,-9.576807022E0,1.513135433E0
3.243804932E0,1.539471745E0,-9.289502144E0,1.786074519E0
3.245758057E0,2.092532396E0,-8.992621422E0,2.044648170E0
3.247741700E0,2.616862535E0,-8.712499619E0,2.312798738E0
3.249664307E0,2.846705914E0,-8.578424454E0,2.451662540E0
3.251678467E0,3.280056238E0,-8.334216118E0,2.743755102E0
3.253631592E0,3.677493811E0,-8.140285492E0,3.028665066E0
3.255584717E0,3.931279182E0,-8.010998726E0,3.203441858E0
3.257537842E0,4.048594952E0,-7.963114738E0,3.260902643E0
3.259521485E0,4.082113743E0,-7.963114738E0,3.265691042E0
3.261444092E0,4.077325344E0,-8.001421928E0,3.215412855E0
3.263458252E0,4.115632534E0,-8.054094315E0,3.186682463E0
3.265411377E0,4.187458992E0,-8.116343498E0,3.141192675E0
3.267425537E0,4.321534157E0,-8.197746277E0,3.162740469E0
3.269348145E0,4.371812344E0,-8.224082947E0,3.196259260E0
3.271362305E0,4.398148537E0,-8.128314972E0,3.117250681E0
3.273315430E0,4.434061527E0,-7.991845131E0,2.971204281E0
3.275268555E0,4.477157116E0,-7.826645374E0,2.777273893E0
3.277221680E0,4.632780075E0,-7.666234016E0,2.710236311E0
3.279205323E0,4.872200489E0,-7.572859764E0,2.750937700E0
3.281158448E0,5.123591423E0,-7.551311970E0,2.801215887E0
3.283142090E0,5.291185856E0,-7.560888767E0,2.813186884E0
3.285095215E0,5.341464043E0,-7.570465565E0,2.784456491E0
3.287048340E0,5.322310448E0,-7.572859764E0,2.777273893E0
3.289001465E0,5.279214859E0,-7.551311970E0,2.794033289E0
3.290985108E0,5.224148273E0,-7.496245384E0,2.770091295E0
3.292938233E0,5.176264286E0,-7.419631004E0,2.741360903E0
3.294921875E0,5.104437828E0,-7.354987621E0,2.705447912E0
3.296844483E0,5.001487255E0,-7.295132637E0,2.652775526E0
3.298858643E0,4.912901878E0,-7.230489254E0,2.612074137E0
3.300781250E0,4.855441093E0,-7.184999466E0,2.588132143E0
3.302764893E0,4.778826714E0,-7.168240070E0,2.592920542E0
3.304687500E0,4.735731125E0,-7.173028469E0,2.425326347E0
3.306671143E0,4.800374508E0,-7.187393665E0,2.394201756E0
3.308624268E0,4.807557106E0,-7.211335659E0,2.408566952E0
3.310607910E0,4.802768707E0,-7.386112213E0,2.317587137E0
3.312530518E0,4.850652695E0,-7.618350029E0,2.154781580E0
3.314514160E0,4.896142483E0,-7.577648163E0,1.996764183E0
3.316467285E0,4.905719280E0,-7.419631004E0,1.905784607E0
3.318450928E0,4.910507679E0,-7.328651428E0,1.932120800E0
3.320373535E0,4.953603268E0,-7.290344238E0,2.042253971E0
3.322387696E0,5.044582844E0,-7.247248650E0,2.138022184E0
3.324310303E0,5.102043629E0,-7.208941460E0,2.178723574E0
3.326293946E0,5.195417881E0,-7.103596210E0,2.276885748E0
3.328216553E0,5.252878666E0,-7.000645638E0,2.391807556E0
3.330230713E0,5.305551052E0,-6.933608055E0,2.509123325E0
3.332153321E0,5.358223438E0,-6.943184853E0,2.595314741E0
3.334167481E0,5.444414616E0,-7.007828236E0,2.652775526E0
3.336090088E0,5.576095581E0,-7.062894821E0,2.691082716E0
3.338104248E0,5.724536419E0,-7.077260017E0,2.719813108E0
3.340026856E0,5.858611584E0,-7.050923824E0,2.758120298E0
3.342041016E0,5.975927353E0,-7.000645638E0,2.832340717E0
3.343994141E0,6.095637321E0,-6.933608055E0,2.959233284E0
3.345977784E0,6.205770969E0,-6.859387875E0,3.136404276E0
3.347930909E0,6.282385349E0,-6.768408298E0,3.351882458E0
3.349914551E0,6.351817131E0,-6.660669327E0,3.586514235E0
3.351837159E0,6.421248913E0,-6.560112476E0,3.813963413E0
3.353851319E0,6.495469093E0,-6.449979305E0,4.039018154E0
3.355773926E0,6.567295074E0,-6.330269337E0,4.237737179E0
3.357757569E0,6.629544735E0,-6.222530365E0,4.381389141E0
3.359710694E0,6.701370716E0,-6.141127586E0,4.469974518E0
3.361694336E0,6.777985096E0,-6.074089527E0,4.532223701E0
3.363616944E0,6.840234280E0,-6.038176537E0,4.592078686E0
3.365631104E0,6.912060261E0,-6.019022942E0,4.639962673E0
3.367553711E0,6.993463039E0,-6.009446144E0,4.678270340E0
3.369537354E0,7.086836815E0,-6.007051945E0,4.723760128E0
3.371490479E0,7.187393665E0,-6.004657745E0,4.759673119E0
3.373504639E0,7.268796444E0,-6.016628742E0,4.754884720E0
3.375457764E0,7.343016624E0,-6.045359135E0,4.695029736E0
3.377441407E0,7.412448406E0,-6.093243122E0,4.565742493E0
3.379394532E0,7.455543995E0,-6.172252178E0,4.355052948E0
3.381378174E0,7.450755596E0,-6.272808552E0,4.096478939E0
3.383300782E0,7.386112213E0,-6.399701118E0,3.801992416E0
3.385314942E0,7.283161640E0,-6.548141479E0,3.526659012E0
3.387268067E0,7.156269073E0,-6.713341713E0,3.315969467E0
3.389251709E0,7.010222435E0,-6.892906666E0,3.119644880E0
3.391204834E0,6.880935669E0,-7.036558628E0,2.949656487E0
3.393188477E0,6.794744492E0,-7.141903877E0,2.849100113E0
3.395141602E0,6.754043102E0,-7.230489254E0,2.798821688E0
3.397125244E0,6.766014099E0,-7.275979042E0,2.796427488E0
3.399078369E0,6.809109688E0,-7.271190643E0,2.817975283E0
3.401062012E0,6.849811077E0,-7.240066051E0,2.806004286E0
3.402984619E0,6.871358871E0,-7.235277653E0,2.741360903E0
3.404998780E0,6.861782074E0,-7.244854450E0,2.655169725E0
3.406921387E0,6.825869083E0,-7.254431248E0,2.537853718E0
3.408905030E0,6.801927090E0,-7.283161640E0,2.398990154E0
3.410888672E0,6.792350292E0,-7.383718014E0,2.209848166E0
3.412872315E0,6.780379295E0,-7.462726593E0,2.090138197E0
3.414794922E0,6.770802498E0,-7.603984833E0,1.862688899E0
3.416809082E0,6.766014099E0,-7.668628216E0,1.692700624E0
3.418762207E0,6.665457726E0,-7.721300602E0,1.565807939E0
3.420776368E0,6.318298340E0,-7.829039574E0,1.448492050E0
3.422698975E0,5.798756599E0,-7.960720539E0,1.359906554E0
3.424713135E0,5.228936672E0,-8.094796181E0,1.391031146E0
3.426635743E0,4.663905144E0,-8.274360657E0,1.620874524E0
3.428649903E0,4.314351559E0,-8.434772491E0,2.003946781E0
3.430603028E0,4.230554581E0,-8.518569946E0,2.360682964E0
3.432586670E0,4.252102375E0,-8.559270859E0,2.513911724E0
3.434509278E0,4.350264549E0,-8.568847656E0,2.432508945E0
3.436523438E0,4.491522312E0,-8.549694061E0,2.209848166E0
3.438476563E0,4.709394932E0,-8.513781548E0,2.020706177E0
3.440490723E0,4.996698856E0,-8.465897560E0,1.989581585E0
3.442413330E0,5.298368454E0,-8.382100105E0,2.128445387E0
3.444427491E0,5.525817394E0,-8.283937454E0,2.382230759E0
3.446350098E0,5.717353821E0,-8.169015884E0,2.659958124E0
3.448364258E0,5.949591160E0,-8.039729118E0,2.901772499E0
3.450286866E0,6.174646378E0,-7.884106159E0,3.148375273E0
3.452270508E0,6.464344501E0,-7.687781811E0,3.416525841E0
3.454193116E0,6.845022678E0,-7.474697590E0,3.627215624E0
3.456207276E0,7.204153061E0,-7.283161640E0,3.756502390E0
3.458160401E0,7.493851185E0,-7.115567684E0,3.971980572E0
3.460144043E0,7.745242596E0,-6.967126846E0,4.326322556E0
3.462097168E0,7.960720539E0,-6.849811077E0,4.671087742E0
3.464080811E0,8.161833763E0,-6.770802498E0,4.817133904E0
3.466003418E0,8.209717751E0,-6.720524311E0,4.797980309E0
3.468017578E0,8.173804283E0,-6.689399719E0,4.752490520E0
3.469940186E0,8.226476669E0,-6.725312710E0,4.678270340E0
3.471893311E0,8.341399193E0,-6.847416878E0,4.510675907E0
3.473846436E0,8.511386871E0,-7.050923824E0,4.230554581E0
3.475830078E0,8.779537201E0,-7.319074631E0,3.897760391E0
3.477752686E0,9.095572472E0,-7.625532627E0,3.481169224E0
3.479766846E0,9.416395187E0,-7.908048153E0,2.964021683E0
3.481719971E0,9.847352028E0,-8.202534676E0,2.370259762E0
3.483703614E0,1.021605873E1,-8.489839554E0,1.769315004E0
3.485656739E0,1.043632507E1,-8.690952301E0,1.335964561E0
3.487670899E0,1.042914295E1,-8.753201485E0,1.115697980E0
3.489624024E0,1.027591324E1,-8.714894295E0,1.072602391E0
3.491577149E0,1.029746151E1,-8.731653214E0,1.005564690E0
3.493530274E0,1.032858658E1,-8.748413086E0,8.978256583E-1
3.495513916E0,1.029985619E1,-8.678980827E0,8.547300100E-1
3.497436524E0,1.023281765E1,-8.559270859E0,9.193734527E-1
3.499450684E0,1.015141487E1,-8.415618896E0,9.959878922E-1
3.501373291E0,1.004846478E1,-8.370129585E0,1.015141487E0
3.503356934E0,9.648633003E0,-8.324639320E0,1.072602391E0
3.505310059E0,9.145850182E0,-8.343792915E0,1.180341482E0
3.507293701E0,8.662221909E0,-8.303091049E0,1.393425345E0
3.509216309E0,8.154650688E0,-8.111555099E0,1.731007814E0
3.511199951E0,7.819462776E0,-7.824251175E0,2.224213362E0
3.513122559E0,7.757213593E0,-7.589619160E0,2.789244890E0
3.515136719E0,7.393294811E0,-7.424419403E0,3.236960649E0
3.517089844E0,6.457161903E0,-7.204153061E0,3.598485231E0
3.519073487E0,5.231330872E0,-6.938396454E0,4.276044369E0
3.521026612E0,4.419696331E0,-6.581660271E0,4.836287498E0
3.523010254E0,4.489128113E0,-6.133944988E0,4.517858505E0
3.524932862E0,4.896142483E0,-5.669469833E0,3.634398222E0
3.526947022E0,5.509057999E0,-5.343858242E0,2.983175278E0
3.528869629E0,5.923254967E0,-5.188235283E0,2.636016130E0
3.530822754E0,5.743690014E0,-5.212177277E0,2.743755102E0
3.532775879E0,5.762843609E0,-5.250484467E0,3.131615877E0
3.534790039E0,6.318298340E0,-5.334281445E0,3.172317266E0
3.536743164E0,6.732495308E0,-5.516240597E0,2.820369720E0
3.538726807E0,6.777985096E0,-5.729324818E0,2.489969730E0
3.540679932E0,6.756437302E0,-5.791574001E0,2.363077164E0
3.542663575E0,6.833051682E0,-5.683835030E0,2.432508945E0
3.544586182E0,7.151480675E0,-5.528211594E0,2.664746523E0
3.546600342E0,7.589619160E0,-5.331887245E0,2.975992680E0
3.548522950E0,8.164227486E0,-5.082890034E0,3.342305660E0
3.550476075E0,9.212887764E0,-4.881777287E0,3.813963413E0
3.552429200E0,9.631873131E0,-4.797980309E0,4.678270340E0
3.554412842E0,8.501810074E0,-4.699818134E0,5.872976780E0
3.556335450E0,7.697358608E0,-4.407725334E0,6.634333134E0
3.558349610E0,8.092401505E0,-3.969586372E0,6.414066315E0
3.560272217E0,8.609549522E0,-3.588908434E0,5.458779812E0
3.562255860E0,8.590395927E0,-3.378218651E0,4.613626480E0
3.564208985E0,8.415618896E0,-3.253720045E0,4.465186119E0
3.566192627E0,8.398859978E0,-3.172317266E0,4.898536682E0
3.568145752E0,8.690952301E0,-3.057395458E0,5.284003258E0
3.570129395E0,9.176975250E0,-2.889801502E0,5.341464043E0
3.572052002E0,9.437943459E0,-2.798821688E0,5.262455463E0
3.574035645E0,9.864110947E0,-2.528276920E0,4.747702122E0
3.575988770E0,9.758766174E0,-2.430114746E0,4.589684486E0
3.577972412E0,9.241618156E0,-2.264914751E0,4.505887508E0
3.579925537E0,8.698134422E0,-2.140416384E0,4.781220913E0
3.581909180E0,8.499416351E0,-2.063801765E0,5.046977043E0
3.583862305E0,8.274360657E0,-2.114080191E0,4.999093056E0
3.585845948E0,8.037335396E0,-2.193088770E0,4.831499100E0
3.587799073E0,8.130708694E0,-2.161964178E0,4.797980309E0
3.589813233E0,8.396465302E0,-2.044648170E0,4.718971729E0
3.591735840E0,8.317456245E0,-1.975216389E0,4.474762917E0
3.593719483E0,8.269572258E0,-1.884236693E0,4.185064793E0
3.595672608E0,8.317456245E0,-1.788468719E0,3.414131641E0
3.597656250E0,6.993463039E0,-1.939303398E0,2.094926596E0
3.599578858E0,4.766855717E0,-2.178723574E0,1.668758631E0
3.601593018E0,3.397372246E0,-2.121262789E0,2.736572504E0
3.603546143E0,2.894589901E0,-1.757344007E0,4.299986362E0
3.605529785E0,2.624045134E0,-1.323993564E0,5.209783077E0
3.607543946E0,2.185906172E0,-9.481038451E-1,5.355829239E0
3.609558106E0,1.850717902E0,-6.536170840E-1,5.164293289E0
3.611541748E0,1.616086125E0,-4.596867263E-1,4.991910458E0
3.613525391E0,1.563413739E0,-3.687070608E-1,4.953603268E0
3.615509034E0,1.659181833E0,-3.854664862E-1,4.955997467E0
3.617523194E0,1.716642618E0,-5.195417404E-1,4.874594688E0
3.619476319E0,1.766920805E0,-7.326257229E-1,4.711789131E0
3.621459961E0,2.039859772E0,-9.648633003E-1,4.472368717E0
3.623413086E0,2.542642117E0,-1.221042871E0,4.101267338E0
3.625396729E0,3.141192675E0,-1.486799240E0,3.615244627E0
3.627319336E0,3.658340216E0,-1.711854219E0,3.040636063E0
3.629333496E0,3.979163170E0,-1.886630893E0,2.516305923E0
3.631286621E0,4.074931145E0,-2.015917778E0,2.147598982E0
3.633270264E0,3.991134167E0,-2.106897593E0,1.898601890E0
3.635284424E0,3.881000996E0,-2.164358377E0,1.752555609E0
3.637298584E0,3.787626982E0,-2.157175779E0,1.769315004E0
3.639221192E0,3.718195200E0,-2.116474390E0,1.893813491E0
3.641204834E0,3.665522814E0,-2.094926596E0,1.999158382E0
3.643157959E0,3.684676409E0,-2.087743998E0,2.039859772E0
3.645172119E0,3.708618402E0,-2.102109194E0,2.030282974E0
3.647094727E0,3.708618402E0,-2.154781580E0,1.968033791E0
3.649108887E0,3.708618402E0,-2.248155355E0,1.867477298E0
3.651031494E0,3.708618402E0,-2.339135170E0,1.814804912E0
3.653045655E0,3.754108191E0,-2.394201756E0,1.798045516E0
3.654968262E0,3.847482204E0,-2.442085743E0,1.807622313E0
3.656951905E0,4.043806553E0,-2.499546528E0,1.905784607E0
3.658874512E0,4.376600742E0,-2.633621931E0,2.042253971E0
3.660888672E0,4.814739704E0,-2.839523315E0,2.130839586E0
3.662841797E0,5.236119270E0,-3.007117271E0,2.226607561E0
3.664825440E0,5.626373768E0,-3.131615877E0,2.394201756E0
3.666778565E0,6.033388138E0,-3.234566450E0,2.633621931E0
3.668762207E0,6.380547523E0,-3.272873640E0,2.784456491E0
3.670684815E0,6.687005520E0,-3.229778051E0,2.901772499E0
3.672698975E0,7.007828236E0,-3.222595453E0,3.007117271E0
3.674713135E0,7.216124058E0,-3.339911461E0,3.040636063E0
3.676696778E0,7.438784599E0,-3.543418407E0,3.088520288E0
3.678649903E0,7.642292023E0,-3.727771997E0,3.090914488E0
3.680664063E0,7.927201748E0,-3.866635799E0,3.153163671E0
3.682647705E0,8.394071579E0,-4.029441357E0,3.260902643E0
3.684631348E0,8.894459724E0,-4.218583584E0,3.306392431E0
3.686553955E0,9.442731857E0,-4.455609322E0,3.232172251E0
3.688568116E0,1.003409958E1,-4.745307922E0,3.035847664E0
3.690490723E0,1.059673691E1,-5.063736439E0,2.729389906E0
3.692504883E0,1.108275986E1,-5.430049419E0,2.626439333E0
3.694427491E0,1.129344940E1,-5.616796970E0,2.636016130E0
3.696411133E0,1.207635307E1,-6.265625954E0,1.889025092E0
3.698364258E0,1.227986050E1,-6.536170483E0,1.326387763E0
3.700317383E0,1.225831223E1,-7.101202011E0,1.149216816E-1
3.702270508E0,1.190397072E1,-7.601590633E0,-5.315127969E-1
3.704284668E0,1.157835960E1,-8.008605003E0,-5.123591423E-1
3.706207276E0,1.121444035E1,-8.331821442E0,-1.987187415E-1
3.708160401E0,1.099656868E1,-8.590395927E0,2.896983922E-1
3.710113526E0,1.106599998E1,-8.836998940E0,7.469909191E-1
3.712097168E0,1.117373943E1,-9.050082207E0,1.096544385E0
3.714019776E0,1.112824917E1,-9.246406555E0,1.417367458E0
3.716033936E0,1.084812832E1,-9.423578262E0,1.745373011E0
3.717987061E0,1.059673691E1,-9.538499832E0,2.080561161E0
3.719970703E0,1.044590187E1,-9.617507935E0,2.398990154E0
3.721923828E0,1.027591324E1,-9.624691010E0,2.595314741E0
3.723937989E0,1.000536919E1,-9.593565941E0,2.789244890E0
3.725860596E0,9.696516991E0,-9.500192642E0,2.959233284E0
3.727844239E0,9.361329079E0,-9.421183586E0,3.057395458E0
3.729766846E0,9.004592896E0,-9.418789864E0,3.311181068E0
3.731781006E0,8.698134422E0,-9.339780807E0,3.624821424E0
3.733703614E0,8.334216118E0,-9.145850182E0,3.780444384E0
3.735717774E0,7.943961143E0,-8.927978516E0,3.696647406E0
3.737670899E0,7.553706169E0,-8.746018410E0,3.268085241E0
3.739654541E0,7.283161640E0,-8.734047890E0,2.533065319E0
3.741607666E0,6.947973251E0,-9.059659004E0,1.874659896E0
3.743621826E0,6.392518520E0,-9.148244858E0,1.549048543E0
3.745574951E0,6.107608318E0,-8.647856712E0,1.663970232E0
3.747558594E0,6.030993938E0,-7.965508938E0,2.070984364E0
3.749511719E0,5.698200226E0,-7.436390400E0,2.475604534E0
3.751495362E0,4.915296078E0,-7.182605267E0,2.841917515E0
3.753417969E0,3.787626982E0,-7.043741226E0,3.126827478E0
3.755432129E0,2.858676910E0,-6.861782074E0,3.244143248E0
3.757385254E0,2.339135170E0,-6.696582317E0,3.177105665E0
3.759368897E0,2.015917778E0,-6.502651691E0,2.952050686E0
3.761383057E0,1.857900500E0,-6.347028732E0,2.738966703E0
3.763366700E0,1.927332401E0,-6.347028732E0,2.640804529E0
3.765289307E0,2.339135170E0,-6.469132900E0,2.616862535E0
3.767303467E0,2.892195702E0,-6.629544735E0,2.636016130E0
3.769256592E0,3.303998232E0,-6.821080685E0,2.597708941E0
3.771270752E0,3.624821424E0,-7.041347027E0,2.458845139E0
3.773193360E0,3.921702385E0,-7.192182064E0,2.310404539E0
3.775207520E0,4.261679173E0,-7.278373241E0,2.140416384E0
3.777160645E0,4.560954094E0,-7.328651428E0,1.855506301E0
3.779144287E0,4.872200489E0,-7.302315235E0,1.618480325E0
3.781066895E0,5.315127850E0,-7.266402245E0,1.419761658E0
3.783050537E0,5.920860767E0,-7.290344238E0,1.130063176E0
3.784973145E0,6.552929878E0,-7.316680431E0,9.002198577E-1
3.786987305E0,7.074865818E0,-7.280767441E0,7.326257229E-1
3.788940430E0,7.429207802E0,-7.192182064E0,5.578489900E-1
3.790924073E0,7.838616371E0,-7.115567684E0,4.932055473E-1
3.792877198E0,8.078036308E0,-7.115567684E0,4.596867263E-1
3.794860840E0,8.597578049E0,-7.182605267E0,2.992752194E-1
3.796783448E0,9.071630478E0,-7.283161640E0,1.316810995E-1
3.798797608E0,9.502586365E0,-7.347805023E0,7.422025502E-2
3.800720215E0,9.866505623E0,-7.424419403E0,-3.830722719E-2
3.802703858E0,1.027591324E1,-7.515398979E0,-1.436520964E-1
3.804626465E0,1.085770512E1,-7.680599213E0,-1.963245422E-1
3.806640625E0,1.137245846E1,-7.857769966E0,-2.585737705E-1
3.808563233E0,1.160709000E1,-7.996633530E0,-3.280056417E-1
3.810577393E0,1.163342571E1,-8.121131897E0,-3.830722570E-1
3.812500000E0,1.152089882E1,-8.202534676E0,-4.213795066E-1
3.814483643E0,1.133893967E1,-8.238448143E0,-5.554547906E-1
3.816436768E0,1.123838234E1,-8.231265068E0,-7.469909191E-1
3.818420410E0,1.117852783E1,-8.219294548E0,-9.576807022E-1
3.820373535E0,1.099417400E1,-8.212111473E0,-1.098938584E0
3.822357178E0,1.071165848E1,-8.085219383E0,-1.063025594E0
3.824310303E0,1.044350815E1,-7.860164165E0,-8.738836050E-1
3.826293946E0,1.015620327E1,-7.709329605E0,-5.386953950E-1
3.828216553E0,9.998186111E0,-7.685387611E0,-1.508347094E-1
3.830230713E0,9.943120003E0,-7.637503624E0,1.244984865E-1
3.832153321E0,9.830592155E0,-7.534552574E0,3.447650373E-1
3.834136963E0,9.564835548E0,-7.350199223E0,5.650315881E-1
3.836090088E0,9.196128845E0,-7.141903877E0,7.613561153E-1
3.838073731E0,8.892065048E0,-6.974309444E0,9.145850539E-1
3.839996338E0,8.638279915E0,-6.890512466E0,1.005564690E0
3.842010498E0,8.358158112E0,-6.878541470E0,1.288080573E0
3.843933106E0,8.133103371E0,-6.835445881E0,1.570596337E0
3.845886231E0,7.989450932E0,-6.804321289E0,1.656787634E0
3.847839356E0,7.960720539E0,-6.777985096E0,1.558625340E0
3.849822998E0,7.943961143E0,-6.737283707E0,1.517923832E0
3.851745606E0,7.838616371E0,-6.715735912E0,1.520318031E0
3.853759766E0,7.685387611E0,-6.734889507E0,1.486799240E0
3.855712891E0,7.493851185E0,-6.811503887E0,1.395819545E0
3.857696534E0,7.266402245E0,-6.933608055E0,1.244984865E0
3.859710694E0,7.146692276E0,-6.981492043E0,1.082179189E0
3.861724854E0,7.225700855E0,-6.885724068E0,9.361328483E-1
3.863677979E0,7.347805023E0,-6.818686485E0,8.643068075E-1
3.865661621E0,7.505822182E0,-6.828263283E0,9.050082564E-1
3.867614746E0,7.809885979E0,-6.845022678E0,1.051054597E0
3.869598389E0,8.149862289E0,-6.835445881E0,1.228225470E0
3.871520996E0,8.458714485E0,-6.787561893E0,1.252167463E0
3.873535157E0,8.633491516E0,-6.665457726E0,7.326257229E-1
3.875488282E0,8.676587105E0,-6.596025467E0,3.926490843E-1
3.877471924E0,8.815450668E0,-6.586448669E0,1.101332754E-1
3.879425049E0,8.813055992E0,-6.629544735E0,2.346317619E-1
3.881439209E0,8.681375504E0,-6.689399719E0,5.817909837E-1
3.883392334E0,8.506598473E0,-6.744466305E0,8.858546019E-1
3.885345459E0,8.434772491E0,-6.840234280E0,1.031900883E0
3.887298584E0,8.427590370E0,-6.983886242E0,1.072602391E0
3.889282227E0,8.413225174E0,-7.117961884E0,1.089361787E0
3.891235352E0,8.288725853E0,-7.180211067E0,1.115697980E0
3.893218994E0,8.027758598E0,-7.208941460E0,1.137245774E0
3.895172119E0,7.809885979E0,-7.266402245E0,1.106121182E0
3.897155762E0,7.615955830E0,-7.323863029E0,1.039083481E0
3.899108887E0,7.402871609E0,-7.333439827E0,9.696516991E-1
3.901123047E0,7.299921036E0,-7.314286232E0,8.810662031E-1
3.903045655E0,7.316680431E0,-7.309497833E0,7.278373241E-1
3.904998780E0,7.386112213E0,-7.326257229E0,6.272808313E-1
3.906951905E0,7.381323814E0,-7.369352818E0,6.153098345E-1
3.908966065E0,7.321468830E0,-7.388506413E0,6.560112834E-1
3.910919190E0,7.297526836E0,-7.376535416E0,7.374141216E-1
3.912902832E0,7.266402245E0,-7.319074631E0,8.307880163E-1
3.914855957E0,7.280767441E0,-7.216124058E0,8.643068075E-1
3.916839600E0,7.266402245E0,-7.165845871E0,8.547300100E-1
3.918762207E0,7.216124058E0,-7.146692276E0,7.852981687E-1
3.920776368E0,7.194576263E0,-7.117961884E0,6.703764796E-1
3.922698975E0,7.163451672E0,-7.082048416E0,6.009446383E-1
3.924652100E0,7.079654217E0,-7.089231014E0,5.578489900E-1
3.926605225E0,6.852205276E0,-7.146692276E0,5.482721925E-1
3.928588868E0,6.543353081E0,-7.199364662E0,5.626373887E-1
3.930511475E0,6.284779549E0,-7.194576263E0,5.530605912E-1
3.932525635E0,6.138733387E0,-7.161057472E0,4.884171486E-1
3.934478760E0,5.940014362E0,-7.175422668E0,3.758896589E-1
3.936462403E0,5.695806026E0,-7.240066051E0,2.585737705E-1
3.938415528E0,5.451597214E0,-7.295132637E0,1.795651317E-1
3.940429688E0,5.193023682E0,-7.335834026E0,1.101332754E-1
3.942352295E0,4.989516258E0,-7.314286232E0,1.436521020E-2
3.944305420E0,4.800374508E0,-7.273584843E0,-1.053448766E-1
3.946258545E0,4.592078686E0,-7.259219646E0,-2.178723514E-1
3.948242188E0,4.438849926E0,-7.235277653E0,-3.615244627E-1
3.950164795E0,4.465186119E0,-7.043741226E0,-7.062895298E-1
3.952178955E0,4.635174274E0,-6.811503887E0,-1.103726983E0
3.954132080E0,4.716577530E0,-6.665457726E0,-1.422155857E0
3.956115723E0,4.613626480E0,-6.569689274E0,-1.685518026E0
3.958129883E0,4.580107689E0,-6.483498096E0,-1.980004787E0
3.960113526E0,4.783615112E0,-6.452373505E0,-2.353500366E0
3.962036133E0,4.999093056E0,-6.449979305E0,-2.753331900E0
3.964019776E0,5.075707436E0,-6.361393929E0,-3.055001259E0
3.965972901E0,5.068524837E0,-6.287173748E0,-3.141192675E0
3.967987061E0,5.006275654E0,-6.179434776E0,-3.246537447E0
3.969940186E0,4.960785866E0,-6.124367714E0,-3.380612850E0
3.971923828E0,4.898536682E0,-6.069301128E0,-3.550601006E0
3.973876953E0,4.841075897E0,-6.059724331E0,-3.684676409E0
3.975830078E0,4.814739704E0,-6.016628742E0,-3.770867586E0
3.977783203E0,4.927267075E0,-5.949591160E0,-3.766079187E0
3.979797364E0,5.166687489E0,-5.832275391E0,-3.660734415E0
3.981719971E0,5.403713226E0,-5.674258232E0,-3.533841610E0
3.983703614E0,5.607220173E0,-5.590460777E0,-3.514688015E0
3.985656739E0,5.849034786E0,-5.516240597E0,-3.545812607E0
3.987640381E0,6.296750546E0,-5.465962410E0,-3.701435804E0
3.989562989E0,6.909666061E0,-5.403713226E0,-3.921702385E0
3.991577149E0,7.539340973E0,-5.322310448E0,-4.046200752E0
3.993499756E0,8.051700592E0,-5.293580055E0,-4.091690540E0
3.995483399E0,8.492233276E0,-5.322310448E0,-4.089296341E0
3.997436524E0,8.906430244E0,-5.379771233E0,-4.005499363E0
3.999450684E0,9.339780807E0,-5.477933407E0,-3.811569214E0
4.001373291E0,9.682151794E0,-5.607220173E0,-3.526659012E0
4.003356934E0,9.957485199E0,-5.750872612E0,-3.205836058E0
4.005310059E0,1.022324085E1,-5.858611584E0,-2.844311714E0
4.007293701E0,1.038365269E1,-5.930437565E0,-2.499546528E0
4.009216309E0,1.030703831E1,-5.975927353E0,-2.138022184E0
4.011230469E0,1.003409958E1,-5.968744755E0,-1.781286120E0
4.013183594E0,9.665391922E0,-5.913678169E0,-1.458068848E0
4.015167237E0,9.160215378E0,-5.808333397E0,-1.154005170E0
4.017120362E0,8.501810074E0,-5.674258232E0,-7.062895298E-1
4.019134522E0,7.924807549E0,-5.542576790E0,-1.149216816E-1
4.021057129E0,7.685387611E0,-5.444414616E0,1.915361285E-1
4.023040772E0,7.735665798E0,-5.391742229E0,-5.506663769E-2
4.024993897E0,7.836222172E0,-5.408501625E0,-7.086837292E-1
4.026977539E0,7.881711960E0,-5.497087002E0,-1.484405041E0
4.028900147E0,7.876923561E0,-5.638344765E0,-2.231395960E0
4.030914307E0,7.874529362E0,-5.839457989E0,-2.901772499E0
4.032867432E0,7.939172745E0,-6.062118530E0,-3.394978046E0
4.034851075E0,8.097189903E0,-6.282385349E0,-3.555389643E0
4.036804200E0,8.283937454E0,-6.490680695E0,-3.390189648E0
4.038818360E0,8.489839554E0,-6.722918510E0,-2.968810081E0
4.040771485E0,8.650250435E0,-7.003039837E0,-2.446874142E0
4.042755127E0,8.743624687E0,-7.268796444E0,-1.881842494E0
4.044708252E0,8.808267593E0,-7.469909191E0,-1.304839969E0
4.046691895E0,8.892065048E0,-7.592013359E0,-7.852981687E-1
4.048614502E0,8.918401718E0,-7.663839817E0,-3.232172430E-1
4.050628662E0,8.892065048E0,-7.697358608E0,5.506663769E-2
4.052581787E0,8.834604263E0,-7.721300602E0,2.944868207E-1
4.054565430E0,8.698134422E0,-7.785943985E0,4.860229492E-1
4.056579590E0,8.643068314E0,-7.821856976E0,7.302315235E-1
4.058563233E0,8.772355080E0,-7.795520782E0,9.744400978E-1
4.060485840E0,8.911218643E0,-7.766790390E0,1.074996591E0
4.062500000E0,9.275136948E0,-7.699752808E0,1.230619669E0
4.064453125E0,9.648633003E0,-7.620744228E0,1.345541358E0
4.066436768E0,9.885659218E0,-7.560888767E0,1.407790542E0
4.068389893E0,9.993397713E0,-7.532158375E0,1.467645645E0
4.070404053E0,1.008677197E1,-7.498639584E0,1.510741234E0
4.072357178E0,1.016817474E1,-7.441178799E0,1.546654344E0
4.074340821E0,1.020169353E1,-7.366958618E0,1.630451322E0
4.076293946E0,1.017056847E1,-7.287950039E0,1.735796213E0
4.078277588E0,1.009634876E1,-7.201758862E0,1.826775908E0
4.080200196E0,9.988609314E0,-7.144298077E0,1.891419291E0
4.082214356E0,9.907206535E0,-7.082048416E0,1.932120800E0
4.084167481E0,9.847352028E0,-6.964732647E0,1.927332401E0
4.086151123E0,9.782708168E0,-6.830657482E0,1.843535304E0
4.088073731E0,9.718064308E0,-6.694188118E0,1.678335428E0
4.090087891E0,9.593565941E0,-6.478709698E0,1.489193439E0
4.092010498E0,9.447520256E0,-6.234501362E0,1.309628367E0
4.093994141E0,9.303867340E0,-6.047753334E0,1.194706678E0
4.095947266E0,9.196128845E0,-5.956773758E0,1.082179189E0
4.097930909E0,9.155426979E0,-5.956773758E0,9.792284966E-1
4.099853516E0,9.141061783E0,-5.959167957E0,9.313444495E-1
4.101867676E0,9.167398453E0,-5.920860767E0,8.690952063E-1
4.103820801E0,9.193734169E0,-5.872976780E0,8.307880163E-1
4.105834961E0,9.153033257E0,-5.827486992E0,7.685387731E-1
4.107757569E0,9.033323288E0,-5.750872612E0,6.607996821E-1
4.109771729E0,8.865729332E0,-5.659893036E0,5.123591423E-1
4.111724854E0,8.690952301E0,-5.588066578E0,3.782838583E-1
4.113708496E0,8.475474358E0,-5.535394192E0,3.064578176E-1
4.115631104E0,8.228871346E0,-5.453991413E0,2.394201756E-1
4.117614746E0,8.025363922E0,-5.319916248E0,1.077390760E-1
4.119537354E0,7.872135162E0,-5.166687489E0,-6.943184882E-2
4.121551514E0,7.675810814E0,-5.046977043E0,-1.436520964E-1
4.123504639E0,7.431602001E0,-4.936843872E0,-1.915361285E-1
4.125488282E0,7.189787865E0,-4.853046894E0,-2.729389966E-1
4.127441407E0,7.000645638E0,-4.759673119E0,-3.758896589E-1
4.129425049E0,6.854599476E0,-4.683058739E0,-4.716577232E-1
4.131378174E0,6.663063526E0,-4.659116745E0,-6.009446383E-1
4.133361817E0,6.464344501E0,-4.647145271E0,-7.900865674E-1
4.135284424E0,6.303933144E0,-4.632780075E0,-9.600749016E-1
4.137268067E0,6.189011574E0,-4.613626480E0,-1.055842996E0
4.139190674E0,6.102819920E0,-4.601655483E0,-1.070208192E0
4.141204834E0,6.066906929E0,-4.601655483E0,-1.036689281E0
4.143157959E0,6.081272125E0,-4.608838081E0,-1.010353088E0
4.145141602E0,6.138733387E0,-4.630385876E0,-9.768342972E-1
4.147094727E0,6.224924564E0,-4.666299343E0,-9.241618514E-1
4.149078369E0,6.272808552E0,-4.675876141E0,-8.930372596E-1
4.151000977E0,6.339846134E0,-4.680664539E0,-7.876923680E-1
4.152984619E0,6.380547523E0,-4.685452938E0,-6.775590777E-1
4.154998780E0,6.454767704E0,-4.707000732E0,-5.961562395E-1
4.157012940E0,6.533776283E0,-4.747702122E0,-4.955997467E-1
4.158966065E0,6.600813866E0,-4.809951305E0,-3.830722570E-1
4.160949707E0,6.617573261E0,-4.881777287E0,-2.466027737E-1
4.162872315E0,6.612784863E0,-4.915296078E0,-1.005564705E-1
4.164886475E0,6.641515732E0,-4.917690277E0,4.788403399E-3
4.166809082E0,6.703764915E0,-4.903325081E0,6.943184882E-2
4.168792725E0,6.801927090E0,-4.884171486E0,1.029506698E-1
4.170745850E0,6.976703644E0,-4.879383087E0,1.005564705E-1
4.172760010E0,7.161057472E0,-4.891354084E0,8.379705995E-2
4.174713135E0,7.309497833E0,-4.903325081E0,3.112462163E-2
4.176696778E0,7.412448406E0,-4.884171486E0,-1.029506698E-1
4.178649903E0,7.438784599E0,-4.853046894E0,-2.825157940E-1
4.180633545E0,7.429207802E0,-4.833893299E0,-5.099649429E-1
4.182556153E0,7.422025204E0,-4.807557106E0,-7.661445141E-1
4.184570313E0,7.390900612E0,-4.781220913E0,-1.007958889E0
4.186492920E0,7.328651428E0,-4.786009312E0,-1.168370485E0
4.188476563E0,7.254431248E0,-4.807557106E0,-1.256955862E0
4.190429688E0,7.211335659E0,-4.831499100E0,-1.319205165E0
4.192413330E0,7.230489254E0,-4.879383087E0,-1.355118155E0
4.194335938E0,7.321468830E0,-4.917690277E0,-1.352723956E0
4.196350098E0,7.426813602E0,-4.951209068E0,-1.323993564E0
4.198303223E0,7.548917770E0,-4.996698856E0,-1.400607944E0
4.200256348E0,7.680599213E0,-5.087678432E0,-1.675941229E0
4.202209473E0,7.778761387E0,-5.212177277E0,-1.824381709E0
4.204193116E0,7.855375767E0,-5.324704647E0,-1.838746905E0
4.206146241E0,7.893682957E0,-5.430049419E0,-1.829170108E0
4.208129883E0,7.805097580E0,-5.540182590E0,-1.917755604E0
4.210083008E0,7.596801758E0,-5.643133640E0,-2.073378563E0
4.212066651E0,7.347805023E0,-5.743690014E0,-2.238578558E0
4.214019776E0,7.113173485E0,-5.798756599E0,-2.384624958E0
4.216033936E0,6.868964672E0,-5.839457989E0,-2.473210335E0
4.217956543E0,6.569689274E0,-5.889736176E0,-2.597708941E0
4.219940186E0,6.205770969E0,-5.942408562E0,-2.813186884E0
4.221893311E0,5.863399982E0,-6.028599739E0,-3.009511471E0
4.223876953E0,5.607220173E0,-6.081272125E0,-3.069366693E0
4.225799561E0,5.446808815E0,-6.126761913E0,-3.033453465E0
4.227813721E0,5.363011837E0,-6.215347767E0,-2.901772499E0
4.229736328E0,5.363011837E0,-6.330269337E0,-2.650381327E0
4.231719971E0,5.394136429E0,-6.449979305E0,-2.410961151E0
4.233673096E0,5.418078423E0,-6.572083473E0,-2.240972757E0
4.235656739E0,5.482721806E0,-6.708553314E0,-2.123656988E0
4.237579346E0,5.535394192E0,-6.780379295E0,-2.090138197E0
4.239593506E0,5.674258232E0,-6.928819656E0,-2.006340981E0
4.241546631E0,5.805939198E0,-7.077260017E0,-1.821987510E0
4.243560791E0,5.918466568E0,-7.228095055E0,-1.618480325E0
4.245483399E0,6.021417141E0,-7.366958618E0,-1.484405041E0
4.247497559E0,6.160281181E0,-7.503427982E0,-1.424550056E0
4.249450684E0,6.287173748E0,-7.661445618E0,-1.400607944E0
4.251434326E0,6.375759125E0,-7.824251175E0,-1.328781962E0
4.253356934E0,6.452373505E0,-7.979874134E0,-1.168370485E0
4.255371094E0,6.505045891E0,-8.159439087E0,-1.015141487E0
4.257324219E0,6.512228489E0,-8.348581314E0,-9.313444495E-1
4.259307862E0,6.481103897E0,-8.506598473E0,-8.690952063E-1
4.261260987E0,6.457161903E0,-8.628703117E0,-7.493851185E-1
4.263244629E0,6.452373505E0,-8.719682693E0,-5.793967843E-1
4.265197754E0,6.464344501E0,-8.815450668E0,-4.094084799E-1
4.267181397E0,6.485892296E0,-8.916007042E0,-2.370259613E-1
4.269104004E0,6.500257492E0,-9.009381294E0,-5.985504389E-2
4.271118164E0,6.461950302E0,-9.129091263E0,6.224924326E-2
4.273071289E0,6.354211330E0,-9.263166428E0,1.268926859E-1
4.275085450E0,6.320692539E0,-9.346963882E0,1.077390760E-1
4.277008057E0,6.416460514E0,-9.306262016E0,-1.436521020E-2
4.279022217E0,6.572083473E0,-9.181763649E0,-2.035071403E-1
4.280975342E0,6.722918510E0,-9.040505409E0,-4.118026793E-1
4.282958985E0,6.833051682E0,-8.865729332E0,-6.560112834E-1
4.284912110E0,6.933608055E0,-8.633491516E0,-8.499416113E-1
4.286895752E0,7.070077419E0,-8.355764389E0,-9.433154464E-1
4.288818360E0,7.165845871E0,-8.068459511E0,-9.074024558E-1
4.290832520E0,7.170634270E0,-7.807491779E0,-7.493851185E-1
4.292785645E0,7.079654217E0,-7.580042362E0,-5.195417404E-1
4.294799805E0,6.991068840E0,-7.393294811E0,-2.729389966E-1
4.296722412E0,6.909666061E0,-7.223306656E0,-3.351882473E-2
4.298736573E0,6.797138691E0,-7.070077419E0,2.226607651E-1
4.300689698E0,6.665457726E0,-6.976703644E0,3.639186621E-1
4.302673340E0,6.505045891E0,-6.897695065E0,2.442085743E-1
4.304626465E0,6.416460514E0,-6.864176273E0,1.221042871E-1
4.306610108E0,6.449979305E0,-6.892906666E0,1.340752989E-1
4.308532715E0,6.514622688E0,-6.945579052E0,1.053448766E-1
4.310546875E0,6.574477673E0,-7.029376030E0,1.316810995E-1
4.312500000E0,6.646304131E0,-7.132327080E0,2.322375625E-1
4.314483643E0,6.710947514E0,-7.249642849E0,3.208230138E-1
4.316436768E0,6.749254704E0,-7.328651428E0,3.447650373E-1
4.318420410E0,6.816292286E0,-7.383718014E0,3.639186621E-1
4.320343018E0,6.912060261E0,-7.422025204E0,3.447650373E-1
4.322357178E0,7.022193432E0,-7.386112213E0,2.561795712E-1
4.324310303E0,7.067683220E0,-7.338228226E0,1.532289088E-1
4.326324463E0,7.055712223E0,-7.371747017E0,9.576806426E-2
4.328247071E0,7.034164429E0,-7.455543995E0,3.830722719E-2
4.330261231E0,7.046135426E0,-7.477091789E0,2.873042040E-2
4.332214356E0,7.077260017E0,-7.453149796E0,1.125274822E-1
4.334197998E0,7.132327080E0,-7.448361397E0,1.747767180E-1
4.336151123E0,7.192182064E0,-7.453149796E0,1.867477298E-1
4.338134766E0,7.249642849E0,-7.450755596E0,2.633621991E-1
4.340057373E0,7.271190643E0,-7.436390400E0,2.753331959E-1
4.342071534E0,7.283161640E0,-7.371747017E0,2.873041928E-1
4.344024659E0,7.216124058E0,-7.292738438E0,4.333505034E-1
4.346008301E0,7.074865818E0,-7.228095055E0,5.554547906E-1
4.347961426E0,6.859387875E0,-7.163451672E0,6.464344859E-1
4.349945069E0,6.639121532E0,-7.077260017E0,7.445967197E-1
4.351867676E0,6.430825710E0,-6.974309444E0,8.212111592E-1
4.353851319E0,6.212953568E0,-6.859387875E0,8.331822157E-1
4.355773926E0,6.028599739E0,-6.706159115E0,8.068459630E-1
4.357757569E0,5.906495571E0,-6.519411087E0,8.379706144E-1
4.359710694E0,5.805939198E0,-6.335057735E0,9.409212470E-1
4.361694336E0,5.729324818E0,-6.155492783E0,1.101332784E0
4.363616944E0,5.712565422E0,-5.983109951E0,1.283292055E0
4.365631104E0,5.688623428E0,-5.813121796E0,1.367089152E0
4.367553711E0,5.657498837E0,-5.674258232E0,1.379060149E0
4.369537354E0,5.647922039E0,-5.583278179E0,1.319205165E0
4.371490479E0,5.671864033E0,-5.504269600E0,1.144428372E0
4.373474121E0,5.671864033E0,-5.422866821E0,8.667010069E-1
4.375396729E0,5.647922039E0,-5.348646641E0,5.482721925E-1
4.377410889E0,5.590460777E0,-5.303156853E0,2.705447972E-1
4.379364014E0,5.487510204E0,-5.269638062E0,4.788403213E-2
4.381347657E0,5.363011837E0,-5.257667065E0,-2.059013397E-1
4.383270264E0,5.197812080E0,-5.317522049E0,-4.955997467E-1
4.385284424E0,4.979939461E0,-5.427655220E0,-7.900865674E-1
4.387207032E0,4.721365929E0,-5.559336185E0,-1.041477680E0
4.389190674E0,4.460397720E0,-5.698200226E0,-1.197100878E0
4.391143799E0,4.256890774E0,-5.837063789E0,-1.235408068E0
4.393127442E0,4.101267338E0,-5.978321552E0,-1.170764685E0
4.395050049E0,4.012681961E0,-6.119579315E0,-1.012747288E0
4.397064209E0,3.962403774E0,-6.284779549E0,-7.254431248E-1
4.399017334E0,3.991134167E0,-6.445190907E0,-3.639186621E-1
4.401031494E0,4.031835556E0,-6.617573261E0,2.633621916E-2
4.402954102E0,4.007893562E0,-6.804321289E0,4.118026793E-1
4.404968262E0,3.979163170E0,-6.979097843E0,8.140285611E-1
4.406921387E0,4.007893562E0,-7.146692276E0,1.225831270E0
4.408905030E0,4.156333923E0,-7.309497833E0,1.613691926E0
4.410858155E0,4.369418144E0,-7.479485989E0,1.941697598E0
4.412841797E0,4.618414879E0,-7.639897823E0,2.149993181E0
4.414764405E0,4.900930882E0,-7.773972988E0,2.176329374E0
4.416778565E0,5.173870087E0,-7.881711960E0,2.104503393E0
4.418731690E0,5.475539207E0,-7.946355343E0,2.051830769E0
4.420715332E0,5.856217384E0,-7.958326340E0,2.044648170E0
4.422668457E0,6.287173748E0,-7.936778545E0,2.085349798E0
4.424652100E0,6.507440090E0,-7.908048153E0,2.099714994E0
4.426574707E0,7.055712223E0,-7.809885979E0,2.080561161E0
4.428588868E0,7.699752808E0,-7.687781811E0,2.035071373E0
4.430511475E0,8.312667847E0,-7.532158375E0,1.946485996E0
4.432525635E0,8.808267593E0,-7.357381821E0,1.798045516E0
4.434448243E0,9.181763649E0,-7.220912457E0,1.666364431E0
4.436462403E0,9.428366661E0,-7.141903877E0,1.558625340E0
4.438385010E0,9.634267807E0,-7.091625214E0,1.424550056E0
4.440399170E0,9.787496567E0,-7.048529625E0,1.266532660E0
4.442321778E0,9.950302124E0,-7.050923824E0,1.173158884E0
4.444305420E0,1.004367638E1,-7.077260017E0,1.098938584E0
4.446258545E0,1.003170490E1,-7.103596210E0,9.911994934E-1
4.448242188E0,9.916783333E0,-7.139509678E0,8.236053586E-1
4.450164795E0,9.725247383E0,-7.213729858E0,6.560112834E-1
4.452148438E0,9.490615845E0,-7.319074631E0,5.099649429E-1
4.454071045E0,9.181763649E0,-7.400477409E0,3.663128614E-1
4.456054688E0,8.805873871E0,-7.467514992E0,2.130839527E-1
4.458007813E0,8.398859978E0,-7.553706169E0,7.422025502E-2
4.459991455E0,8.075642586E0,-7.659051418E0,-6.464344263E-2
4.461914063E0,7.809885979E0,-7.726089001E0,-2.513911724E-1
4.463928223E0,7.551311970E0,-7.735665798E0,-4.764461517E-1
4.465850830E0,7.295132637E0,-7.699752808E0,-6.919242740E-1
4.467834473E0,7.041347027E0,-7.637503624E0,-8.858546019E-1
4.469787598E0,6.825869083E0,-7.563282967E0,-1.089361787E0
4.471801758E0,6.658275127E0,-7.501033783E0,-1.228225470E0
4.473754883E0,6.540958881E0,-7.438784599E0,-1.355118155E0
4.475708008E0,6.471527100E0,-7.381323814E0,-1.474828243E0
4.477661133E0,6.452373505E0,-7.328651428E0,-1.575384736E0
4.479644776E0,6.440402508E0,-7.278373241E0,-1.704671621E0
4.481567383E0,6.466738701E0,-7.235277653E0,-1.831564307E0
4.483581543E0,6.533776283E0,-7.199364662E0,-1.917755604E0
4.485504151E0,6.629544735E0,-7.168240070E0,-1.970427990E0
4.487487793E0,6.734889507E0,-7.120356083E0,-2.011129379E0
4.489440918E0,6.878541470E0,-7.070077419E0,-2.056619167E0
4.491455078E0,7.024587631E0,-7.005434036E0,-2.102109194E0
4.493408203E0,7.149086475E0,-6.967126846E0,-2.097320795E0
4.495391846E0,7.254431248E0,-6.952761650E0,-2.068590164E0
4.497344971E0,7.366958618E0,-6.962338448E0,-2.032677174E0
4.499328614E0,7.477091789E0,-6.964732647E0,-2.008735180E0
4.501251221E0,7.520187378E0,-6.964732647E0,-1.984793186E0
4.503265381E0,7.635109425E0,-6.974309444E0,-1.881842494E0
4.505218506E0,7.685387611E0,-6.986280441E0,-1.845929503E0
4.507202149E0,7.752425194E0,-6.988674641E0,-1.783680320E0
4.509155274E0,7.735665798E0,-6.962338448E0,-1.714248419E0
4.511138916E0,7.673416615E0,-6.955155849E0,-1.611297727E0
4.513061524E0,7.575253963E0,-6.926425457E0,-1.508347034E0
4.515075684E0,7.438784599E0,-6.880935669E0,-1.400607944E0
4.517028809E0,7.331045628E0,-6.842628479E0,-1.252167463E0
4.519042969E0,7.278373241E0,-6.792350292E0,-1.070208192E0
4.520965576E0,7.230489254E0,-6.737283707E0,-8.762778044E-1
4.522979737E0,7.175422668E0,-6.701370716E0,-7.086837292E-1
4.524932862E0,7.094019413E0,-6.694188118E0,-5.985504389E-1
4.526916504E0,7.007828236E0,-6.691793919E0,-5.027823448E-1
4.528839112E0,6.957550049E0,-6.658275127E0,-3.902548850E-1
4.530822754E0,6.931213856E0,-6.639121532E0,-2.873041928E-1
4.532745362E0,6.924031258E0,-6.636727333E0,-1.699883193E-1
4.534759522E0,6.914454460E0,-6.631938934E0,-5.985504389E-2
4.536712647E0,6.921637058E0,-6.617573261E0,1.436521020E-2
4.538696289E0,6.924031258E0,-6.603208065E0,6.464344263E-2
4.540649414E0,6.955155849E0,-6.605602264E0,1.197100878E-1
4.542633057E0,7.000645638E0,-6.643909931E0,2.082955539E-1
4.544555664E0,7.077260017E0,-6.696582317E0,2.920926213E-1
4.546569825E0,7.163451672E0,-6.782773495E0,3.663128614E-1
4.548492432E0,7.230489254E0,-6.895300865E0,4.812345505E-1
4.550506592E0,7.323863029E0,-6.993463039E0,6.081272364E-1
4.552459717E0,7.453149796E0,-7.101202011E0,7.469909191E-1
4.554443360E0,7.611167431E0,-7.225700855E0,9.026140571E-1
4.556365967E0,7.769184589E0,-7.369352818E0,1.053448796E0
4.558380127E0,7.891288757E0,-7.513004780E0,1.225831270E0
4.560302735E0,8.032546997E0,-7.639897823E0,1.441309452E0
4.562286377E0,8.147468567E0,-7.759607792E0,1.565807939E0
4.564239502E0,8.243236542E0,-7.891288757E0,1.604115129E0
4.566192627E0,8.315062523E0,-8.027758598E0,1.592144132E0
4.568145752E0,8.310274124E0,-8.154650688E0,1.563413739E0
4.570159912E0,8.257601738E0,-8.259995461E0,1.613691926E0
4.572082520E0,8.221688271E0,-8.396465302E0,1.793257117E0
4.574066162E0,8.190564156E0,-8.609549522E0,2.078166962E0
4.576019287E0,8.123526573E0,-8.923190117E0,2.463633537E0
4.578002930E0,7.958326340E0,-9.332598686E0,2.846705914E0
4.579925537E0,7.733271599E0,-9.775525093E0,3.205836058E0
4.581939698E0,7.515398979E0,-1.017296314E1,3.490746021E0
4.583862305E0,7.393294811E0,-1.052730465E1,3.725377798E0
4.585845948E0,7.283161640E0,-1.084573364E1,3.904942989E0
4.587799073E0,7.168240070E0,-1.098938560E1,3.950432777E0
4.589813233E0,6.780379295E0,-1.129344940E1,3.849876404E0
4.591766358E0,6.749254704E0,-1.136767006E1,3.840299606E0
4.593750000E0,6.703764915E0,-1.150174522E1,3.892971992E0
4.595703125E0,6.531382084E0,-1.156878281E1,3.936067581E0
4.597717285E0,6.301538944E0,-1.155681133E1,3.986345768E0
4.599639893E0,6.236895561E0,-1.148019695E1,4.094084740E0
4.601654053E0,6.256049156E0,-1.135091019E1,4.230554581E0
4.603607178E0,6.205770969E0,-1.118810463E1,4.345476151E0
4.605590821E0,6.157886982E0,-1.101572227E1,4.398148537E0
4.607543946E0,6.196194172E0,-1.085291672E1,4.398148537E0
4.609527588E0,6.270414352E0,-1.070447540E1,4.369418144E0
4.611450196E0,6.361393929E0,-1.057518864E1,4.328716755E0
4.613464356E0,6.500257492E0,-1.046984386E1,4.309563160E0
4.615417481E0,6.641515732E0,-1.043871975E1,4.352658749E0
4.617401123E0,6.727706909E0,-1.046266174E1,4.479551315E0
4.619354248E0,6.737283707E0,-1.050336266E1,4.692635536E0
4.621337891E0,6.785167694E0,-1.057518864E1,4.932055473E0
4.623260498E0,6.940790653E0,-1.067095661E1,5.125985622E0
4.625274659E0,7.220912457E0,-1.078827286E1,5.341464043E0
4.627197266E0,7.596801758E0,-1.092713642E1,5.535394192E0
4.629211426E0,7.996633530E0,-1.107318306E1,5.695806026E0
4.631134034E0,8.348581314E0,-1.120246983E1,5.810727596E0
4.633148194E0,8.645462036E0,-1.133175659E1,5.856217384E0
4.635101319E0,8.983044624E0,-1.143231297E1,5.798756599E0
4.637084961E0,9.330204010E0,-1.149456215E1,5.717353821E0
4.639038086E0,9.600749016E0,-1.153047562E1,5.638344765E0
4.641021729E0,9.758766174E0,-1.155681133E1,5.549759388E0
4.642944336E0,9.871294022E0,-1.158314800E1,5.482721806E0
4.644958496E0,9.904812813E0,-1.165018559E1,5.446808815E0
4.646881104E0,9.832986832E0,-1.176750088E1,5.341464043E0
4.648864746E0,9.634267807E0,-1.193030739E1,5.193023682E0
4.650787354E0,9.342175484E0,-1.212663174E1,5.046977043E0
4.652770996E0,9.062053680E0,-1.227986050E1,4.876988888E0
4.654724121E0,8.808267593E0,-1.242111874E1,4.630385876E0
4.656738282E0,8.513781548E0,-1.258631802E1,4.355052948E0
4.658691407E0,8.118738174E0,-1.272518158E1,4.091690540E0
4.660675049E0,7.630321026E0,-1.279222012E1,3.845088005E0
4.662628174E0,7.108384609E0,-1.276348972E1,3.564966440E0
4.664581299E0,6.634333134E0,-1.263180828E1,3.205836058E0
4.666534424E0,6.282385349E0,-1.244266605E1,2.765302896E0
4.668548584E0,6.004657745E0,-1.216015053E1,2.317587137E0
4.670471192E0,5.741295815E0,-1.176031876E1,2.003946781E0
4.672424317E0,5.418078423E0,-1.133893967E1,1.862688899E0
4.674377442E0,5.054159641E0,-1.093671322E1,1.721431017E0
4.676361084E0,4.905719280E0,-1.075714779E1,1.596932530E0
4.678283692E0,4.673481941E0,-1.048181534E1,1.309628367E0
4.680297852E0,4.462791920E0,-1.029027843E1,1.086967587E0
4.682220459E0,4.177882195E0,-1.009156036E1,1.003170490E0
4.684204102E0,3.840299606E0,-9.873687744E0,9.265560508E-1
4.686157227E0,3.548206806E0,-9.713275909E0,7.302315235E-1
4.688171387E0,3.342305660E0,-9.624691010E0,6.009446383E-1
4.690124512E0,3.162740469E0,-9.598354340E0,5.578489900E-1
4.692077637E0,2.944868088E0,-9.572018623E0,6.057330370E-1
4.694030762E0,2.731784105E0,-9.488221169E0,6.631938815E-1
4.696014405E0,2.573766708E0,-9.344569206E0,6.536170840E-1
4.697937012E0,2.437297344E0,-9.229647636E0,6.751648784E-1
4.699951172E0,2.319981337E0,-9.131484985E0,7.302315235E-1
4.701904297E0,2.293645144E0,-8.985439301E0,7.254431248E-1
4.703887940E0,2.339135170E0,-8.815450668E0,6.607996821E-1
4.705841065E0,2.456450939E0,-8.544905663E0,6.248866320E-1
4.707855225E0,2.597708941E0,-8.192957878E0,6.129156351E-1
4.709808350E0,2.774879694E0,-7.793126583E0,5.363011956E-1
4.711791993E0,3.007117271E0,-7.400477409E0,3.040636182E-1
4.713745118E0,3.308786631E0,-7.077260017E0,4.788403213E-2
4.715728760E0,3.505111217E0,-6.876147270E0,-8.140286058E-2
4.717651368E0,3.471592426E0,-6.799532890E0,-1.771709323E-1
4.719665528E0,3.272873640E0,-6.789956093E0,-3.806780577E-1
4.721588135E0,3.134010077E0,-6.801927090E0,-6.727706790E-1
4.723571778E0,3.057395458E0,-6.854599476E0,-8.858546019E-1
4.725524903E0,3.004723072E0,-6.909666061E0,-1.019929886E0
4.727539063E0,2.995146275E0,-6.933608055E0,-1.168370485E0
4.729492188E0,3.031059265E0,-6.912060261E0,-1.369483352E0
4.731475830E0,3.110068083E0,-6.868964672E0,-1.525106430E0
4.733428955E0,3.208230257E0,-6.868964672E0,-1.704671621E0
4.735412598E0,3.323152065E0,-6.931213856E0,-1.802833915E0
4.737335205E0,3.430891037E0,-7.036558628E0,-1.857900500E0
4.739349366E0,3.514688015E0,-7.137115479E0,-1.898601890E0
4.741271973E0,3.634398222E0,-7.204153061E0,-1.915361404E0
4.743255616E0,3.799597979E0,-7.242460251E0,-1.898601890E0
4.745239258E0,3.979163170E0,-7.307103634E0,-1.824381709E0
4.747222901E0,4.139574528E0,-7.393294811E0,-1.733402014E0
4.749176026E0,4.304774761E0,-7.481880188E0,-1.661576033E0
4.751159668E0,4.489128113E0,-7.560888767E0,-1.616086125E0
4.753112793E0,4.592078686E0,-7.671022415E0,-1.537077546E0
4.755096436E0,4.577713490E0,-7.841010571E0,-1.407790542E0
4.757049561E0,4.489128113E0,-8.051700592E0,-1.213860273E0
4.759033203E0,4.333505154E0,-8.264783859E0,-9.983820915E-1
4.760955811E0,4.141968727E0,-8.468291283E0,-7.781155705E-1
4.762969971E0,3.948038578E0,-8.655038834E0,-5.339069963E-1
4.764892578E0,3.864241600E0,-8.734047890E0,-3.998316824E-1
4.766906739E0,3.732560396E0,-8.868123055E0,-1.268926859E-1
4.768829346E0,3.634398222E0,-9.004592896E0,1.508347094E-1
4.770843506E0,3.567360640E0,-9.153033257E0,3.974374831E-1
4.772796631E0,3.524264812E0,-9.287108421E0,6.200982332E-1
4.774780274E0,3.447650433E0,-9.423578262E0,8.403648138E-1
4.776733399E0,3.318363667E0,-9.569623947E0,1.120486379E0
4.778717041E0,3.157952070E0,-9.686940193E0,1.417367458E0
4.780639649E0,3.050212860E0,-9.718064308E0,1.640028119E0
4.782653809E0,3.105279684E0,-9.684545517E0,1.778891921E0
4.784606934E0,3.220201254E0,-9.670180321E0,1.857900500E0
4.786621094E0,3.270479441E0,-9.725247383E0,1.908178806E0
4.788543701E0,3.179499865E0,-9.806650162E0,1.939303398E0
4.790557862E0,2.966415882E0,-9.864110947E0,1.905784607E0
4.792510987E0,2.784456491E0,-9.866505623E0,1.867477298E0
4.794494629E0,2.652775526E0,-9.816226959E0,1.807622313E0
4.796447754E0,2.602497339E0,-9.737217903E0,1.821987510E0
4.798431397E0,2.497152328E0,-9.696516991E0,1.898601890E0
4.800354004E0,2.396595955E0,-9.660603523E0,1.996764183E0
4.802368164E0,2.334346771E0,-9.622296333E0,2.030282974E0
4.804321289E0,2.207453966E0,-9.598354340E0,2.037465572E0
4.806335450E0,2.011129379E0,-9.538499832E0,2.063801765E0
4.808258057E0,1.790862918E0,-9.433155060E0,2.080561161E0
4.810272217E0,1.623268723E0,-9.272743225E0,2.049436569E0
4.812225342E0,1.443703651E0,-9.059659004E0,1.903390408E0
4.814208985E0,1.118092179E0,-8.805873871E0,1.644816518E0
4.816162110E0,6.631938815E-1,-8.564059258E0,1.388636947E0
4.818145752E0,7.422025502E-2,-8.348581314E0,1.244984865E0
4.820068360E0,-6.895300746E-1,-8.195352554E0,1.185129881E0
4.822082520E0,-1.611297727E0,-8.204929352E0,1.173158884E0
4.824035645E0,-2.506729126E0,-8.425195694E0,1.082179189E0
4.826019287E0,-2.961627483E0,-8.746018410E0,5.506663918E-1
4.827972412E0,-2.667140722E0,-8.920795441E0,-6.895300746E-1
4.829956055E0,-1.774103403E0,-8.856152534E0,-1.553836942E0
4.831878662E0,-7.278373241E-1,-8.647856712E0,-1.453280449E0
4.833892823E0,1.460463107E-1,-8.449137688E0,-6.177040339E-1
4.835815430E0,7.781155705E-1,-8.382100105E0,3.256114423E-1
4.837799073E0,1.331176162E0,-8.305485725E0,9.959878922E-1
4.839752198E0,1.929726601E0,-8.106766701E0,1.551442742E0
4.841735840E0,2.492363930E0,-7.797914982E0,2.171540976E0
4.843658448E0,3.076549292E0,-7.508216381E0,3.033453465E0
4.845672608E0,3.780444384E0,-7.319074631E0,4.189853191E0
4.847595215E0,4.443638325E0,-7.137115479E0,5.420472622E0
4.849609375E0,4.967968464E0,-6.897695065E0,6.411672115E0
4.851562500E0,5.434837818E0,-6.703764915E0,7.096413612E0
4.853546143E0,5.779603004E0,-6.567295074E0,7.532158375E0
4.855468750E0,5.949591160E0,-6.471527100E0,7.738059998E0
4.857482910E0,6.062118530E0,-6.478709698E0,7.742848396E0
4.859405518E0,6.117185116E0,-6.540958881E0,7.783549786E0
4.861389160E0,6.174646378E0,-6.727706909E0,7.905653954E0
4.863342285E0,6.114790916E0,-6.885724068E0,7.860164165E0
4.865356446E0,6.019022942E0,-6.947973251E0,7.546523571E0
4.867309571E0,5.913678169E0,-6.931213856E0,6.919242859E0
4.869262696E0,5.820304394E0,-6.983886242E0,6.095637321E0
4.871215821E0,5.719748020E0,-7.173028469E0,5.370194435E0
4.873199463E0,5.576095581E0,-7.414842606E0,4.821922302E0
4.875122071E0,5.432443619E0,-7.644686222E0,4.240131378E0
4.877136231E0,5.327098846E0,-7.867346764E0,3.555389643E0
4.879089356E0,5.228936672E0,-8.073247910E0,2.786850691E0
4.881072998E0,5.149928093E0,-8.259995461E0,2.001552582E0
4.883026123E0,5.090072632E0,-8.396465302E0,1.182735682E0
4.885040284E0,5.030217648E0,-8.513781548E0,4.165911078E-1
4.886962891E0,4.939238071E0,-8.710105896E0,-1.819593310E-1
4.888946534E0,4.843470097E0,-9.011775017E0,-5.746083856E-1
4.890899659E0,4.690241337E0,-9.294290543E0,-8.547300100E-1
4.892883301E0,4.522646904E0,-9.490615845E0,-1.146822572E0
4.894805909E0,4.326322556E0,-9.643844604E0,-1.489193439E0
4.896820069E0,4.106055737E0,-9.768342972E0,-1.802833915E0
4.898742676E0,3.912125587E0,-9.890447617E0,-2.006340981E0
4.900726319E0,3.792415380E0,-1.001733971E1,-2.099714994E0
4.902679444E0,3.730166197E0,-1.012029076E1,-2.116474390E0
4.904693604E0,3.636792421E0,-1.015380955E1,-2.073378563E0
4.906646729E0,3.593696833E0,-1.012986755E1,-1.965639591E0
4.908599854E0,3.622427225E0,-1.011550236E1,-1.781286120E0
4.910552979E0,3.672705412E0,-1.013704967E1,-1.539471745E0
4.912536621E0,3.725377798E0,-1.016578007E1,-1.261744261E0
4.914459229E0,3.744531393E0,-1.015141487E1,-1.003170490E0
4.916473389E0,3.790021181E0,-1.008198357E1,-7.565677166E-1
4.918395996E0,3.900154591E0,-9.976638794E0,-5.386953950E-1
4.920379639E0,4.055777550E0,-9.888052940E0,-2.992752194E-1
4.922332764E0,4.206612587E0,-9.832986832E0,1.197100803E-2
4.924316407E0,4.333505154E0,-9.768342972E0,3.280056417E-1
4.926239014E0,4.465186119E0,-9.686940193E0,6.105214357E-1
4.928253174E0,4.599261284E0,-9.603142738E0,9.457096457E-1
4.930206299E0,4.683058739E0,-9.514557838E0,1.314416766E0
4.932220459E0,4.697423935E0,-9.414001465E0,1.630451322E0
4.934143067E0,4.685452938E0,-9.299078941E0,1.898601890E0
4.936157227E0,4.651933670E0,-9.200917244E0,2.147598982E0
4.938110352E0,4.570530891E0,-9.129091263E0,2.382230759E0
4.940093994E0,4.446032524E0,-9.050082207E0,2.619256735E0
4.942077637E0,4.292803764E0,-8.963891029E0,2.832340717E0
4.944061280E0,4.151545525E0,-8.899248123E0,3.026270866E0
4.946014405E0,4.015076160E0,-8.875306129E0,3.201047659E0
4.947998047E0,3.892971992E0,-8.875306129E0,3.378218651E0
4.949951172E0,3.847482204E0,-8.872911453E0,3.478775024E0
4.951934815E0,3.794809580E0,-8.860940933E0,3.691859007E0
4.953887940E0,3.823540211E0,-8.836998940E0,3.883395195E0
4.955871582E0,3.943250179E0,-8.803479195E0,4.050989151E0
4.957794190E0,4.086902142E0,-8.789113998E0,4.201824188E0
4.959808350E0,4.232948780E0,-8.767566681E0,4.292803764E0
4.961761475E0,4.371812344E0,-8.774748802E0,4.333505154E0
4.963775635E0,4.477157116E0,-8.832210541E0,4.319139957E0
4.965698243E0,4.489128113E0,-8.896853447E0,4.252102375E0
4.967712403E0,4.453215122E0,-8.947132111E0,4.151545525E0
4.969635010E0,4.422090530E0,-8.978256226E0,4.046200752E0
4.971618653E0,4.395754337E0,-9.014169693E0,3.957615376E0
4.973541260E0,4.367023945E0,-9.088389397E0,3.895366192E0
4.975524903E0,4.343081951E0,-9.148244858E0,3.821146011E0
4.977447510E0,4.328716755E0,-9.157821655E0,3.696647406E0
4.979461670E0,4.355052948E0,-9.100360870E0,3.555389643E0
4.981414795E0,4.393360138E0,-8.997409821E0,3.447650433E0
4.983398438E0,4.410119534E0,-8.887276649E0,3.359065056E0
4.985351563E0,4.422090530E0,-8.774748802E0,3.294421434E0
4.987335205E0,4.398148537E0,-8.681375504E0,3.265691042E0
4.989257813E0,4.297592163E0,-8.588001251E0,3.244143248E0
4.991271973E0,4.098873138E0,-8.504204750E0,3.229778051E0
4.993225098E0,3.845088005E0,-8.437167168E0,3.229778051E0
4.995208741E0,3.600879431E0,-8.365341187E0,3.220201254E0
4.997131348E0,3.392583847E0,-8.293514252E0,3.193865061E0
4.999145508E0,3.217807055E0,-8.212111473E0,3.138798475E0
5.001098633E0,3.074155092E0,-8.087613106E0,3.078943491E0
5.003082276E0,2.966415882E0,-7.922413349E0,3.007117271E0
5.005035401E0,2.908955097E0,-7.716512203E0,2.918531895E0
5.007019043E0,2.908955097E0,-7.469909191E0,2.853888512E0
5.008941651E0,2.911349297E0,-7.220912457E0,2.798821688E0
5.010955811E0,2.868253708E0,-7.043741226E0,2.767697096E0
5.012878418E0,2.717418909E0,-7.036558628E0,2.825158119E0
5.014862061E0,2.466027737E0,-7.194576263E0,2.930502892E0
5.016815186E0,2.226607561E0,-7.388506413E0,2.940079689E0
5.018798828E0,2.059013367E0,-7.536946774E0,2.851494312E0
5.020751953E0,1.977610588E0,-7.656657219E0,2.717418909E0
5.022735596E0,1.951274395E0,-7.762001991E0,2.566584110E0
5.024688721E0,1.941697598E0,-7.850587368E0,2.430114746E0
5.026641846E0,1.917755604E0,-7.903259754E0,2.341529369E0
5.028594971E0,1.872265697E0,-7.934384346E0,2.298433542E0
5.030609131E0,1.821987510E0,-7.948749542E0,2.250549555E0
5.032562256E0,1.769315004E0,-7.955932140E0,2.147598982E0
5.034545899E0,1.719036818E0,-7.960720539E0,2.015917778E0
5.036499024E0,1.695094824E0,-7.963114738E0,1.953668594E0
5.038482666E0,1.668758631E0,-7.958326340E0,1.829170108E0
5.040405274E0,1.683123827E0,-7.929595947E0,1.702277422E0
5.042419434E0,1.747767210E0,-7.876923561E0,1.613691926E0
5.044342041E0,1.833958507E0,-7.814674377E0,1.568202138E0
5.046325684E0,1.884236693E0,-7.776367188E0,1.580173135E0
5.048278809E0,1.917755604E0,-7.738059998E0,1.654393315E0
5.050262451E0,1.972822189E0,-7.685387611E0,1.771709204E0
5.052185059E0,2.025494576E0,-7.644686222E0,1.939303398E0
5.054199219E0,2.090138197E0,-7.620744228E0,2.111685991E0
5.056121826E0,2.176329374E0,-7.580042362E0,2.298433542E0
5.058105469E0,2.260126352E0,-7.529764175E0,2.521094322E0
5.060058594E0,2.358288765E0,-7.460332394E0,2.762908697E0
5.062072754E0,2.420537949E0,-7.362170219E0,2.932897091E0
5.063995362E0,2.379836559E0,-7.213729858E0,3.019088268E0
5.065948487E0,2.243366957E0,-7.034164429E0,3.153163671E0
5.067901612E0,2.094926596E0,-6.892906666E0,3.414131641E0
5.069885254E0,2.047042370E0,-6.845022678E0,3.763684988E0
5.071807862E0,2.102109194E0,-6.883329868E0,4.089296341E0
5.073822022E0,2.317587137E0,-6.926425457E0,4.314351559E0
5.075744629E0,2.715024710E0,-6.950367451E0,4.469974518E0
5.077728272E0,3.153163671E0,-6.969521046E0,4.537012100E0
5.079681397E0,3.529053211E0,-7.058106422E0,4.462791920E0
5.081695557E0,3.828328609E0,-7.204153061E0,4.299986362E0
5.083648682E0,4.115632534E0,-7.295132637E0,4.144362926E0
5.085601807E0,4.438849926E0,-7.331045628E0,3.974374771E0
5.087554932E0,4.711789131E0,-7.462726593E0,3.758896589E0
5.089538575E0,4.766855717E0,-7.802703381E0,3.572149038E0
5.091461182E0,4.551377296E0,-8.339004517E0,3.411737442E0
5.093475342E0,4.175487995E0,-8.947132111E0,3.260902643E0
5.095397950E0,3.758896589E0,-9.483432770E0,3.098097086E0
5.097381592E0,3.368641853E0,-9.900024414E0,2.875436306E0
5.099334717E0,3.050212860E0,-1.015141487E1,2.674323320E0
5.101348877E0,2.858676910E0,-1.023521233E1,2.513911724E0
5.103302002E0,2.722207308E0,-1.021366405E1,2.406172752E0
5.105285645E0,2.650381327E0,-1.009634876E1,2.319981337E0
5.107238770E0,2.645592928E0,-9.878476143E0,2.224213362E0
5.109222412E0,2.808398485E0,-9.330204010E0,1.936909199E0
5.111145020E0,3.021482468E0,-8.559270859E0,1.611297727E0
5.113159180E0,2.985569477E0,-8.044517517E0,1.400607944E0
5.115081787E0,2.882618904E0,-7.917624950E0,1.343147159E0
5.117065430E0,2.583343744E0,-7.793126583E0,1.283292055E0
5.119018555E0,2.224213362E0,-7.757213593E0,1.209071875E0
5.121032715E0,1.843535304E0,-7.778761387E0,1.089361787E0
5.122955323E0,1.434126854E0,-7.814674377E0,9.624691010E-1
5.124938965E0,1.010353088E0,-7.848193169E0,8.475474119E-1
5.126892090E0,6.248866320E-1,-7.836222172E0,7.182605267E-1
5.128875733E0,3.375824392E-1,-7.759607792E0,5.602431893E-1
5.130798340E0,9.576806426E-2,-7.685387611E0,4.046200812E-1
5.132812500E0,-1.173158810E-1,-7.606379032E0,2.825157940E-1
5.134735108E0,-2.681505978E-1,-7.484274387E0,2.154781520E-1
5.136718750E0,-3.663128614E-1,-7.359776020E0,1.987187415E-1
5.138702393E0,-4.429273009E-1,-7.302315235E0,3.160346150E-1
5.140686035E0,-4.357447028E-1,-7.232883453E0,5.243301988E-1
5.142639160E0,-3.303998411E-1,-7.091625214E0,6.823474765E-1
5.144622803E0,-2.130839527E-1,-6.909666061E0,8.571242094E-1
5.146575928E0,-4.788403213E-2,-6.718130112E0,1.278503656E0
5.148559571E0,1.149216816E-1,-6.600813866E0,1.745373011E0
5.150512696E0,2.130839527E-1,-6.572083473E0,2.078166962E0
5.152496338E0,2.609679997E-1,-6.584054470E0,2.336740971E0
5.154418946E0,3.399766386E-1,-6.543353081E0,2.492363930E0
5.156433106E0,4.022258818E-1,-6.483498096E0,2.564189911E0
5.158386231E0,3.734954596E-1,-6.473921299E0,2.640804529E0
5.160400391E0,2.442085743E-1,-6.572083473E0,2.784456491E0
5.162322998E0,1.077390760E-1,-6.770802498E0,2.968810081E0
5.164337159E0,5.985504389E-2,-6.993463039E0,3.107673883E0
5.166290284E0,6.943184882E-2,-7.192182064E0,3.165134668E0
5.168273926E0,8.858546615E-2,-7.381323814E0,3.184288263E0
5.170227051E0,1.675941199E-1,-7.599195957E0,3.222595453E0
5.172210694E0,3.375824392E-1,-7.864952564E0,3.308786631E0
5.174133301E0,5.913678408E-1,-8.195352554E0,3.450044632E0
5.176147461E0,8.834604025E-1,-8.506598473E0,3.572149038E0
5.178100586E0,1.230619669E0,-8.779537201E0,3.725377798E0
5.180084229E0,1.666364431E0,-9.016563416E0,3.809175014E0
5.182006836E0,2.176329374E0,-9.229647636E0,3.699041605E0
5.184020996E0,2.762908697E0,-9.378087997E0,3.572149038E0
5.185974121E0,3.383007050E0,-9.378087997E0,3.378218651E0
5.187957764E0,4.022258759E0,-9.270348549E0,3.117250681E0
5.189910889E0,4.596867085E0,-9.133879662E0,2.930502892E0
5.191894532E0,5.006275654E0,-9.006986618E0,2.688688517E0
5.193817139E0,5.281609058E0,-8.894459724E0,2.413355350E0
5.195831299E0,5.449203014E0,-8.810662270E0,2.169146776E0
5.197784424E0,5.489904404E0,-8.805873871E0,1.934514999E0
5.199798584E0,5.458779812E0,-8.892065048E0,1.788468719E0
5.201721192E0,5.310339451E0,-9.069235802E0,1.659181833E0
5.203735352E0,5.030217648E0,-9.301473618E0,1.501164436E0
5.205688477E0,4.714183331E0,-9.528923035E0,1.426944256E0
5.207672119E0,4.378994942E0,-9.713275909E0,1.498770237E0
5.209625244E0,4.067748547E0,-9.835380554E0,1.671152830E0
5.211608887E0,3.952826977E0,-9.864110947E0,1.764526606E0
5.213531494E0,3.775655985E0,-9.847352028E0,1.944091797E0
5.215545655E0,3.658340216E0,-9.773131371E0,2.205059767E0
5.217498780E0,3.531447411E0,-9.694122314E0,2.513911724E0
5.219482422E0,3.399766445E0,-9.605537415E0,2.865859509E0
5.221435547E0,3.256114244E0,-9.488221169E0,3.138798475E0
5.223419190E0,3.105279684E0,-9.387664795E0,3.220201254E0
5.225341797E0,3.002328873E0,-9.267954826E0,3.457227230E0
5.227355957E0,2.956839085E0,-9.145850182E0,3.833117008E0
5.229278565E0,2.954444885E0,-9.033323288E0,4.240131378E0
5.231262207E0,2.916137695E0,-8.882488251E0,4.589684486E0
5.233215332E0,2.892195702E0,-8.700529099E0,4.944026470E0
5.235229493E0,2.865859509E0,-8.511386871E0,5.312733650E0
5.237152100E0,2.808398485E0,-8.334216118E0,5.671864033E0
5.239135743E0,2.760514498E0,-8.164227486E0,6.107608318E0
5.241058350E0,2.762908697E0,-8.034940720E0,6.598419666E0
5.243041993E0,2.736572504E0,-7.965508938E0,7.050923824E0
5.244995118E0,2.652775526E0,-7.931990147E0,7.225700855E0
5.247009278E0,2.549824715E0,-7.893682957E0,7.074865818E0
5.248962403E0,2.461239338E0,-7.833827972E0,6.931213856E0
5.250946045E0,2.401384354E0,-7.790732384E0,6.900089264E0
5.252899170E0,2.379836559E0,-7.781155586E0,6.909666061E0
5.254882813E0,2.418143749E0,-7.812280178E0,6.873753071E0
5.256835938E0,2.403778553E0,-7.845798969E0,6.691793919E0
5.258819580E0,2.296039343E0,-7.929595947E0,6.361393929E0
5.260772705E0,2.169146776E0,-8.101978302E0,5.899312973E0
5.262756348E0,2.047042370E0,-8.269572258E0,5.269638062E0
5.264678955E0,1.944091797E0,-8.403648376E0,4.453215122E0
5.266693116E0,1.917755604E0,-8.513781548E0,3.375824451E0
5.268646241E0,1.975216389E0,-8.588001251E0,2.116474390E0
5.270629883E0,2.087743998E0,-8.647856712E0,8.307880163E-1
5.272715004E0,2.310404539E0,-8.664615631E0,-4.118026793E-1
5.274729164E0,2.559401512E0,-8.628703117E0,-1.525106430E0
5.276651771E0,2.770091295E0,-8.556877136E0,-2.319981337E0
5.278665932E0,2.925714493E0,-8.511386871E0,-2.590526342E0
5.280619057E0,2.985569477E0,-8.571242332E0,-2.288856745E0
5.282602699E0,2.937685490E0,-8.820239067E0,-1.441309452E0
5.284525307E0,2.755726099E0,-9.251194954E0,-2.394201756E-1
5.286539467E0,2.463633537E0,-9.768342972E0,1.101332784E0
5.288492592E0,2.142810583E0,-1.025915432E1,2.477998734E0
5.290476234E0,1.877054095E0,-1.064940929E1,3.895366192E0
5.292429359E0,1.754949808E0,-1.089601231E1,5.267243862E0
5.294443519E0,1.793257117E0,-1.091995430E1,6.404489517E0
5.296396644E0,2.001552582E0,-1.069968700E1,7.163451672E0
5.298380287E0,2.418143749E0,-1.018493366E1,7.510610580E0
5.300333412E0,3.105279684E0,-9.258378029E0,7.534552574E0
5.302317055E0,3.744531393E0,-8.269572258E0,7.438784599E0
5.304239662E0,4.024652958E0,-7.611167431E0,7.266402245E0
5.306253822E0,3.940855980E0,-7.331045628E0,7.019799232E0
5.308206947E0,3.670311213E0,-7.275979042E0,6.766014099E0
5.310190590E0,3.366247654E0,-7.287950039E0,6.572083473E0
5.312143715E0,3.117250681E0,-7.275979042E0,6.418854713E0
5.314127357E0,3.016694069E0,-7.264008045E0,6.356605530E0
5.316080482E0,2.853888512E0,-7.244854450E0,6.277596951E0
5.318064125E0,2.719813108E0,-7.244854450E0,6.234501362E0
5.320017250E0,2.607285738E0,-7.278373241E0,6.184223175E0
5.322000893E0,2.513911724E0,-7.352593422E0,6.095637321E0
5.323923500E0,2.406172752E0,-7.453149796E0,5.961562157E0
5.325937660E0,2.281674147E0,-7.544129372E0,5.772420406E0
5.327890785E0,2.166752577E0,-7.601590633E0,5.556941986E0
5.329874428E0,2.085349798E0,-7.635109425E0,5.348646641E0
5.331827553E0,2.030282974E0,-7.644686222E0,5.125985622E0
5.333841713E0,2.003946781E0,-7.615955830E0,4.879383087E0
5.335794838E0,1.994369984E0,-7.560888767E0,4.604049683E0
5.337778480E0,1.984793186E0,-7.496245384E0,4.323928356E0
5.339731605E0,1.989581585E0,-7.426813602E0,4.034229755E0
5.341715248E0,1.970427990E0,-7.417236805E0,3.730166197E0
5.343637855E0,1.948880196E0,-7.450755596E0,3.418920040E0
5.345652016E0,1.941697598E0,-7.498639584E0,3.117250681E0
5.347605141E0,1.886630893E0,-7.599195957E0,2.834734917E0
5.349588783E0,1.810016513E0,-7.714118004E0,2.588132143E0
5.351541908E0,1.750161409E0,-7.788338184E0,2.339135170E0
5.353525551E0,1.721431017E0,-7.819462776E0,2.099714994E0
5.355448158E0,1.702277422E0,-7.824251175E0,1.865083098E0
5.357431801E0,1.632845521E0,-7.862558365E0,1.649604917E0
5.359354408E0,1.367089152E0,-8.085219383E0,1.532289028E0
5.361338051E0,9.265560508E-1,-8.461109161E0,1.496376038E0
5.363291176E0,5.937620401E-1,-8.743624687E0,1.405396342E0
5.365305336E0,4.525041282E-1,-8.858546257E0,1.307234168E0
5.367258461E0,4.189853072E-1,-8.863334656E0,1.154005170E0
5.369242103E0,3.663128614E-1,-8.848969460E0,9.097966552E-1
5.371195228E0,2.633621991E-1,-8.822632790E0,6.560112834E-1
5.373178871E0,1.484405100E-1,-8.774748802E0,4.189853072E-1
5.375131996E0,6.943184882E-2,-8.695740700E0,2.394201756E-1
5.377115639E0,2.154781483E-2,-8.631096840E0,1.364694983E-1
5.379068764E0,-2.394201607E-2,-8.607154846E0,1.005564705E-1
5.381052406E0,-1.436521020E-2,-8.580819130E0,1.149216816E-1
5.382975014E0,1.388636976E-1,-8.348581314E0,1.029506698E-1
5.384989174E0,4.237737060E-1,-7.771578789E0,-3.351882473E-2
5.386942299E0,4.692635238E-1,-7.192182064E0,-1.675941199E-1
5.388925941E0,1.101332754E-1,-6.703764915E0,-3.160346150E-1
5.390879066E0,-3.974374831E-1,-6.090848923E0,-5.003881454E-1
5.392862709E0,-7.278373241E-1,-5.130774021E0,-8.020575643E-1
5.394815834E0,-8.738836050E-1,-3.983951569E0,-1.120486379E0
5.396799477E0,-8.427590132E-1,-2.887407303E0,-1.211466074E0
5.398752602E0,-4.141969085E-1,-2.188300371E0,-9.959878922E-1
5.400736244E0,6.919242740E-1,-2.209848166E0,-5.315127969E-1
5.402658852E0,2.317587137E0,-2.873042107E0,-3.830722719E-2
5.404673012E0,4.000710964E0,-3.907337189E0,3.591302633E-1
5.406626137E0,4.692635536E0,-4.477157116E0,5.051765442E-1
5.408609779E0,5.518634796E0,-5.681440830E0,7.254431248E-1
5.410562904E0,5.556941986E0,-6.957550049E0,8.738836050E-1
5.412546547E0,4.989516258E0,-8.183381081E0,1.024718285E0
5.414469154E0,4.173093796E0,-9.299078941E0,1.197100878E0
5.416483314E0,3.368641853E0,-1.028070164E1,1.292868972E0
5.418405922E0,2.717418909E0,-1.105881786E1,1.268926859E0
5.420359047E0,2.363077164E0,-1.159990692E1,1.098938584E0
5.422312172E0,2.252943754E0,-1.199255657E1,9.385270476E-1
5.424295814E0,2.298433542E0,-1.229183197E1,8.714894056E-1
5.426218422E0,2.403778553E0,-1.248576164E1,8.690952063E-1
5.428232582E0,2.595314741E0,-1.261744308E1,8.523358107E-1
5.430155189E0,2.930502892E0,-1.270363426E1,8.307880163E-1
5.432138832E0,3.392583847E0,-1.278264332E1,7.805097699E-1
5.434091957E0,3.837905407E0,-1.298375607E1,8.212111592E-1
5.436106117E0,4.206612587E0,-1.328542519E1,9.504981041E-1
5.438028725E0,4.627991676E0,-1.339795303E1,9.361328483E-1
5.439981850E0,5.032611847E0,-1.329260826E1,7.948749661E-1
5.441934975E0,5.298368454E0,-1.314895535E1,6.967126727E-1
5.443918617E0,5.461174011E0,-1.312261963E1,7.685387731E-1
5.445841225E0,5.559336185E0,-1.314656162E1,1.034295082E0
5.447855385E0,5.607220173E0,-1.301248646E1,1.244984865E0
5.449808510E0,5.571307182E0,-1.276588345E1,1.359906554E0
5.451792152E0,5.403713226E0,-1.262701988E1,1.484405041E0
5.453745277E0,5.118803024E0,-1.267250919E1,1.723825216E0
5.455728920E0,4.740519524E0,-1.281855583E1,2.135627985E0
5.457651527E0,4.288015366E0,-1.293587208E1,2.614468336E0
5.459665687E0,3.900154591E0,-1.287362289E1,3.040636063E0
5.461588295E0,3.646369219E0,-1.263899040E1,3.447650433E0
5.463602455E0,3.509899616E0,-1.231098557E1,3.873818398E0
5.465525062E0,3.450044632E0,-1.194467258E1,4.278438568E0
5.467539223E0,3.375824451E0,-1.159511852E1,4.685452938E0
5.469492348E0,3.287238836E0,-1.137964058E1,5.226542473E0
5.471475990E0,3.311181068E0,-1.126711273E1,5.918466568E0
5.473398598E0,3.294421434E0,-1.125993061E1,6.675034523E0
5.475382240E0,3.241749048E0,-1.121204662E1,7.302315235E0
5.477304848E0,3.189076662E0,-1.106599998E1,7.690176010E0
5.479319008E0,3.136404276E0,-1.093431950E1,7.862558365E0
5.481241615E0,3.117250681E0,-1.091516590E1,7.898471355E0
5.483225258E0,3.050212860E0,-1.103008747E1,7.848193169E0
5.485178383E0,2.801215887E0,-1.136767006E1,7.596801758E0
5.487162025E0,2.470816135E0,-1.175313568E1,7.316680431E0
5.489084633E0,2.205059767E0,-1.206677628E1,6.947973251E0
5.491098793E0,1.898601890E0,-1.233732128E1,6.483498096E0
5.493021400E0,1.663970232E0,-1.258631802E1,5.968744755E0
5.495035561E0,1.472434044E0,-1.288319969E1,5.437232018E0
5.496958168E0,1.235408068E0,-1.318247414E1,4.831499100E0
5.498972328E0,1.022324085E0,-1.341710663E1,4.139574528E0
5.500925453E0,8.762778044E-1,-1.366610336E1,3.452438831E0
5.502909096E0,6.703764796E-1,-1.401326275E1,2.928108692E0
5.504862221E0,3.567360640E-1,-1.450646782E1,2.456450939E0
5.506876381E0,2.394201607E-2,-1.506192303E1,1.905784607E0
5.508829506E0,-5.985504389E-2,-1.533007336E1,1.185129881E0
5.510813148E0,4.094084799E-1,-1.497573185E1,3.280056417E-1
5.512766273E0,1.338358760E0,-1.410184765E1,-5.937620401E-1
5.514749916E0,2.303221941E0,-1.308670616E1,-1.534683347E0
5.516672523E0,2.949656487E0,-1.225113010E1,-2.528276920E0
5.518686684E0,3.222595453E0,-1.165257931E1,-3.500322819E0
5.520609291E0,2.944868088E0,-1.151132202E1,-4.357447147E0
5.522592934E0,1.999158382E0,-1.197340298E1,-5.030217648E0
5.524546059E0,8.834604025E-1,-1.250012684E1,-5.762843609E0
5.526529701E0,-8.858546615E-2,-1.280658531E1,-6.694188118E0
5.528482826E0,-7.134721279E-1,-1.288319969E1,-7.718906403E0
5.530466469E0,-1.118092179E0,-1.294544888E1,-8.382100105E0
5.532389076E0,-1.438915253E0,-1.302685165E1,-8.611943245E0
5.534372719E0,-1.723825216E0,-1.302685165E1,-8.738836288E0
5.536295326E0,-2.025494576E0,-1.293347740E1,-8.839392662E0
5.538309486E0,-2.427720547E0,-1.279940224E1,-8.781931877E0
5.540262611E0,-2.940079689E0,-1.262223148E1,-8.499416351E0
5.542246254E0,-3.416525841E0,-1.241872406E1,-7.977479935E0
5.544168861E0,-3.830722809E0,-1.219127464E1,-7.242460251E0
5.546183021E0,-4.225766182E0,-1.194946098E1,-6.418854713E0
5.548105629E0,-4.560954094E0,-1.168370438E1,-5.631162167E0
5.550089271E0,-4.853046894E0,-1.138203526E1,-4.910507679E0
5.552011879E0,-5.099649429E0,-1.103726959E1,-4.261679173E0
5.553995521E0,-5.252878666E0,-1.065898609E1,-3.715801001E0
5.555918129E0,-5.279214859E0,-1.021127033E1,-3.299209833E0
5.557932289E0,-5.157110691E0,-9.725247383E0,-2.937685490E0
5.559885414E0,-4.939238071E0,-9.267954826E0,-2.554613113E0
5.561869057E0,-4.687847137E0,-8.848969460E0,-2.233790159E0
5.563822182E0,-4.560954094E0,-8.623914719E0,-2.154781580E0
5.565836342E0,-4.220977783E0,-7.778761387E0,-2.260126352E0
5.567789467E0,-4.127603531E0,-7.462726593E0,-2.355894566E0
5.569773109E0,-3.993528366E0,-6.840234280E0,-2.647987127E0
5.571726234E0,-4.029441357E0,-6.220136166E0,-3.160346270E0
5.573709877E0,-4.244919777E0,-5.518634796E0,-3.746925592E0
5.575632484E0,-4.575319290E0,-4.695029736E0,-4.220977783E0
5.577646644E0,-4.884171486E0,-3.746925592E0,-4.525041103E0
5.579599769E0,-5.018246651E0,-2.849100113E0,-4.496310711E0
5.581613930E0,-4.855441093E0,-2.293645144E0,-4.039018154E0
5.583536537E0,-4.429273129E0,-2.264914751E0,-3.258508444E0
5.585550697E0,-3.837905407E0,-2.722207308E0,-2.339135170E0
5.587473305E0,-3.112462282E0,-3.459621429E0,-1.460463047E0
5.589456947E0,-2.142810583E0,-4.235342979E0,-6.512228847E-1
5.591379555E0,-9.576807022E-1,-5.008669853E0,1.197100803E-2
5.593363197E0,1.843535304E-1,-5.822698593E0,5.315127969E-1
5.595285805E0,1.127668977E0,-6.639121532E0,9.313444495E-1
5.597299965E0,1.862688899E0,-7.407660007E0,1.321599364E0
5.599253090E0,2.370259762E0,-8.118738174E0,1.642422318E0
5.601236732E0,2.595314741E0,-8.817844391E0,1.862688899E0
5.603189857E0,2.640804529E0,-9.502586365E0,1.975216389E0
5.605173500E0,2.628833532E0,-1.020408726E1,1.987187386E0
5.607157143E0,2.573766708E0,-1.094629002E1,2.054224968E0
5.609171303E0,2.564189911E0,-1.159511852E1,2.128445387E0
5.611124428E0,2.662352324E0,-1.214817905E1,2.128445387E0
5.613108070E0,2.918531895E0,-1.262223148E1,2.020706177E0
5.615061195E0,3.332728863E0,-1.304839897E1,1.814804912E0
5.617075355E0,3.926490784E0,-1.339795303E1,1.580173135E0
5.618997963E0,4.596867085E0,-1.363258457E1,1.271321058E0
5.621012123E0,5.204994678E0,-1.376905441E1,8.116343617E-1
5.622965248E0,5.779603004E0,-1.382651520E1,1.101332754E-1
5.624979408E0,6.361393929E0,-1.390312958E1,-7.158663273E-1
5.626902016E0,7.000645638E0,-1.393425369E1,-1.505952835E0
5.628916176E0,7.699752808E0,-1.383848572E1,-2.178723574E0
5.630869301E0,8.324639320E0,-1.370919895E1,-2.482787132E0
5.632852943E0,8.894459724E0,-1.357512379E1,-2.363077164E0
5.634806068E0,9.421183586E0,-1.327824306E1,-2.121262789E0
5.636820228E0,9.794678688E0,-1.286643982E1,-1.829170108E0
5.638773353E0,1.000536919E1,-1.250012684E1,-1.467645645E0
5.640756996E0,1.017296314E1,-1.223676491E1,-1.072602391E0
5.642710121E0,1.022802925E1,-1.199973869E1,-7.374141216E-1
5.644693764E0,1.009395409E1,-1.166215611E1,-4.285621047E-1
5.646616371E0,9.777919769E0,-1.129823780E1,-9.816227108E-2
5.648630531E0,9.248801231E0,-1.100614548E1,1.843535304E-1
5.650583656E0,8.561665535E0,-1.077630138E1,3.806780577E-1
5.652597816E0,7.884106159E0,-1.053448772E1,5.195417404E-1
5.654520424E0,7.237671852E0,-1.030703831E1,6.057330370E-1
5.656534584E0,6.588842869E0,-1.011071396E1,5.746083856E-1
5.658487709E0,5.940014362E0,-9.962273598E0,4.525041282E-1
5.660471352E0,5.248090267E0,-9.849745750E0,2.633621991E-1
5.662393959E0,4.539406300E0,-9.749189377E0,6.224924326E-2
5.664408119E0,3.866635799E0,-9.679757118E0,-1.005564705E-1
5.666330727E0,3.280056238E0,-9.641449928E0,-3.040636182E-1
5.668314369E0,2.705447912E0,-9.610325813E0,-6.105214357E-1
5.670267494E0,2.360682964E0,-9.595960617E0,-7.541735172E-1
5.672251137E0,1.635239720E0,-9.567230225E0,-9.792284966E-1
5.674173744E0,9.504981041E-1,-9.550470352E0,-1.149216771E0
5.676187904E0,2.609679997E-1,-9.619902611E0,-1.271321058E0
5.678110512E0,-4.620809257E-1,-9.773131371E0,-1.371877551E0
5.680094154E0,-1.086967587E0,-9.921571732E0,-1.522712231E0
5.682047279E0,-1.594538331E0,-1.008437729E1,-1.611297727E0
5.684061439E0,-2.078166962E0,-1.029746151E1,-1.623268723E0
5.686014564E0,-2.547430515E0,-1.053448772E1,-1.630451322E0
5.687998207E0,-2.978386879E0,-1.077390766E1,-1.647210717E0
5.689920814E0,-3.351882458E0,-1.100614548E1,-1.659181833E0
5.691904457E0,-3.655946016E0,-1.120246983E1,-1.805228114E0
5.693827064E0,-3.842693806E0,-1.130302620E1,-1.996764183E0
5.695841225E0,-3.928884983E0,-1.135809326E1,-1.946485996E0
5.697794350E0,-3.936067581E0,-1.142991924E1,-1.802833915E0
5.699777992E0,-3.885789394E0,-1.152329254E1,-1.675941229E0
5.701700600E0,-3.782838583E0,-1.159751320E1,-1.601720929E0
5.703714760E0,-3.574543238E0,-1.159990692E1,-1.537077546E0
5.705637367E0,-3.315969467E0,-1.159751320E1,-1.436521053E0
5.707621010E0,-3.114856482E0,-1.166694450E1,-1.252167463E0
5.709574135E0,-2.966415882E0,-1.179623222E1,-9.720458984E-1
5.711588295E0,-2.817975283E0,-1.194946098E1,-5.985504389E-1
5.713541420E0,-2.628833532E0,-1.210029507E1,-1.891419291E-1
5.715525062E0,-2.394201756E0,-1.221521664E1,1.987187415E-1
5.717478187E0,-2.145204782E0,-1.225591850E1,5.099649429E-1
5.719461830E0,-1.900996208E0,-1.224394703E1,7.398083210E-1
5.721384437E0,-1.666364431E0,-1.219606304E1,9.241618514E-1
5.723398598E0,-1.467645645E0,-1.209071827E1,1.070208192E0
5.725321205E0,-1.309628367E0,-1.193030739E1,1.180341482E0
5.727304848E0,-1.194706678E0,-1.172440529E1,1.249773264E0
5.729257973E0,-1.096544385E0,-1.149216843E1,1.271321058E0
5.731241615E0,-9.768342972E-1,-1.125514221E1,1.242590666E0
5.733164223E0,-8.283938169E-1,-1.100375080E1,1.158793569E0
5.735178383E0,-6.799532771E-1,-1.074278259E1,1.034295082E0
5.737100990E0,-5.770025849E-1,-1.052491093E1,8.714894056E-1
5.739084633E0,-5.243301988E-1,-1.031182671E1,6.727706790E-1
5.741037758E0,-5.458779931E-1,-1.008916569E1,4.979939461E-1
5.743021400E0,-6.033388376E-1,-9.873687744E0,3.088520169E-1
5.744944008E0,-6.895300746E-1,-9.629479408E0,9.576806426E-2
5.746958168E0,-8.044517636E-1,-9.390059471E0,-1.268926859E-1
5.748880775E0,-8.714894056E-1,-9.284713745E0,-2.394201756E-1
5.750894936E0,-1.027112484E0,-8.930372238E0,-5.865794420E-1
5.752817543E0,-1.077390790E0,-8.796297073E0,-7.015010715E-1
5.754831703E0,-1.206677675E0,-8.532935143E0,-9.074024558E-1
5.756784828E0,-1.362300754E0,-8.271966934E0,-1.036689281E0
5.758768471E0,-1.522712231E0,-8.008605003E0,-1.113303781E0
5.760721596E0,-1.709460020E0,-7.759607792E0,-1.132457376E0
5.762705238E0,-1.953668594E0,-7.565677166E0,-1.060631394E0
5.764658363E0,-2.226607561E0,-7.436390400E0,-9.983820915E-1
5.766642006E0,-2.568978310E0,-7.393294811E0,-9.097966552E-1
5.768564613E0,-3.215412855E0,-7.350199223E0,-8.212111592E-1
5.770548256E0,-3.567360640E0,-7.139509678E0,-8.236053586E-1
5.772562416E0,-3.521870613E0,-7.024587631E0,-5.817909837E-1
5.774576576E0,-3.299209833E0,-7.086836815E0,-3.184288144E-1
5.776529701E0,-3.002328873E0,-7.201758862E0,-1.747767180E-1
5.778513344E0,-2.705447912E0,-7.304709435E0,-3.830722719E-2
5.780466469E0,-2.480392933E0,-7.374141216E0,8.140286058E-2
5.782450111E0,-2.214636564E0,-7.376535416E0,1.508347094E-1
5.784372719E0,-1.903390408E0,-7.402871609E0,1.963245422E-1
5.786386879E0,-1.599326730E0,-7.491456985E0,1.723825186E-1
5.788309486E0,-1.393425345E0,-7.635109425E0,1.340752989E-1
5.790323646E0,-1.252167463E0,-7.793126583E0,1.580173075E-1
5.792276771E0,-1.175553083E0,-7.984662533E0,2.011129409E-1
5.794260414E0,-1.127668977E0,-8.190564156E0,2.849099934E-1
5.796183021E0,-1.072602391E0,-8.394071579E0,4.094084799E-1
5.798197182E0,-9.983820915E-1,-8.578424454E0,6.081272364E-1
5.800150307E0,-9.409212470E-1,-8.702922821E0,8.762778044E-1
5.802133949E0,-9.313444495E-1,-8.810662270E0,1.113303781E0
5.804087074E0,-1.005564690E0,-8.916007042E0,1.254561663E0
5.806070717E0,-1.204283476E0,-9.023746490E0,1.340752959E0
5.807993324E0,-1.522712231E0,-9.112331390E0,1.465251446E0
5.810007484E0,-1.845929503E0,-9.236829758E0,1.319205165E0
5.811930092E0,-2.008735180E0,-9.469067574E0,6.919242740E-1
5.813883217E0,-2.018311977E0,-9.794678688E0,-3.830722719E-2
5.815836342E0,-2.025494576E0,-1.019451046E1,-6.248866320E-1
5.817819984E0,-2.068590164E0,-1.062067890E1,-1.096544385E0
5.819742592E0,-2.152387381E0,-1.108275986E1,-1.553836942E0
5.821756752E0,-2.152387381E0,-1.153286934E1,-1.903390408E0
5.823679359E0,-1.908178806E0,-1.173398209E1,-2.061407566E0
5.825663002E0,-1.357512355E0,-1.158314800E1,-1.956062794E0
5.827616127E0,-4.884171486E-1,-1.107318306E1,-1.549048543E0
5.829630287E0,6.320692301E-1,-1.032619190E1,-8.810662031E-1
5.831552894E0,1.810016513E0,-9.555258751E0,-2.202665508E-1
5.833536537E0,2.825158119E0,-8.887276649E0,1.388636976E-1
5.835489662E0,3.579331636E0,-8.394071579E0,8.858546615E-2
5.837473305E0,4.053383350E0,-8.082824707E0,-2.657563984E-1
5.839395912E0,4.206612587E0,-7.984662533E0,-4.788403511E-1
5.841410072E0,4.493916512E0,-7.850587368E0,-8.690952063E-1
5.843332680E0,4.556165695E0,-7.841010571E0,-8.307880163E-1
5.845316322E0,4.654327869E0,-7.826645374E0,-5.195417404E-1
5.847269447E0,4.783615112E0,-7.802703381E0,-2.873042040E-2
5.849253090E0,4.948814869E0,-7.788338184E0,4.740519226E-1
5.851175697E0,5.102043629E0,-7.838616371E0,8.331822157E-1
5.853159340E0,5.219359875E0,-7.946355343E0,8.906430602E-1
5.855112465E0,5.274426460E0,-8.116343498E0,6.416460276E-1
5.857096107E0,5.288791656E0,-8.307879448E0,2.202665508E-1
5.859018715E0,5.276820660E0,-8.516175270E0,-2.298433632E-1
5.861032875E0,5.291185856E0,-8.734047890E0,-6.153098345E-1
5.862955482E0,5.384559631E0,-8.911218643E0,-9.385270476E-1
5.864939125E0,5.535394192E0,-9.045293808E0,-1.223437071E0
5.866922768E0,5.635950565E0,-9.179368973E0,-1.482010841E0
5.868906410E0,5.674258232E0,-9.287108421E0,-1.678335428E0
5.870859535E0,5.669469833E0,-9.373299599E0,-1.810016513E0
5.872812660E0,5.612008572E0,-9.454702377E0,-1.889025092E0
5.874765785E0,5.497087002E0,-9.528923035E0,-1.879448295E0
5.876749428E0,5.312733650E0,-9.607931137E0,-1.795651317E0
5.878672035E0,5.039794445E0,-9.679757118E0,-1.699883223E0
5.880686195E0,4.714183331E0,-9.713275909E0,-1.616086125E0
5.882608803E0,4.376600742E0,-9.722852707E0,-1.534683347E0
5.884592445E0,4.024652958E0,-9.696516991E0,-1.441309452E0
5.886545570E0,3.620033026E0,-9.658209801E0,-1.314416766E0
5.888529213E0,3.189076662E0,-9.624691010E0,-1.165976286E0
5.890482338E0,2.772485495E0,-9.588777542E0,-1.005564690E0
5.892465980E0,2.394201756E0,-9.538499832E0,-8.379706144E-1
5.894419105E0,2.044648170E0,-9.507374763E0,-6.727706790E-1
5.896402748E0,1.685518026E0,-9.516951561E0,-5.315127969E-1
5.898325355E0,1.331176162E0,-9.533711433E0,-4.165911078E-1
5.900339516E0,1.022324085E0,-9.524134636E0,-3.663128614E-1
5.902262123E0,7.996633649E-1,-9.469067574E0,-3.711012602E-1
5.904245766E0,6.727706790E-1,-9.387664795E0,-4.141969085E-1
5.906198891E0,5.722141862E-1,-9.303867340E0,-4.860229492E-1
5.908182533E0,4.908113480E-1,-9.229647636E0,-5.578489900E-1
5.910135658E0,4.141969085E-1,-9.188945770E0,-6.105214357E-1
5.912119301E0,3.280056417E-1,-9.184157372E0,-6.440402865E-1
5.914072426E0,2.250549644E-1,-9.208099365E0,-6.416460276E-1
5.916056068E0,8.858546615E-2,-9.258378029E0,-6.464344859E-1
5.917978676E0,2.394201700E-3,-9.294290543E0,-6.751648784E-1
5.919992836E0,-1.915361285E-1,-9.392453194E0,-7.924807668E-1
5.921945961E0,-3.926490843E-1,-9.516951561E0,-9.265560508E-1
5.923929603E0,-6.224924326E-1,-9.677363396E0,-1.027112484E0
5.925882728E0,-8.690952063E-1,-9.837775230E0,-1.110909581E0
5.927866371E0,-1.110909581E0,-9.971850395E0,-1.161187768E0
5.929788978E0,-1.302445769E0,-1.006761837E1,-1.154005170E0
5.931803139E0,-1.391031146E0,-1.010353088E1,-1.027112484E0
5.933756264E0,-1.379060149E0,-1.008916569E1,-7.900865674E-1
5.935770424E0,-1.309628367E0,-1.006043530E1,-4.908113480E-1
5.937693031E0,-1.254561663E0,-1.002931118E1,-2.178723514E-1
5.939707191E0,-1.244984865E0,-1.001015759E1,-2.154781483E-2
5.941660316E0,-1.273715258E0,-1.001494598E1,9.576806426E-2
5.943643959E0,-1.302445769E0,-1.001255131E1,1.532289088E-1
5.945597084E0,-1.316810966E0,-9.993397713E0,1.747767180E-1
5.947580727E0,-1.288080573E0,-9.950302124E0,1.580173075E-1
5.949533852E0,-1.201889277E0,-9.883264542E0,1.173158810E-1
5.951517494E0,-1.063025594E0,-9.811438560E0,7.422025502E-2
5.953440102E0,-8.834604025E-1,-9.739612579E0,3.830722719E-2
5.955454262E0,-6.847416759E-1,-9.670180321E0,3.351882473E-2
5.957376869E0,-4.884171486E-1,-9.598354340E0,7.182604820E-2
5.959391029E0,-3.184288144E-1,-9.536105156E0,9.576806426E-2
5.961313637E0,-2.106897533E-1,-9.493009567E0,6.703764945E-2
5.963327797E0,-1.699883193E-1,-9.466673851E0,-1.436521020E-2
5.965280922E0,-1.651999205E-1,-9.449913979E0,-1.316810995E-1
5.967264564E0,-1.747767180E-1,-9.425971985E0,-2.322375625E-1
5.969217689E0,-1.771709323E-1,-9.404424667E0,-3.064578176E-1
5.971201332E0,-1.532289088E-1,-9.394847870E0,-3.639186621E-1
5.973123939E0,-9.576806426E-2,-9.385271072E0,-4.165911078E-1
5.975138100E0,-4.309562966E-2,-9.358934402E0,-4.740519226E-1
5.977060707E0,-1.197100803E-2,-9.334992409E0,-5.386953950E-1
5.979074867E0,7.182605099E-3,-9.323021889E0,-6.081272364E-1
5.980997475E0,1.675941236E-2,-9.323021889E0,-6.871358752E-1
5.983011635E0,1.915361360E-2,-9.344569206E0,-7.565677166E-1
5.984964760E0,9.576806799E-3,-9.375694275E0,-8.355764151E-1
5.986948402E0,-2.154781483E-2,-9.404424667E0,-9.337386489E-1
5.988901527E0,-5.027823523E-2,-9.411606789E0,-1.074996591E0
5.990885170E0,-8.858546615E-2,-9.414001465E0,-1.244984865E0
5.992807777E0,-1.580173075E-1,-9.483432770E0,-1.395819545E0
5.994791420E0,-2.418143749E-1,-9.619902611E0,-1.510741234E0
5.996775062E0,-3.016694188E-1,-9.763554573E0,-1.613691926E0
5.998758705E0,-3.232172430E-1,-9.830592155E0,-1.716642618E0
6.000711830E0,-3.375824392E-1,-9.866505623E0,-1.810016513E0
6.002695473E0,-3.926490843E-1,-9.945513725E0,-1.891419291E0
6.004618080E0,-4.189853072E-1,-1.001015759E1,-1.948880196E0
6.006632240E0,-3.447650373E-1,-1.003170490E1,-1.912967205E0
6.008554848E0,-2.298433632E-1,-1.006043530E1,-1.771709204E0
6.010507973E0,-1.795651317E-1,-1.008916569E1,-1.687912226E0
6.012461098E0,-1.149216816E-1,-1.018014526E1,-1.549048543E0
6.014444740E0,-8.379705995E-2,-1.025436592E1,-1.498770237E0
6.016367348E0,-5.746084079E-2,-1.026394272E1,-1.553836942E0
6.018381508E0,-1.675941236E-2,-1.016099167E1,-1.671152830E0
6.020304115E0,3.112462163E-2,-1.002691650E1,-1.740584612E0
6.022287758E0,4.070143029E-2,-9.952696800E0,-1.716642618E0
6.024271400E0,-9.576806799E-3,-9.943120003E0,-1.637633920E0
6.026255043E0,-1.197100878E-1,-1.001015759E1,-1.558625340E0
6.028208168E0,-2.466027737E-1,-1.014662647E1,-1.532289028E0
6.030191811E0,-3.639186621E-1,-1.029746151E1,-1.568202138E0
6.032144936E0,-4.309563041E-1,-1.036689377E1,-1.678335428E0
6.034159096E0,-4.572925270E-1,-1.036449909E1,-1.826775908E0
6.036081703E0,-4.572925270E-1,-1.034534550E1,-1.936909199E0
6.038095863E0,-4.309563041E-1,-1.036210537E1,-1.948880196E0
6.040018471E0,-4.070142806E-1,-1.041477776E1,-1.848323703E0
6.042002113E0,-3.711012602E-1,-1.047463226E1,-1.671152830E0
6.043924721E0,-3.112462163E-1,-1.051054573E1,-1.458068848E0
6.045908363E0,-2.609679997E-1,-1.054885292E1,-1.244984865E0
6.047830971E0,-2.442085743E-1,-1.058476543E1,-1.074996591E0
6.049845131E0,-2.585737705E-1,-1.059913063E1,-9.361328483E-1
6.051798256E0,-2.920926213E-1,-1.062786102E1,-8.116343617E-1
6.053781898E0,-3.016694188E-1,-1.066377449E1,-6.799532771E-1
6.055704506E0,-2.226607651E-1,-1.063983250E1,-5.195417404E-1
6.057718666E0,-1.197100878E-1,-1.056800652E1,-2.585737705E-1
6.059641273E0,-9.576806799E-3,-1.048660374E1,9.097966552E-2
6.061624916E0,2.633621991E-1,-1.036928749E1,4.812345505E-1
6.063547523E0,6.847416759E-1,-1.027112484E1,8.020575643E-1
6.065531166E0,1.058237195E0,-1.024239445E1,9.552865028E-1
6.067453773E0,1.319205165E0,-1.027112484E1,9.050082564E-1
6.069467934E0,1.510741234E0,-1.033816338E1,6.847416759E-1
6.071421059E0,1.695094824E0,-1.039801788E1,3.758896589E-1
6.073404701E0,1.915361404E0,-1.041477776E1,7.422025502E-2
6.075357826E0,2.149993181E0,-1.040759468E1,-1.675941199E-1
6.077341469E0,2.339135170E0,-1.039801788E1,-3.447650373E-1
6.079294594E0,2.451662540E0,-1.040998936E1,-4.884171486E-1
6.081278236E0,2.504334927E0,-1.044350815E1,-6.105214357E-1
6.083200844E0,2.509123325E0,-1.049857426E1,-7.062895298E-1
6.085184486E0,2.485181332E0,-1.056321812E1,-7.948749661E-1
6.087107094E0,2.470816135E0,-1.060391903E1,-8.283938169E-1
6.089121254E0,2.437297344E0,-1.068771648E1,-8.810662031E-1
6.091074379E0,2.410961151E0,-1.075954247E1,-9.097966552E-1
6.093088539E0,2.382230759E0,-1.083855152E1,-9.121908545E-1
6.095011146E0,2.341529369E0,-1.091037750E1,-8.978256583E-1
6.097025307E0,2.298433542E0,-1.099178028E1,-8.547300100E-1
6.098947914E0,2.257732153E0,-1.108994198E1,-7.781155705E-1
6.100931557E0,2.214636564E0,-1.120486355E1,-6.823474765E-1
6.102854164E0,2.161964178E0,-1.133654499E1,-5.674257874E-1
6.104837807E0,2.106897593E0,-1.146343803E1,-4.333505034E-1
6.106760414E0,2.035071373E0,-1.159990692E1,-2.777273953E-1
6.108774574E0,1.939303398E0,-1.175792408E1,-8.858546615E-2
6.110727699E0,1.812410712E0,-1.191594219E1,1.388636976E-1
6.112711342E0,1.661576033E0,-1.206438255E1,3.663128614E-1
6.114664467E0,1.505952835E0,-1.221042824E1,5.530605912E-1
6.116648109E0,1.371877551E0,-1.234450436E1,6.991068721E-1
6.118570717E0,1.242590666E0,-1.246660805E1,8.331822157E-1
6.120584877E0,1.139639974E0,-1.258392429E1,9.600749016E-1
6.122538002E0,1.067813993E0,-1.269166279E1,1.067813993E0
6.124521644E0,1.022324085E0,-1.277546024E1,1.161187768E0
6.126474769E0,9.840168953E-1,-1.283292103E1,1.237802267E0
6.128458412E0,9.409212470E-1,-1.286883450E1,1.295263171E0
6.130381019E0,8.978256583E-1,-1.288319969E1,1.352723956E0
6.132395180E0,8.403648138E-1,-1.288798809E1,1.419761658E0
6.134348305E0,7.517793179E-1,-1.288319969E1,1.525106430E0
6.136331947E0,6.272808313E-1,-1.285207462E1,1.707065821E0
6.138254555E0,5.554547906E-1,-1.284489250E1,1.766920805E0
6.140268715E0,5.913678408E-1,-1.286404610E1,1.668758631E0
6.142221840E0,6.536170840E-1,-1.290235329E1,1.534683347E0
6.144205482E0,6.536170840E-1,-1.295981407E1,1.455674648E0
6.146158607E0,5.889736414E-1,-1.303164005E1,1.429338455E0
6.148142250E0,4.860229492E-1,-1.311783123E1,1.434126854E0
6.150064857E0,3.471592367E-1,-1.322317600E1,1.465251446E0
6.152079018E0,1.795651317E-1,-1.334049225E1,1.515529633E0
6.154001625E0,-1.675941236E-2,-1.346259594E1,1.556231141E0
6.155985268E0,-2.442085743E-1,-1.357751751E1,1.572990537E0
6.157938393E0,-4.788403511E-1,-1.369962215E1,1.577778935E0
6.159952553E0,-7.086837292E-1,-1.382651520E1,1.580173135E0
6.161905678E0,-9.385270476E-1,-1.394861889E1,1.596932530E0
6.163889320E0,-1.165976286E0,-1.405396366E1,1.644816518E0
6.165842445E0,-1.388636947E0,-1.414733791E1,1.702277422E0
6.167826088E0,-1.611297727E0,-1.422634697E1,1.786074519E0
6.169748695E0,-1.802833915E0,-1.429577827E1,1.922544003E0
6.171762855E0,-1.968033791E0,-1.433648014E1,2.090138197E0
6.173685463E0,-2.039859772E0,-1.434366226E1,2.176329374E0
6.175669105E0,-2.154781580E0,-1.434366226E1,2.353500366E0
6.177622230E0,-2.226607561E0,-1.431253815E1,2.535459518E0
6.179605873E0,-2.274491549E0,-1.423352909E1,2.681505919E0
6.181528480E0,-2.303221941E0,-1.412818432E1,2.796427488E0
6.183542641E0,-2.305616140E0,-1.400368595E1,2.911349297E0
6.185465248E0,-2.305616140E0,-1.386482239E1,3.019088268E0
6.187418373E0,-2.303221941E0,-1.370680428E1,3.119644880E0
6.189371498E0,-2.262520552E0,-1.353681660E1,3.215412855E0
6.191355141E0,-2.183511972E0,-1.337401104E1,3.292027235E0
6.193277748E0,-2.063801765E0,-1.323035812E1,3.332728863E0
6.195291908E0,-1.922544003E0,-1.307712936E1,3.318363667E0
6.197245033E0,-1.781286120E0,-1.291671848E1,3.272873640E0
6.199228676E0,-1.666364431E0,-1.274672985E1,3.215412855E0
6.201242836E0,-1.575384736E0,-1.258152962E1,3.148375273E0
6.203256996E0,-1.486799240E0,-1.241154194E1,3.064578056E0
6.205210121E0,-1.393425345E0,-1.222958183E1,2.961627483E0
6.207193764E0,-1.280897856E0,-1.204522896E1,2.832340717E0
6.209116371E0,-1.168370485E0,-1.185608673E1,2.676717520E0
6.211130531E0,-1.063025594E0,-1.165976238E1,2.506729126E0
6.213053139E0,-9.528923035E-1,-1.145625496E1,2.317587137E0
6.215036781E0,-8.451532125E-1,-1.125274754E1,2.094926596E0
6.216989906E0,-7.422025204E-1,-1.107557678E1,1.853112102E0
6.218973549E0,-6.296750307E-1,-1.091995430E1,1.599326730E0
6.220896156E0,-5.195417404E-1,-1.077630138E1,1.335964561E0
6.222910316E0,-4.237737060E-1,-1.064222622E1,1.060631394E0
6.224863441E0,-3.519476354E-1,-1.050336266E1,7.852981687E-1
6.226816566E0,-2.992752194E-1,-1.036449909E1,5.099649429E-1
6.228769691E0,-2.633621991E-1,-1.023760605E1,2.418143749E-1
6.230783852E0,-2.513911724E-1,-1.010831928E1,-1.915361360E-2
6.232736977E0,-2.729389966E-1,-9.969455719E0,-2.657563984E-1
6.234720619E0,-3.208230138E-1,-9.840168953E0,-5.027823448E-1
6.236673744E0,-3.998316824E-1,-9.727641106E0,-7.422025204E-1
6.238657387E0,-5.003881454E-1,-9.622296333E0,-9.864110947E-1
6.240579994E0,-6.296750307E-1,-9.540893555E0,-1.218648672E0
6.242594154E0,-7.733271718E-1,-9.476250648E0,-1.419761658E0
6.244547279E0,-9.241618514E-1,-9.409213066E0,-1.575384736E0
6.246530922E0,-1.089361787E0,-9.354146004E0,-1.683123827E0
6.248453529E0,-1.249773264E0,-9.313444138E0,-1.742978811E0
6.250467689E0,-1.381454349E0,-9.301473618E0,-1.781286120E0
6.252390297E0,-1.498770237E0,-9.303867340E0,-1.795651317E0
6.254373939E0,-1.623268723E0,-9.325415611E0,-1.781286120E0
6.256327064E0,-1.742978811E0,-9.361329079E0,-1.747767210E0
6.258341225E0,-1.845929503E0,-9.406818390E0,-1.704671621E0
6.260294350E0,-1.944091797E0,-9.461885452E0,-1.647210717E0
6.262277992E0,-2.047042370E0,-9.528923035E0,-1.572990537E0
6.264231117E0,-2.140416384E0,-9.603142738E0,-1.501164436E0
6.266214760E0,-2.183511972E0,-9.636661530E0,-1.470039845E0
6.268167885E0,-2.245761156E0,-9.686940193E0,-1.422155857E0
6.270151527E0,-2.293645144E0,-9.703699112E0,-1.400607944E0
6.272104652E0,-2.355894566E0,-9.706093788E0,-1.391031146E0
6.274088295E0,-2.410961151E0,-9.715670586E0,-1.379060149E0
6.276071937E0,-2.420537949E0,-9.720458984E0,-1.379060149E0
6.278086098E0,-2.346317768E0,-9.706093788E0,-1.470039845E0
6.280039223E0,-2.164358377E0,-9.686940193E0,-1.604115129E0
6.282022865E0,-1.968033791E0,-9.706093788E0,-1.697489023E0
6.283975990E0,-1.845929503E0,-9.749189377E0,-1.745373011E0
6.285959633E0,-1.781286120E0,-9.799467087E0,-1.750161409E0
6.287882240E0,-1.754949808E0,-9.866505623E0,-1.719036818E0
6.289896400E0,-1.738190413E0,-9.935936928E0,-1.637633920E0
6.291819008E0,-1.726219416E0,-1.000297451E1,-1.501164436E0
6.293802650E0,-1.687912226E0,-1.007001209E1,-1.323993564E0
6.295755775E0,-1.613691926E0,-1.013704967E1,-1.134851575E0
6.297739418E0,-1.517923832E0,-1.019451046E1,-9.385270476E-1
6.299662025E0,-1.412579060E0,-1.022324085E1,-7.493851185E-1
6.301676186E0,-1.300051570E0,-1.023760605E1,-5.961562395E-1
6.303629311E0,-1.177947283E0,-1.022802925E1,-4.692635238E-1
6.305612953E0,-9.840168953E-1,-1.020169353E1,-3.758896589E-1
6.307535561E0,-6.775590777E-1,-1.017535686E1,-3.423708379E-1
6.309549721E0,-4.405331016E-1,-1.017535686E1,-2.873041928E-1
6.311502846E0,-3.471592367E-1,-1.020648193E1,-1.675941199E-1
6.313486488E0,-3.160346150E-1,-1.026394272E1,-5.985504389E-2
6.315439613E0,-2.178723514E-1,-1.032379818E1,-1.675941236E-2
6.317423256E0,-3.591302410E-2,-1.034774017E1,-2.394201607E-2
6.319345863E0,1.795651317E-1,-1.035971069E1,-5.027823523E-2
6.321360023E0,3.734954596E-1,-1.037647057E1,-7.182604820E-2
6.323282631E0,5.219359994E-1,-1.039083576E1,-8.379705995E-2
6.325235756E0,6.416460276E-1,-1.042435455E1,-9.337386489E-2
6.327188881E0,8.451532125E-1,-1.046984386E1,-1.675941199E-1
6.329172523E0,1.211466074E0,-1.050336266E1,-3.854664862E-1
6.331095131E0,1.647210717E0,-1.051293945E1,-7.302315235E-1
6.333109291E0,1.932120800E0,-1.050336266E1,-1.048660398E0
6.335031898E0,1.960851192E0,-1.051054573E1,-1.197100878E0
6.337015541E0,1.889025092E0,-1.053927612E1,-1.233013868E0
6.338968666E0,1.817199111E0,-1.059913063E1,-1.247379065E0
6.340952309E0,1.714248419E0,-1.068292809E1,-1.187524080E0
6.342905434E0,1.625662923E0,-1.081939793E1,-1.024718285E0
6.344889076E0,1.453280449E0,-1.093910789E1,-8.643068075E-1
6.346842201E0,1.170764685E0,-1.098938560E1,-7.182605267E-1
6.348825844E0,9.337386489E-1,-1.100135708E1,-5.746083856E-1
6.350748451E0,8.523358107E-1,-1.100375080E1,-5.219359994E-1
6.352762611E0,7.541735172E-1,-1.101572227E1,-4.501099288E-1
6.354685219E0,6.847416759E-1,-1.101093388E1,-4.333505034E-1
6.356668861E0,5.626373887E-1,-1.098699188E1,-4.908113480E-1
6.358652504E0,3.088520169E-1,-1.096304989E1,-5.626373887E-1
6.360636146E0,4.309562966E-2,-1.092474270E1,-6.799532771E-1
6.362589271E0,-5.746084079E-2,-1.088643551E1,-8.595184088E-1
6.364572914E0,-5.267243832E-2,-1.084812832E1,-1.043871999E0
6.366526039E0,-5.027823523E-2,-1.081700325E1,-1.204283476E0
6.368509682E0,-1.364694983E-1,-1.079545593E1,-1.304839969E0
6.370432289E0,-3.064578176E-1,-1.078348446E1,-1.328781962E0
6.372446449E0,-4.860229492E-1,-1.076672459E1,-1.309628367E0
6.374369057E0,-6.105214357E-1,-1.073320580E1,-1.233013868E0
6.376352699E0,-6.991068721E-1,-1.069968700E1,-1.077390790E0
6.378275307E0,-8.259995580E-1,-1.067813969E1,-8.762778044E-1
6.380258949E0,-9.816226959E-1,-1.063264942E1,-6.631938815E-1
6.382181557E0,-1.144428372E0,-1.055842972E1,-4.740519226E-1
6.384195717E0,-1.297657371E0,-1.046266174E1,-3.016694188E-1
6.386148842E0,-1.422155857E0,-1.036689377E1,-1.077390760E-1
6.388132484E0,-1.520318031E0,-1.026394272E1,1.005564705E-1
6.390085609E0,-1.580173135E0,-1.014423275E1,3.040636182E-1
6.392069252E0,-1.637633920E0,-1.002452278E1,5.123591423E-1
6.393991859E0,-1.776497602E0,-9.907206535E0,7.086837292E-1
6.396006019E0,-1.764526606E0,-9.763554573E0,7.781155705E-1
6.397928627E0,-1.563413739E0,-9.624691010E0,7.661445141E-1
6.399942787E0,-1.398213744E0,-9.514557838E0,7.733271718E-1
6.401865394E0,-1.326387763E0,-9.430760384E0,7.637503147E-1
6.403879555E0,-1.300051570E0,-9.358934402E0,7.134721279E-1
6.405832680E0,-1.273715258E0,-9.294290543E0,6.368576288E-1
6.407816322E0,-1.242590666E0,-9.224859238E0,5.410895944E-1
6.409769447E0,-1.201889277E0,-9.143456459E0,4.405331016E-1
6.411753090E0,-1.146822572E0,-9.057265282E0,3.471592367E-1
6.413675697E0,-1.101332784E0,-8.975862503E0,2.873041928E-1
6.415659340E0,-1.096544385E0,-8.916007042E0,2.370259613E-1
6.417612465E0,-1.106121182E0,-8.860940933E0,1.723825186E-1
6.419626625E0,-1.101332784E0,-8.813055992E0,1.125274822E-1
6.421549232E0,-1.110909581E0,-8.779537201E0,7.182604820E-2
6.423563393E0,-1.127668977E0,-8.731653214E0,3.591302410E-2
6.425516518E0,-1.146822572E0,-8.683769226E0,1.436521020E-2
6.427500160E0,-1.163581967E0,-8.638279915E0,4.788403399E-3
6.429453285E0,-1.175553083E0,-8.607154846E0,4.788403399E-3
6.431436928E0,-1.163581967E0,-8.588001251E0,0.000000000E0
6.433390053E0,-1.182735682E0,-8.576030731E0,2.154781483E-2
6.435373695E0,-1.252167463E0,-8.597578049E0,9.576806426E-2
6.437296303E0,-1.285686255E0,-8.611943245E0,1.460463107E-1
6.439279945E0,-1.316810966E0,-8.616731644E0,2.489969730E-1
6.441202553E0,-1.309628367E0,-8.614337921E0,3.208230138E-1
6.443216713E0,-1.307234168E0,-8.616731644E0,3.758896589E-1
6.445169838E0,-1.333570361E0,-8.623914719E0,4.309563041E-1
6.447183998E0,-1.386242747E0,-8.635885239E0,4.788403511E-1
6.449106605E0,-1.448492050E0,-8.638279915E0,5.386953950E-1
6.451120766E0,-1.513135433E0,-8.633491516E0,6.344634295E-1
6.453073891E0,-1.544260144E0,-8.631096840E0,7.326257229E-1
6.455118568E0,-1.537077546E0,-8.640673637E0,7.876923680E-1
6.457071693E0,-1.505952835E0,-8.655038834E0,8.140285611E-1
6.459085853E0,-1.484405041E0,-8.678980827E0,8.307880163E-1
6.461008461E0,-1.477222443E0,-8.690952301E0,8.355764151E-1
6.463022621E0,-1.477222443E0,-8.671798706E0,8.619126081E-1
6.464975746E0,-1.489193439E0,-8.662221909E0,8.930372596E-1
6.466959389E0,-1.510741234E0,-8.664615631E0,9.121908545E-1
6.468912514E0,-1.553836942E0,-8.664615631E0,9.481038451E-1
6.470896156E0,-1.594538331E0,-8.671798706E0,9.600749016E-1
6.472818764E0,-1.505952835E0,-8.676587105E0,9.097966552E-1
6.474832924E0,-1.247379065E0,-8.671798706E0,8.619126081E-1
6.476786049E0,-9.552865028E-1,-8.683769226E0,8.882488012E-1
6.478769691E0,-7.350199223E-1,-8.722076416E0,9.792284966E-1
6.480722816E0,-6.009446383E-1,-8.762778282E0,1.077390790E0
6.482706459E0,-5.363011956E-1,-8.789113998E0,1.122880578E0
6.484659584E0,-5.147533417E-1,-8.820239067E0,1.120486379E0
6.486643227E0,-4.908113480E-1,-8.836998940E0,1.106121182E0
6.488596352E0,-4.812345505E-1,-8.848969460E0,1.094150186E0
6.490579994E0,-4.764461517E-1,-8.853757858E0,1.089361787E0
6.492502602E0,-4.788403511E-1,-8.858546257E0,1.072602391E0
6.494516762E0,-4.716577232E-1,-8.868123055E0,1.058237195E0
6.496469887E0,-4.405331016E-1,-8.846575737E0,1.036689281E0
6.498484047E0,-3.998316824E-1,-8.822632790E0,1.005564690E0
6.500406654E0,-3.615244627E-1,-8.791508675E0,9.361328483E-1
6.502420814E0,-3.303998411E-1,-8.738836288E0,8.643068075E-1
6.504373939E0,-3.136404157E-1,-8.688557625E0,8.116343617E-1
6.506357582E0,-2.944868207E-1,-8.628703117E0,7.541735172E-1
6.508310707E0,-2.825157940E-1,-8.564059258E0,6.751648784E-1
6.510294350E0,-2.729389966E-1,-8.506598473E0,5.841852427E-1
6.512216957E0,-2.873041928E-1,-8.465897560E0,4.932055473E-1
6.514231117E0,-3.327940404E-1,-8.410830498E0,4.094084799E-1
6.516184242E0,-3.998316824E-1,-8.348581314E0,3.471592367E-1
6.518167885E0,-4.932055473E-1,-8.288725853E0,2.920926213E-1
6.520121010E0,-6.464344859E-1,-8.236053467E0,2.346317619E-1
6.522104652E0,-9.600749016E-1,-8.197746277E0,1.963245422E-1
6.524027260E0,-1.233013868E0,-8.137891769E0,1.556231081E-1
6.526041420E0,-1.173158884E0,-8.039729118E0,8.379705995E-2
6.527964027E0,-9.600749016E-1,-7.943961143E0,1.197100803E-2
6.529947670E0,-8.499416113E-1,-7.855375767E0,-5.746084079E-2
6.531900795E0,-8.762778044E-1,-7.778761387E0,-1.053448766E-1
6.533884437E0,-1.007958889E0,-7.718906403E0,-1.340752989E-1
6.535807045E0,-1.098938584E0,-7.692570210E0,-1.484405100E-1
6.537821205E0,-1.302445769E0,-7.649474621E0,-1.867477298E-1
6.539743812E0,-1.515529633E0,-7.596801758E0,-2.298433632E-1
6.541727455E0,-1.692700624E0,-7.548917770E0,-2.801215947E-1
6.543680580E0,-1.843535304E0,-7.501033783E0,-3.040636182E-1
6.545664223E0,-1.963245392E0,-7.431602001E0,-2.920926213E-1
6.547586830E0,-2.066195965E0,-7.354987621E0,-2.825157940E-1
6.549600990E0,-2.166752577E0,-7.297526836E0,-2.801215947E-1
6.551523598E0,-2.260126352E0,-7.242460251E0,-2.633621991E-1
6.553507240E0,-2.322375536E0,-7.180211067E0,-2.346317619E-1
6.555460365E0,-2.375048161E0,-7.115567684E0,-2.154781520E-1
6.557444008E0,-2.432508945E0,-7.046135426E0,-1.987187415E-1
6.559397133E0,-2.480392933E0,-6.974309444E0,-1.819593310E-1
6.561380775E0,-2.513911724E0,-6.912060261E0,-1.628057212E-1
6.563333900E0,-2.547430515E0,-6.864176273E0,-1.460463107E-1
6.565317543E0,-2.588132143E0,-6.811503887E0,-1.364694983E-1
6.567270668E0,-2.624045134E0,-6.766014099E0,-9.816227108E-2
6.569254311E0,-2.655169725E0,-6.730101109E0,-4.070143029E-2
6.571176918E0,-2.674323320E0,-6.689399719E0,7.182605099E-3
6.573191078E0,-2.688688517E0,-6.660669327E0,4.070143029E-2
6.575144203E0,-2.715024710E0,-6.655880928E0,7.422025502E-2
6.577158363E0,-2.743755102E0,-6.660669327E0,1.149216816E-1
6.579080971E0,-2.765302896E0,-6.660669327E0,1.604115069E-1
6.581095131E0,-2.770091295E0,-6.658275127E0,1.939303428E-1
6.583048256E0,-2.782062292E0,-6.658275127E0,2.322375625E-1
6.585031898E0,-2.786850691E0,-6.663063526E0,2.825157940E-1
6.586985023E0,-2.777273893E0,-6.677428722E0,3.471592367E-1
6.588968666E0,-2.777273893E0,-6.703764915E0,4.333505034E-1
6.590891273E0,-2.782062292E0,-6.737283707E0,5.267243981E-1
6.592905434E0,-2.779668093E0,-6.775590897E0,6.033388376E-1
6.594858559E0,-2.762908697E0,-6.811503887E0,6.536170840E-1
6.596842201E0,-2.748543501E0,-6.837840080E0,7.038952708E-1
6.598795326E0,-2.748543501E0,-6.856993675E0,7.517793179E-1
6.600809486E0,-2.748543501E0,-6.883329868E0,7.996633649E-1
6.602762611E0,-2.743755102E0,-6.916848660E0,8.355764151E-1
6.604746254E0,-2.729389906E0,-6.955155849E0,8.786720037E-1
6.606699379E0,-2.715024710E0,-7.007828236E0,9.217676520E-1
6.608683021E0,-2.700659513E0,-7.055712223E0,9.457096457E-1
6.610605629E0,-2.671929121E0,-7.105990410E0,9.768342972E-1
6.612619789E0,-2.633621931E0,-7.161057472E0,1.019929886E0
6.614572914E0,-2.592920542E0,-7.206547260E0,1.063025594E0
6.616556557E0,-2.545036316E0,-7.244854450E0,1.098938584E0
6.618509682E0,-2.492363930E0,-7.275979042E0,1.154005170E0
6.620493324E0,-2.437297344E0,-7.304709435E0,1.218648672E0
6.622415932E0,-2.394201756E0,-7.331045628E0,1.280897856E0
6.624399574E0,-2.358288765E0,-7.354987621E0,1.319205165E0
6.626413734E0,-2.322375536E0,-7.374141216E0,1.338358760E0
6.628397377E0,-2.272097349E0,-7.386112213E0,1.352723956E0
6.630350502E0,-2.238578558E0,-7.395689011E0,1.364694953E0
6.632334144E0,-2.126051188E0,-7.426813602E0,1.429338455E0
6.634287269E0,-2.087743998E0,-7.436390400E0,1.462857246E0
6.636270912E0,-2.030282974E0,-7.443572998E0,1.525106430E0
6.638224037E0,-1.984793186E0,-7.455543995E0,1.577778935E0
6.640207680E0,-1.944091797E0,-7.474697590E0,1.625662923E0
6.642160805E0,-1.908178806E0,-7.489062786E0,1.647210717E0
6.644144447E0,-1.869871497E0,-7.498639584E0,1.632845521E0
6.646097572E0,-1.838746905E0,-7.505822182E0,1.608903527E0
6.648081215E0,-1.800439715E0,-7.510610580E0,1.589749932E0
6.650003822E0,-1.766920805E0,-7.515398979E0,1.596932530E0
6.652017982E0,-1.752555609E0,-7.517793179E0,1.623268723E0
6.653971107E0,-1.735796213E0,-7.513004780E0,1.671152830E0
6.655985268E0,-1.704671621E0,-7.524975777E0,1.723825216E0
6.657907875E0,-1.647210717E0,-7.539340973E0,1.781286120E0
6.659922035E0,-1.599326730E0,-7.539340973E0,1.836352706E0
6.661844643E0,-1.565807939E0,-7.527369976E0,1.872265697E0
6.663828285E0,-1.539471745E0,-7.515398979E0,1.893813491E0
6.665781410E0,-1.520318031E0,-7.513004780E0,1.912967205E0
6.667765053E0,-1.503558636E0,-7.508216381E0,1.953668594E0
6.669687660E0,-1.486799240E0,-7.484274387E0,1.994369984E0
6.671701820E0,-1.448492050E0,-7.453149796E0,2.023100376E0
6.673654945E0,-1.371877551E0,-7.445967197E0,2.035071373E0
6.675638588E0,-1.290474772E0,-7.438784599E0,2.044648170E0
6.677591713E0,-1.256955862E0,-7.419631004E0,2.063801765E0
6.679575355E0,-1.240196466E0,-7.398083210E0,2.070984364E0
6.681497963E0,-1.216254473E0,-7.383718014E0,2.051830769E0
6.683512123E0,-1.175553083E0,-7.393294811E0,2.030282974E0
6.685465248E0,-1.130063176E0,-7.407660007E0,2.027888775E0
6.687479408E0,-1.082179189E0,-7.445967197E0,2.051830769E0
6.689402016E0,-1.010353088E0,-7.498639584E0,2.109291792E0
6.691416176E0,-9.241618514E-1,-7.556100368E0,2.188300371E0
6.693369301E0,-8.619126081E-1,-7.627926826E0,2.296039343E0
6.695352943E0,-8.427590132E-1,-7.735665798E0,2.434903145E0
6.697306068E0,-8.547300100E-1,-7.869740963E0,2.573766708E0
6.699289711E0,-8.571242094E-1,-8.001421928E0,2.691082716E0
6.701212318E0,-8.116343617E-1,-8.111555099E0,2.813186884E0
6.703226478E0,-7.374141216E-1,-8.216899872E0,2.956839085E0
6.705179603E0,-6.703764796E-1,-8.319850922E0,3.083731890E0
6.707193764E0,-6.224924326E-1,-8.418013573E0,3.191470861E0
6.709116371E0,-5.698199868E-1,-8.516175270E0,3.268085241E0
6.711130531E0,-5.171475410E-1,-8.614337921E0,3.308786631E0
6.713083656E0,-4.788403511E-1,-8.705317497E0,3.327940464E0
6.715067299E0,-4.548983276E-1,-8.813055992E0,3.354276657E0
6.717020424E0,-4.309563041E-1,-8.935160637E0,3.397372246E0
6.719004066E0,-3.950432837E-1,-9.052476883E0,3.445256233E0
6.720926674E0,-3.663128614E-1,-9.160215378E0,3.521870613E0
6.722910316E0,-3.399766386E-1,-9.275136948E0,3.610456228E0
6.724863441E0,-3.112462163E-1,-9.385271072E0,3.696647406E0
6.726877602E0,-2.681505978E-1,-9.493009567E0,3.785232782E0
6.728830727E0,-2.466027737E-1,-9.550470352E0,3.837905407E0
6.730814369E0,-2.011129409E-1,-9.667786598E0,3.964797974E0
6.732767494E0,-1.532289088E-1,-9.768342972E0,4.115632534E0
6.734751137E0,-1.029506698E-1,-9.873687744E0,4.292803764E0
6.736673744E0,-4.788403213E-2,-9.988609314E0,4.486733913E0
6.738687904E0,7.182605099E-3,-1.010831928E1,4.699818134E0
6.740610512E0,5.746084079E-2,-1.023760605E1,4.927267075E0
6.742594154E0,1.005564705E-1,-1.037407589E1,5.147533417E0
6.744547279E0,1.556231081E-1,-1.051772785E1,5.391742229E0
6.746530922E0,2.489969730E-1,-1.065659142E1,5.669469833E0
6.748453529E0,3.806780577E-1,-1.078108978E1,5.942408562E0
6.750467689E0,5.147533417E-1,-1.090080070E1,6.222530365E0
6.752390297E0,6.488286853E-1,-1.101572227E1,6.500257492E0
6.754404457E0,7.685387731E-1,-1.113543224E1,6.742072105E0
6.756327064E0,8.331822157E-1,-1.128387260E1,6.943184853E0
6.758341225E0,8.738836050E-1,-1.144188976E1,7.077260017E0
6.760263832E0,9.121908545E-1,-1.160230160E1,7.177816868E0
6.762247475E0,9.672574997E-1,-1.174834728E1,7.273584843E0
6.764200600E0,1.036689281E0,-1.188721180E1,7.364564419E0
6.766184242E0,1.113303781E0,-1.200692177E1,7.455543995E0
6.768137367E0,1.199495077E0,-1.210508347E1,7.560888767E0
6.770121010E0,1.276109457E0,-1.219127464E1,7.654263020E0
6.772043617E0,1.352723956E0,-1.226788998E1,7.738059998E0
6.774027260E0,1.417367458E0,-1.232774448E1,7.829039574E0
6.775949867E0,1.448492050E0,-1.237562847E1,7.915230751E0
6.777964027E0,1.462857246E0,-1.242111874E1,7.999027729E0
6.779917152E0,1.484405041E0,-1.245224285E1,8.068459511E0
6.781900795E0,1.498770237E0,-1.245942593E1,8.111555099E0
6.783853920E0,1.479616642E0,-1.246900272E1,8.121131897E0
6.785837562E0,1.429338455E0,-1.248576164E1,8.101978302E0
6.787851723E0,1.374271750E0,-1.247857952E1,8.058882713E0
6.789835365E0,1.319205165E0,-1.246421432E1,7.991845131E0
6.791788490E0,1.273715258E0,-1.243308926E1,7.884106159E0
6.793772133E0,1.211466074E0,-1.236844635E1,7.742848396E0
6.795694740E0,1.146822572E0,-1.227267838E1,7.565677166E0
6.797708900E0,1.086967587E0,-1.215775585E1,7.362170219E0
6.799662025E0,9.888052940E-1,-1.204044056E1,7.144298077E0
6.801645668E0,8.571242094E-1,-1.193988419E1,6.916848660E0
6.803598793E0,7.182605267E-1,-1.183693314E1,6.675034523E0
6.805582436E0,5.746083856E-1,-1.171961689E1,6.423643112E0
6.807505043E0,4.285621047E-1,-1.160469532E1,6.153098583E0
6.809519203E0,2.681505978E-1,-1.148977375E1,5.868188381E0
6.811441811E0,7.900865376E-2,-1.137964058E1,5.573701382E0
6.813455971E0,-1.221042871E-1,-1.126711273E1,5.262455463E0
6.815378578E0,-2.226607651E-1,-1.120486355E1,5.097255230E0
6.817392738E0,-5.099649429E-1,-1.100614548E1,4.599261284E0
6.819345863E0,-6.081272364E-1,-1.093910789E1,4.431667328E0
6.821329506E0,-8.116343617E-1,-1.081460953E1,4.077325344E0
6.823282631E0,-1.007958889E0,-1.068532181E1,3.732560396E0
6.825266273E0,-1.209071875E0,-1.055364132E1,3.411737442E0
6.827188881E0,-1.434126854E0,-1.043393135E1,3.129221678E0
6.829203041E0,-1.690306425E0,-1.032619190E1,2.875436306E0
6.831156166E0,-1.936909199E0,-1.021127033E1,2.647987127E0
6.833170326E0,-2.171540976E0,-1.008916569E1,2.456450939E0
6.835092934E0,-2.394201756E0,-9.955090523E0,2.312798738E0
6.837107094E0,-2.614468336E0,-9.830592155E0,2.209848166E0
6.839029701E0,-2.837129116E0,-9.720458984E0,2.133233786E0
6.841013344E0,-3.040636063E0,-9.603142738E0,2.056619167E0
6.842966469E0,-3.208230257E0,-9.473855972E0,1.968033791E0
6.844950111E0,-3.330334663E0,-9.334992409E0,1.889025092E0
6.846872719E0,-3.418920040E0,-9.196128845E0,1.800439715E0
6.848886879E0,-3.500322819E0,-9.066842079E0,1.644816518E0
6.850840004E0,-3.557783842E0,-8.942343712E0,1.345541358E0
6.852854164E0,-3.605667830E0,-8.846575737E0,9.792284966E-1
6.854776771E0,-3.648763418E0,-8.813055992E0,6.560112834E-1
6.856790932E0,-3.730166197E0,-8.851364136E0,3.854664862E-1
6.858744057E0,-3.830722809E0,-8.971074104E0,1.268926859E-1
6.860727699E0,-3.919308186E0,-9.145850182E0,-1.173158810E-1
6.862680824E0,-3.979163170E0,-9.354146004E0,-3.399766386E-1
6.864664467E0,-4.010287762E0,-9.600749016E0,-5.458779931E-1
6.866587074E0,-4.012681961E0,-9.885659218E0,-7.709329724E-1
6.868601234E0,-3.957615376E0,-1.018732834E1,-1.034295082E0
6.870615394E0,-3.845088005E0,-1.050815105E1,-1.343147159E0
6.872599037E0,-3.691859007E0,-1.081460953E1,-1.680729628E0
6.874552162E0,-3.543418407E0,-1.113303757E1,-2.056619167E0
6.876535805E0,-3.397372246E0,-1.145146656E1,-2.444479942E0
6.878488930E0,-3.253720045E0,-1.176750088E1,-2.832340717E0
6.880472572E0,-3.098097086E0,-1.208353615E1,-3.239354849E0
6.882425697E0,-2.944868088E0,-1.239238834E1,-3.636792421E0
6.884409340E0,-2.782062292E0,-1.265814400E1,-3.995922565E0
6.886331947E0,-2.578555346E0,-1.285446930E1,-4.362235546E0
6.888346107E0,-2.353500366E0,-1.298136139E1,-4.754884720E0
6.890268715E0,-2.111685991E0,-1.306037045E1,-5.135562420E0
6.892252357E0,-1.905784607E0,-1.311543655E1,-5.442020416E0
6.894174965E0,-1.711854219E0,-1.312501335E1,-5.647922039E0
6.896189125E0,-1.505952835E0,-1.307473564E1,-5.781997204E0
6.898111732E0,-1.323993564E0,-1.298136139E1,-5.875370979E0
6.900095375E0,-1.201889277E0,-1.289517021E1,-5.894524574E0
6.902048500E0,-1.098938584E0,-1.277067184E1,-5.820304394E0
6.904032143E0,-9.792284966E-1,-1.258152962E1,-5.664681435E0
6.905954750E0,-8.690952063E-1,-1.235408115E1,-5.418078423E0
6.907968910E0,-7.733271718E-1,-1.212184334E1,-5.092466831E0
6.909891518E0,-7.350199223E-1,-1.201171017E1,-4.905719280E0
6.911875160E0,-6.895300746E-1,-1.179144382E1,-4.467580318E0
6.913828285E0,-6.631938815E-1,-1.155441761E1,-3.964797974E0
6.915811928E0,-6.320692301E-1,-1.130542088E1,-3.399766445E0
6.917734535E0,-5.793967843E-1,-1.104445267E1,-2.803610086E0
6.919748695E0,-5.195417404E-1,-1.077390766E1,-2.190694571E0
6.921701820E0,-4.788403511E-1,-1.049618053E1,-1.580173135E0
6.923715980E0,-4.405331016E-1,-1.023281765E1,-9.672574997E-1
6.925638588E0,-3.711012602E-1,-9.995792389E0,-3.423708379E-1
6.927652748E0,-2.633621991E-1,-9.775525093E0,2.274491638E-1
6.929575355E0,-1.268926859E-1,-9.557653427E0,7.254431248E-1
6.931558998E0,2.873042040E-2,-9.330204010E0,1.142034173E0
6.933512123E0,1.819593310E-1,-9.114726067E0,1.474828243E0
6.935495766E0,3.280056417E-1,-8.916007042E0,1.735796213E0
6.937418373E0,4.644751251E-1,-8.738836288E0,1.912967205E0
6.939432533E0,5.937620401E-1,-8.578424454E0,2.025494576E0
6.941385658E0,6.943184733E-1,-8.425195694E0,2.085349798E0
6.943399818E0,7.661445141E-1,-8.283937454E0,2.104503393E0
6.945322426E0,8.212111592E-1,-8.169015884E0,2.111685991E0
6.947336586E0,8.619126081E-1,-8.087613106E0,2.097320795E0
6.949259193E0,8.882488012E-1,-8.030152321E0,2.080561161E0
6.951212318E0,9.026140571E-1,-7.979874134E0,2.063801765E0
6.953134926E0,9.074024558E-1,-7.948749542E0,2.035071373E0
6.955088051E0,9.217676520E-1,-7.912836552E0,2.001552582E0
6.957041176E0,9.361328483E-1,-7.884106159E0,1.963245392E0
6.959024818E0,9.409212470E-1,-7.876923561E0,1.922544003E0
6.960977943E0,9.457096457E-1,-7.886500359E0,1.889025092E0
6.962961586E0,9.217676520E-1,-7.891288757E0,1.874659896E0
6.964914711E0,8.523358107E-1,-7.910442352E0,1.867477298E0
6.966898353E0,7.661445141E-1,-7.931990147E0,1.831564307E0
6.968851478E0,6.847416759E-1,-7.965508938E0,1.759738207E0
6.970835121E0,6.129156351E-1,-7.991845131E0,1.656787634E0
6.972757728E0,5.291185975E-1,-8.027758598E0,1.522712231E0
6.974771889E0,4.237737060E-1,-8.085219383E0,1.364694953E0
6.976694496E0,3.112462163E-1,-8.147468567E0,1.187524080E0
6.978678139E0,1.843535304E-1,-8.216899872E0,1.005564690E0
6.980631264E0,3.112462163E-2,-8.307879448E0,8.307880163E-1
6.982614906E0,-1.580173075E-1,-8.406042099E0,6.560112834E-1
6.984537514E0,-3.758896589E-1,-8.508993149E0,4.812345505E-1
6.986551674E0,-5.793967843E-1,-8.616731644E0,3.208230138E-1
6.988504799E0,-6.655880809E-1,-8.671798706E0,2.418143749E-1
6.990518959E0,-8.595184088E-1,-8.832210541E0,-7.182605099E-3
6.992441566E0,-8.978256583E-1,-8.872911453E0,-9.576806426E-2
6.994455727E0,-9.289502501E-1,-8.939949036E0,-2.777273953E-1
6.996408852E0,-9.313444495E-1,-9.004592896E0,-4.596867263E-1
6.998392494E0,-9.528923035E-1,-9.059659004E0,-6.416460276E-1
7.000345619E0,-1.007958889E0,-9.109937668E0,-8.475474119E-1
7.002329262E0,-1.103726983E0,-9.167398453E0,-1.063025594E0
7.004251869E0,-1.225831270E0,-9.239224434E0,-1.288080573E0
7.006266029E0,-1.340752959E0,-9.318233490E0,-1.508347034E0
7.008219154E0,-1.426944256E0,-9.390059471E0,-1.704671621E0
7.010233314E0,-1.508347034E0,-9.459490776E0,-1.872265697E0
7.012155922E0,-1.599326730E0,-9.543288231E0,-2.023100376E0
7.014170082E0,-1.685518026E0,-9.639056206E0,-2.164358377E0
7.016123207E0,-1.731007814E0,-9.732429504E0,-2.296039343E0
7.018106850E0,-1.726219416E0,-9.813833237E0,-2.413355350E0
7.020059975E0,-1.675941229E0,-9.885659218E0,-2.516305923E0
7.022043617E0,-1.592144132E0,-9.959878922E0,-2.609679937E0
7.023966225E0,-1.472434044E0,-1.003888798E1,-2.671929121E0
7.025980385E0,-1.331176162E0,-1.011550236E1,-2.705447912E0
7.027902992E0,-1.197100878E0,-1.021845245E1,-2.703053713E0
7.029917152E0,-1.070208192E0,-1.034774017E1,-2.647987127E0
7.031839760E0,-9.385270476E-1,-1.048420906E1,-2.559401512E0
7.033853920E0,-7.900865674E-1,-1.061589050E1,-2.442085743E0
7.035776527E0,-6.105214357E-1,-1.073560047E1,-2.303221941E0
7.037760170E0,-4.046200812E-1,-1.085291672E1,-2.161964178E0
7.039713295E0,-1.819593310E-1,-1.096304989E1,-2.011129379E0
7.041696937E0,7.182604820E-2,-1.106599998E1,-1.845929503E0
7.043619545E0,3.208230138E-1,-1.115697956E1,-1.673547029E0
7.045633705E0,5.363011956E-1,-1.121922874E1,-1.462857246E0
7.047556312E0,7.302315235E-1,-1.125274754E1,-1.230619669E0
7.049570473E0,9.361328483E-1,-1.125514221E1,-1.039083481E0
7.051493080E0,1.165976286E0,-1.123838234E1,-8.786720037E-1
7.053476723E0,1.398213744E0,-1.120486355E1,-7.062895298E-1
7.055429848E0,1.601720929E0,-1.115219116E1,-5.315127969E-1
7.057413490E0,1.776497602E0,-1.109473038E1,-3.423708379E-1
7.059366615E0,1.939303398E0,-1.103248119E1,-1.604115069E-1
7.061350258E0,2.104503393E0,-1.096304989E1,-2.394201700E-3
7.063272865E0,2.255337954E0,-1.088882923E1,1.364694983E-1
7.065287025E0,2.384624958E0,-1.079545593E1,2.537853718E-1
7.067240150E0,2.442085743E0,-1.067335129E1,3.471592367E-1
7.069223793E0,2.456450939E0,-1.055842972E1,4.501099288E-1
7.071176918E0,2.454056740E0,-1.044111347E1,5.674257874E-1
7.073160561E0,2.454056740E0,-1.031182671E1,6.943184733E-1
7.075083168E0,2.513911724E0,-1.019690514E1,8.236053586E-1
7.077097328E0,2.631227732E0,-1.008198357E1,9.265560508E-1
7.079050453E0,2.753331900E0,-9.976638794E0,1.003170490E0
7.081034096E0,2.808398485E0,-9.926360130E0,1.039083481E0
7.082956703E0,2.904166698E0,-9.828198433E0,1.101332784E0
7.084970863E0,2.966415882E0,-9.742006302E0,1.137245774E0
7.086923988E0,2.968810081E0,-9.670180321E0,1.182735682E0
7.088907631E0,2.959233284E0,-9.607931137E0,1.211466074E0
7.090860756E0,2.908955097E0,-9.543288231E0,1.235408068E0
7.092844398E0,2.813186884E0,-9.478644371E0,1.244984865E0
7.094767006E0,2.693476915E0,-9.428366661E0,1.213860273E0
7.096781166E0,2.559401512E0,-9.385271072E0,1.134851575E0
7.098734291E0,2.418143749E0,-9.339780807E0,1.065419793E0
7.100748451E0,2.272097349E0,-9.306262016E0,9.840168953E-1
7.102671059E0,2.118868589E0,-9.291896820E0,8.786720037E-1
7.104685219E0,1.948880196E0,-9.272743225E0,7.445967197E-1
7.106638344E0,1.786074519E0,-9.263166428E0,5.913678408E-1
7.108621986E0,1.635239720E0,-9.265560150E0,4.405331016E-1
7.110575111E0,1.489193439E0,-9.275136948E0,2.896983922E-1
7.112558754E0,1.352723956E0,-9.287108421E0,1.364694983E-1
7.114481361E0,1.230619669E0,-9.301473618E0,-1.675941236E-2
7.116495521E0,1.115697980E0,-9.318233490E0,-1.939303428E-1
7.118448646E0,1.007958889E0,-9.337387085E0,-3.782838583E-1
7.120462807E0,9.169792533E-1,-9.368511200E0,-5.554547906E-1
7.122385414E0,8.140285611E-1,-9.390059471E0,-7.015010715E-1
7.124399574E0,6.775590777E-1,-9.414001465E0,-7.948749661E-1
7.126383217E0,5.578489900E-1,-9.440337181E0,-8.595184088E-1
7.128397377E0,5.075707436E-1,-9.464279175E0,-9.409212470E-1
7.130350502E0,5.339069963E-1,-9.476250648E0,-1.048660398E0
7.132334144E0,5.793967843E-1,-9.502586365E0,-1.170764685E0
7.134256752E0,6.057330370E-1,-9.543288231E0,-1.280897856E0
7.136270912E0,5.770025849E-1,-9.576807022E0,-1.323993564E0
7.138224037E0,4.979939461E-1,-9.593565941E0,-1.292868972E0
7.140207680E0,3.926490843E-1,-9.598354340E0,-1.199495077E0
7.142160805E0,2.849099934E-1,-9.603142738E0,-1.072602391E0
7.144144447E0,1.891419291E-1,-9.607931137E0,-9.265560508E-1
7.146097572E0,1.125274822E-1,-9.612719536E0,-7.517793179E-1
7.148081215E0,6.464344263E-2,-9.615114212E0,-5.937620401E-1
7.150034340E0,5.506663769E-2,-9.627084732E0,-4.668693244E-1
7.152017982E0,7.661445439E-2,-9.655815125E0,-3.615244627E-1
7.153940590E0,1.077390760E-1,-9.696516991E0,-2.825157940E-1
7.155954750E0,1.388636976E-1,-9.746794701E0,-2.322375625E-1
7.157907875E0,1.484405100E-1,-9.792284966E0,-2.035071403E-1
7.159891518E0,1.580173075E-1,-9.830592155E0,-1.939303428E-1
7.161844643E0,1.628057212E-1,-9.868899345E0,-1.987187415E-1
7.163828285E0,1.556231081E-1,-9.902418137E0,-2.035071403E-1
7.165750893E0,1.340752989E-1,-9.935936928E0,-1.987187415E-1
7.167765053E0,1.244984865E-1,-9.976638794E0,-1.987187415E-1
7.169718178E0,1.244984865E-1,-1.002931118E1,-2.250549644E-1
7.171671303E0,1.460463107E-1,-1.007480049E1,-2.489969730E-1
7.173624428E0,1.771709323E-1,-1.011550236E1,-2.753331959E-1
7.175638588E0,1.963245422E-1,-1.015859795E1,-3.016694188E-1
7.177591713E0,1.987187415E-1,-1.020648193E1,-2.968810201E-1
7.179575355E0,1.867477298E-1,-1.024718285E1,-2.657563984E-1
7.181528480E0,1.795651317E-1,-1.028309631E1,-2.274491638E-1
7.183481605E0,1.747767180E-1,-1.029027843E1,-2.154781520E-1
7.185434730E0,1.556231081E-1,-1.027830791E1,-1.915361285E-1
7.187448891E0,1.364694983E-1,-1.025197124E1,-1.556231081E-1
7.189402016E0,1.197100878E-1,-1.022084713E1,-1.101332754E-1
7.191355141E0,1.077390760E-1,-1.018493366E1,-5.985504389E-2
7.193308266E0,1.173158810E-1,-1.014423275E1,-9.576806799E-3
7.195291908E0,1.436520964E-1,-1.009874249E1,3.351882473E-2
7.197214516E0,1.699883193E-1,-1.004128170E1,5.746084079E-2
7.199228676E0,1.939303428E-1,-9.981427193E0,7.661445439E-2
7.201181801E0,2.011129409E-1,-9.935936928E0,1.125274822E-1
7.203165443E0,1.867477298E-1,-9.911994934E0,1.628057212E-1
7.205179603E0,1.651999205E-1,-9.892841339E0,2.178723514E-1
7.207193764E0,1.532289088E-1,-9.864110947E0,2.585737705E-1
7.209146889E0,1.508347094E-1,-9.821015358E0,2.825157940E-1
7.211130531E0,1.436520964E-1,-9.782708168E0,2.968810201E-1
7.213053139E0,1.292868853E-1,-9.742006302E0,3.208230138E-1
7.215067299E0,1.029506698E-1,-9.708487511E0,3.471592367E-1
7.216989906E0,7.661445439E-2,-9.682151794E0,3.663128614E-1
7.219004066E0,5.746084079E-2,-9.662998199E0,3.806780577E-1
7.220926674E0,4.548983276E-2,-9.641449928E0,3.878606856E-1
7.222940834E0,3.351882473E-2,-9.629479408E0,3.782838583E-1
7.224863441E0,1.915361360E-2,-9.627084732E0,3.399766386E-1
7.226847084E0,-4.788403399E-3,-9.624691010E0,2.920926213E-1
7.228800209E0,-3.112462163E-2,-9.627084732E0,2.466027737E-1
7.230783852E0,-6.224924326E-2,-9.636661530E0,2.035071403E-1
7.232736977E0,-1.053448766E-1,-9.643844604E0,1.460463107E-1
7.234720619E0,-1.556231081E-1,-9.648633003E0,7.661445439E-2
7.236704262E0,-2.035071403E-1,-9.658209801E0,9.576806799E-3
7.238687904E0,-2.418143749E-1,-9.674968719E0,-6.224924326E-2
7.240641029E0,-2.753331959E-1,-9.694122314E0,-1.364694983E-1
7.242655189E0,-2.992752194E-1,-9.698910713E0,-2.130839527E-1
7.244577797E0,-3.088520169E-1,-9.694122314E0,-2.968810201E-1
7.246561439E0,-3.232172430E-1,-9.689333916E0,-3.854664862E-1
7.248484047E0,-3.232172430E-1,-9.677363396E0,-4.620809257E-1
7.250498207E0,-3.040636182E-1,-9.667786598E0,-5.339069963E-1
7.252451332E0,-2.681505978E-1,-9.660603523E0,-6.033388376E-1
7.254434975E0,-2.250549644E-1,-9.641449928E0,-6.799532771E-1
7.256388100E0,-1.771709323E-1,-9.627084732E0,-7.398083210E-1
7.258371742E0,-1.340752989E-1,-9.605537415E0,-7.972691655E-1
7.260294350E0,-8.379705995E-2,-9.579200745E0,-8.451532125E-1
7.262308510E0,-2.633621916E-2,-9.557653427E0,-8.619126081E-1
7.264231117E0,3.112462163E-2,-9.538499832E0,-8.499416113E-1
7.266245277E0,8.140286058E-2,-9.521739960E0,-8.331822157E-1
7.268167885E0,1.364694983E-1,-9.528923035E0,-8.044517636E-1
7.270182045E0,1.963245422E-1,-9.528923035E0,-7.661445141E-1
7.272104652E0,2.513911724E-1,-9.528923035E0,-7.374141216E-1
7.274088295E0,3.040636182E-1,-9.531316757E0,-7.015010715E-1
7.276041420E0,3.447650373E-1,-9.548076630E0,-6.655880809E-1
7.278025062E0,3.950432837E-1,-9.572018623E0,-6.248866320E-1
7.279947670E0,4.165911078E-1,-9.583989143E0,-6.009446383E-1
7.281961830E0,4.548983276E-1,-9.612719536E0,-5.674257874E-1
7.283884437E0,4.979939461E-1,-9.641449928E0,-5.339069963E-1
7.285868080E0,5.482721925E-1,-9.672574997E0,-4.979939461E-1
7.287790687E0,6.009446383E-1,-9.710882187E0,-4.788403511E-1
7.289804848E0,6.512228847E-1,-9.746794701E0,-4.644751251E-1
7.291757973E0,7.038952708E-1,-9.794678688E0,-4.548983276E-1
7.293711098E0,7.541735172E-1,-9.852140427E0,-4.477157295E-1
7.295664223E0,8.044517636E-1,-9.904812813E0,-4.453215301E-1
7.297647865E0,8.547300100E-1,-9.940725327E0,-4.405331016E-1
7.299600990E0,9.121908545E-1,-9.971850395E0,-4.381389022E-1
7.301584633E0,9.768342972E-1,-1.001015759E1,-4.381389022E-1
7.303598793E0,1.043871999E0,-1.004607010E1,-4.477157295E-1
7.305612953E0,1.108515382E0,-1.007480049E1,-4.620809257E-1
7.307566078E0,1.161187768E0,-1.010113716E1,-4.740519226E-1
7.309519203E0,1.204283476E0,-1.012507915E1,-4.716577232E-1
7.311472328E0,1.230619669E0,-1.014662647E1,-4.548983276E-1
7.313455971E0,1.256955862E0,-1.016099167E1,-4.501099288E-1
7.315378578E0,1.295263171E0,-1.017296314E1,-4.525041282E-1
7.317392738E0,1.323993564E0,-1.017296314E1,-4.501099288E-1
7.319345863E0,1.340752959E0,-1.016338634E1,-4.477157295E-1
7.321329506E0,1.345541358E0,-1.015620327E1,-4.405331016E-1
7.323282631E0,1.352723956E0,-1.014423275E1,-4.333505034E-1
7.325296791E0,1.352723956E0,-1.012747288E1,-4.213795066E-1
7.327249916E0,1.350329757E0,-1.011310768E1,-4.094084799E-1
7.329233559E0,1.338358760E0,-1.010113716E1,-4.141969085E-1
7.331156166E0,1.316810966E0,-1.007958889E1,-4.213795066E-1
7.333139809E0,1.297657371E0,-1.005564690E1,-4.261679053E-1
7.335092934E0,1.273715258E0,-1.003170490E1,-4.261679053E-1
7.337076576E0,1.230619669E0,-1.000536919E1,-4.501099288E-1
7.338999184E0,1.187524080E0,-9.979032516E0,-4.812345505E-1
7.341013344E0,1.149216771E0,-9.938331604E0,-5.003881454E-1
7.342935951E0,1.098938584E0,-9.892841339E0,-4.979939461E-1
7.344950111E0,1.034295082E0,-9.864110947E0,-4.979939461E-1
7.346872719E0,9.696516991E-1,-9.835380554E0,-5.123591423E-1
7.348886879E0,9.074024558E-1,-9.813833237E0,-5.315127969E-1
7.350809486E0,8.523358107E-1,-9.777919769E0,-5.506663918E-1
7.352823646E0,7.972691655E-1,-9.739612579E0,-5.817909837E-1
7.354776771E0,7.469909191E-1,-9.703699112E0,-6.224924326E-1
7.356760414E0,6.967126727E-1,-9.682151794E0,-6.655880809E-1
7.358683021E0,6.272808313E-1,-9.667786598E0,-7.086837292E-1
7.360697182E0,5.339069963E-1,-9.646238327E0,-7.589619160E-1
7.362619789E0,4.189853072E-1,-9.624691010E0,-7.996633649E-1
7.364603432E0,2.849099934E-1,-9.612719536E0,-8.259995580E-1
7.366556557E0,1.580173075E-1,-9.615114212E0,-8.403648138E-1
7.368540199E0,1.005564705E-1,-9.619902611E0,-8.523358107E-1
7.370462807E0,0.000000000E0,-9.634267807E0,-8.786720037E-1
7.372476967E0,-9.816227108E-2,-9.655815125E0,-9.193734527E-1
7.374399574E0,-2.011129409E-1,-9.686940193E0,-9.720458984E-1
7.376383217E0,-3.040636182E-1,-9.710882187E0,-1.017535686E0
7.378336342E0,-4.165911078E-1,-9.718064308E0,-1.053448796E0
7.380319984E0,-5.219359994E-1,-9.710882187E0,-1.089361787E0
7.382303627E0,-6.200982332E-1,-9.698910713E0,-1.113303781E0
7.384317787E0,-6.967126727E-1,-9.684545517E0,-1.120486379E0
7.386270912E0,-7.422025204E-1,-9.665391922E0,-1.125274777E0
7.388254555E0,-7.661445141E-1,-9.653421402E0,-1.127668977E0
7.390177162E0,-8.020575643E-1,-9.653421402E0,-1.130063176E0
7.392191322E0,-8.523358107E-1,-9.653421402E0,-1.137245774E0
7.394113930E0,-8.978256583E-1,-9.643844604E0,-1.146822572E0
7.396128090E0,-9.433154464E-1,-9.641449928E0,-1.156399369E0
7.398050697E0,-9.768342972E-1,-9.653421402E0,-1.168370485E0
7.400064857E0,-9.935936928E-1,-9.662998199E0,-1.168370485E0
7.401987465E0,-9.816226959E-1,-9.670180321E0,-1.168370485E0
7.403971107E0,-9.504981041E-1,-9.672574997E0,-1.173158884E0
7.405924232E0,-9.097966552E-1,-9.655815125E0,-1.182735682E0
7.407907875E0,-8.619126081E-1,-9.624691010E0,-1.201889277E0
7.409830482E0,-8.212111592E-1,-9.598354340E0,-1.223437071E0
7.411844643E0,-7.805097699E-1,-9.583989143E0,-1.228225470E0
7.413767250E0,-7.422025204E-1,-9.576807022E0,-1.228225470E0
7.415750893E0,-6.991068721E-1,-9.569623947E0,-1.225831270E0
7.417704018E0,-6.703764796E-1,-9.569623947E0,-1.228225470E0
7.419687660E0,-6.488286853E-1,-9.574412346E0,-1.230619669E0
7.421610268E0,-6.224924326E-1,-9.574412346E0,-1.230619669E0
7.423624428E0,-6.105214357E-1,-9.581595421E0,-1.233013868E0
7.425577553E0,-6.009446383E-1,-9.593565941E0,-1.240196466E0
7.427561195E0,-5.937620401E-1,-9.607931137E0,-1.264138460E0
7.429514320E0,-5.865794420E-1,-9.627084732E0,-1.295263171E0
7.431497963E0,-5.865794420E-1,-9.648633003E0,-1.323993564E0
7.433451088E0,-6.009446383E-1,-9.672574997E0,-1.357512355E0
7.435465248E0,-6.248866320E-1,-9.706093788E0,-1.388636947E0
7.437418373E0,-6.655880809E-1,-9.744400978E0,-1.424550056E0
7.439432533E0,-7.110779285E-1,-9.773131371E0,-1.448492050E0
7.441355141E0,-7.565677166E-1,-9.801861763E0,-1.465251446E0
7.443369301E0,-8.020575643E-1,-9.825803757E0,-1.460463047E0
7.445291908E0,-8.523358107E-1,-9.847352028E0,-1.434126854E0
7.447306068E0,-9.097966552E-1,-9.871294022E0,-1.400607944E0
7.449228676E0,-9.720458984E-1,-9.885659218E0,-1.367089152E0
7.451212318E0,-1.022324085E0,-9.878476143E0,-1.323993564E0
7.453165443E0,-1.065419793E0,-9.856928825E0,-1.273715258E0
7.455149086E0,-1.089361787E0,-9.835380554E0,-1.221042871E0
7.457163246E0,-1.089361787E0,-9.799467087E0,-1.161187768E0
7.459146889E0,-1.082179189E0,-9.763554573E0,-1.082179189E0
7.461161049E0,-1.072602391E0,-9.746794701E0,-9.864110947E-1
7.463144691E0,-1.058237195E0,-9.725247383E0,-8.858546019E-1
7.465067299E0,-1.029506683E0,-9.706093788E0,-7.829039693E-1
7.467081459E0,-9.864110947E-1,-9.674968719E0,-6.871358752E-1
7.469004066E0,-9.600749016E-1,-9.651026726E0,-6.416460276E-1
7.471018227E0,-9.002198577E-1,-9.619902611E0,-5.554547906E-1
7.472940834E0,-8.188169599E-1,-9.600749016E0,-4.620809257E-1
7.474954994E0,-7.326257229E-1,-9.579200745E0,-3.830722570E-1
7.476908119E0,-6.320692301E-1,-9.567230225E0,-3.064578176E-1
7.478891762E0,-5.243301988E-1,-9.564835548E0,-2.346317619E-1
7.480814369E0,-4.141969085E-1,-9.545681953E0,-1.891419291E-1
7.482798012E0,-2.873041928E-1,-9.533711433E0,-1.699883193E-1
7.484720619E0,-1.484405100E-1,-9.536105156E0,-1.747767180E-1
7.486734779E0,-9.576806799E-3,-9.536105156E0,-1.915361285E-1
7.488687904E0,1.268926859E-1,-9.538499832E0,-2.202665508E-1
7.490671547E0,2.609679997E-1,-9.555258751E0,-2.513911724E-1
7.492624672E0,3.926490843E-1,-9.588777542E0,-2.896983922E-1
7.494608314E0,5.147533417E-1,-9.634267807E0,-3.280056417E-1
7.496530922E0,6.153098345E-1,-9.689333916E0,-3.639186621E-1
7.498545082E0,7.110779285E-1,-9.746794701E0,-4.022258818E-1
7.500467689E0,8.092401624E-1,-9.804255486E0,-4.548983276E-1
7.502481850E0,8.930372596E-1,-9.859322548E0,-5.315127969E-1
7.504404457E0,9.768342972E-1,-9.911994934E0,-6.200982332E-1
7.506418617E0,1.051054597E0,-9.957485199E0,-7.158663273E-1
7.508341225E0,1.115697980E0,-9.988609314E0,-8.259995580E-1
7.510324867E0,1.180341482E0,-1.002212811E1,-9.361328483E-1
7.512277992E0,1.244984865E0,-1.006282997E1,-1.022324085E0
7.514261635E0,1.309628367E0,-1.008677197E1,-1.096544385E0
7.516184242E0,1.359906554E0,-1.009395409E1,-1.175553083E0
7.518198402E0,1.410184860E0,-1.009634876E1,-1.254561663E0
7.520121010E0,1.460463047E0,-1.009395409E1,-1.323993564E0
7.522104652E0,1.505952835E0,-1.006522369E1,-1.391031146E0
7.524057777E0,1.546654344E0,-1.002452278E1,-1.470039845E0
7.526041420E0,1.580173135E0,-9.983820915E0,-1.561019540E0
7.527964027E0,1.606509328E0,-9.935936928E0,-1.644816518E0
7.529978187E0,1.637633920E0,-9.880870819E0,-1.731007814E0
7.531900795E0,1.675941229E0,-9.825803757E0,-1.805228114E0
7.533884437E0,1.716642618E0,-9.758766174E0,-1.857900500E0
7.535837562E0,1.747767210E0,-9.689333916E0,-1.900996208E0
7.537821205E0,1.778891921E0,-9.631873131E0,-1.932120800E0
7.539804848E0,1.812410712E0,-9.583989143E0,-1.944091797E0
7.541819008E0,1.843535304E0,-9.538499832E0,-1.946485996E0
7.543772133E0,1.877054095E0,-9.502586365E0,-1.939303398E0
7.545755775E0,1.900996208E0,-9.473855972E0,-1.924938202E0
7.547678383E0,1.915361404E0,-9.452308655E0,-1.915361404E0
7.549692543E0,1.915361404E0,-9.445125580E0,-1.905784607E0
7.551615150E0,1.910573006E0,-9.442731857E0,-1.900996208E0
7.553598793E0,1.884236693E0,-9.442731857E0,-1.877054095E0
7.555551918E0,1.872265697E0,-9.445125580E0,-1.869871497E0
7.557535561E0,1.833958507E0,-9.447520256E0,-1.857900500E0
7.559458168E0,1.778891921E0,-9.459490776E0,-1.850717902E0
7.561472328E0,1.719036818E0,-9.488221169E0,-1.850717902E0
7.563455971E0,1.656787634E0,-9.516951561E0,-1.843535304E0
7.565439613E0,1.584961534E0,-9.531316757E0,-1.829170108E0
7.567362221E0,1.503558636E0,-9.540893555E0,-1.829170108E0
7.569376381E0,1.414973259E0,-9.545681953E0,-1.843535304E0
7.571329506E0,1.328781962E0,-9.560047150E0,-1.857900500E0
7.573313148E0,1.256955862E0,-9.586383820E0,-1.865083098E0
7.575266273E0,1.177947283E0,-9.607931137E0,-1.881842494E0
7.577219398E0,1.089361787E0,-9.615114212E0,-1.903390408E0
7.579172523E0,1.003170490E0,-9.612719536E0,-1.934514999E0
7.581186684E0,9.145850539E-1,-9.629479408E0,-1.965639591E0
7.583139809E0,8.331822157E-1,-9.636661530E0,-1.987187386E0
7.585092934E0,7.517793179E-1,-9.634267807E0,-1.994369984E0
7.587046059E0,6.703764796E-1,-9.643844604E0,-1.977610588E0
7.589029701E0,6.224924326E-1,-9.646238327E0,-1.960851192E0
7.590952309E0,6.057330370E-1,-9.639056206E0,-1.939303398E0
7.592966469E0,5.937620401E-1,-9.636661530E0,-1.912967205E0
7.594919594E0,5.961562395E-1,-9.624691010E0,-1.908178806E0
7.596903236E0,6.392518282E-1,-9.612719536E0,-1.889025092E0
7.598856361E0,6.895300746E-1,-9.610325813E0,-1.829170108E0
7.600870521E0,6.919242740E-1,-9.617507935E0,-1.783680320E0
7.602823646E0,6.272808313E-1,-9.627084732E0,-1.757344007E0
7.604807289E0,5.003881454E-1,-9.622296333E0,-1.731007814E0
7.606760414E0,3.782838583E-1,-9.603142738E0,-1.726219416E0
7.608744057E0,3.016694188E-1,-9.572018623E0,-1.735796213E0
7.611917885E0,2.896983922E-1,-9.516951561E0,-1.762132406E0
7.612741859E0,3.040636182E-1,-9.502586365E0,-1.776497602E0
7.614725502E0,3.375824392E-1,-9.466673851E0,-1.795651317E0
7.616709144E0,3.687070608E-1,-9.445125580E0,-1.764526606E0
7.618662269E0,3.806780577E-1,-9.430760384E0,-1.685518026E0
7.620676430E0,3.878606856E-1,-9.414001465E0,-1.618480325E0
7.622629555E0,3.950432837E-1,-9.409213066E0,-1.572990537E0
7.624613197E0,3.926490843E-1,-9.428366661E0,-1.546654344E0
7.626535805E0,3.854664862E-1,-9.445125580E0,-1.541865945E0
7.628549965E0,3.543418646E-1,-9.457097054E0,-1.544260144E0
7.630503090E0,3.040636182E-1,-9.478644371E0,-1.525106430E0
7.632486732E0,2.346317619E-1,-9.507374763E0,-1.493981838E0
7.634409340E0,1.699883193E-1,-9.536105156E0,-1.448492050E0
7.636423500E0,1.173158810E-1,-9.572018623E0,-1.398213744E0
7.638376625E0,8.140286058E-2,-9.598354340E0,-1.345541358E0
7.640360268E0,6.224924326E-2,-9.624691010E0,-1.304839969E0
7.642313393E0,4.788403213E-2,-9.648633003E0,-1.268926859E0
7.644266518E0,2.873042040E-2,-9.670180321E0,-1.223437071E0
7.646219643E0,1.915361360E-2,-9.691728592E0,-1.168370485E0
7.648233803E0,3.351882473E-2,-9.715670586E0,-1.130063176E0
7.650186928E0,6.464344263E-2,-9.739612579E0,-1.106121182E0
7.652170570E0,9.576806426E-2,-9.763554573E0,-1.089361787E0
7.654123695E0,1.173158810E-1,-9.797073364E0,-1.065419793E0
7.656107338E0,1.244984865E-1,-9.837775230E0,-1.024718285E0
7.658029945E0,1.173158810E-1,-9.856928825E0,-1.000776291E0
7.660044105E0,9.097966552E-2,-9.892841339E0,-9.409212470E-1
7.661997230E0,6.224924326E-2,-9.926360130E0,-8.906430602E-1
7.663980873E0,1.675941236E-2,-9.947908401E0,-8.619126081E-1
7.665933998E0,-2.154781483E-2,-9.979032516E0,-8.547300100E-1
7.667917641E0,-3.112462163E-2,-1.001973438E1,-8.762778044E-1
7.669840248E0,-2.873042040E-2,-1.005085850E1,-9.074024558E-1
7.671854408E0,-1.436521020E-2,-1.007001209E1,-9.313444495E-1
7.673807533E0,1.915361360E-2,-1.006522369E1,-9.504981041E-1
7.675791176E0,5.985504389E-2,-1.005325317E1,-9.600749016E-1
7.677744301E0,1.029506698E-1,-1.005085850E1,-9.648633003E-1
7.679727943E0,1.292868853E-1,-1.004607010E1,-9.744400978E-1
7.681650551E0,1.508347094E-1,-1.004367638E1,-9.720458984E-1
7.683664711E0,1.795651317E-1,-1.004607010E1,-9.552865028E-1
7.685617836E0,2.346317619E-1,-1.005325317E1,-9.481038451E-1
7.687601478E0,2.992752194E-1,-1.005564690E1,-9.552865028E-1
7.689524086E0,3.591302633E-1,-1.005804157E1,-9.648633003E-1
7.691538246E0,4.141969085E-1,-1.005085850E1,-9.720458984E-1
7.693491371E0,4.740519226E-1,-1.002452278E1,-9.864110947E-1
7.695475014E0,5.243301988E-1,-9.988609314E0,-9.959878922E-1
7.697458656E0,5.410895944E-1,-9.955090523E0,-9.864110947E-1
7.699442299E0,5.434837937E-1,-9.916783333E0,-9.600749016E-1
7.701364906E0,5.386953950E-1,-9.890447617E0,-9.361328483E-1
7.703379066E0,5.410895944E-1,-9.868899345E0,-9.050082564E-1
7.705301674E0,5.698199868E-1,-9.828198433E0,-8.810662031E-1
7.707285316E0,5.937620401E-1,-9.787496567E0,-8.667010069E-1
7.709238441E0,6.057330370E-1,-9.753977776E0,-8.595184088E-1
7.711222084E0,6.224924326E-1,-9.722852707E0,-8.619126081E-1
7.713144691E0,6.464344859E-1,-9.696516991E0,-8.690952063E-1
7.715158852E0,6.679822803E-1,-9.672574997E0,-8.595184088E-1
7.717111977E0,6.919242740E-1,-9.641449928E0,-8.523358107E-1
7.719095619E0,7.182605267E-1,-9.615114212E0,-8.714894056E-1
7.721048744E0,7.469909191E-1,-9.615114212E0,-8.930372596E-1
7.723032387E0,7.829039693E-1,-9.612719536E0,-8.978256583E-1
7.724954994E0,8.164227605E-1,-9.627084732E0,-8.906430602E-1
7.726969154E0,8.331822157E-1,-9.646238327E0,-8.690952063E-1
7.728952797E0,8.331822157E-1,-9.653421402E0,-8.571242094E-1
7.730936439E0,8.331822157E-1,-9.667786598E0,-8.499416113E-1
7.732859047E0,8.355764151E-1,-9.682151794E0,-8.379706144E-1
7.734873207E0,8.212111592E-1,-9.698910713E0,-7.805097699E-1
7.736826332E0,7.829039693E-1,-9.718064308E0,-6.751648784E-1
7.738809975E0,7.445967197E-1,-9.727641106E0,-5.937620401E-1
7.740763100E0,7.445967197E-1,-9.737217903E0,-5.841852427E-1
7.742746742E0,7.924807668E-1,-9.761159897E0,-6.392518282E-1
7.744669350E0,8.499416113E-1,-9.804255486E0,-7.015010715E-1
7.746683510E0,9.050082564E-1,-9.844957352E0,-7.278373241E-1
7.748636635E0,9.385270476E-1,-9.892841339E0,-7.278373241E-1
7.750650795E0,9.600749016E-1,-9.926360130E0,-7.110779285E-1
7.752573402E0,9.864110947E-1,-9.947908401E0,-6.991068721E-1
7.754587562E0,1.031900883E0,-9.947908401E0,-6.991068721E-1
7.756510170E0,1.058237195E0,-9.945513725E0,-6.967126727E-1
7.758524330E0,1.110909581E0,-9.928754807E0,-6.847416759E-1
7.760477455E0,1.151610970E0,-9.904812813E0,-6.655880809E-1
7.762430580E0,1.170764685E0,-9.885659218E0,-6.272808313E-1
7.764383705E0,1.168370485E0,-9.880870819E0,-5.770025849E-1
7.766397865E0,1.151610970E0,-9.868899345E0,-5.267243981E-1
7.768350990E0,1.139639974E0,-9.835380554E0,-5.075707436E-1
7.770365150E0,1.149216771E0,-9.797073364E0,-5.147533417E-1
7.772287758E0,1.182735682E0,-9.775525093E0,-5.219359994E-1
7.774301918E0,1.206677675E0,-9.765948296E0,-5.075707436E-1
7.776224525E0,1.235408068E0,-9.737217903E0,-4.884171486E-1
7.780130775E0,1.309628367E0,-9.667786598E0,-4.644751251E-1
7.780527504E0,1.326387763E0,-9.651026726E0,-4.572925270E-1
7.782236488E0,1.340752959E0,-9.631873131E0,-4.525041282E-1
7.784189613E0,1.371877551E0,-9.607931137E0,-4.453215301E-1
7.786203773E0,1.388636947E0,-9.607931137E0,-4.405331016E-1
7.788187416E0,1.388636947E0,-9.603142738E0,-4.213795066E-1
7.790201576E0,1.383848548E0,-9.593565941E0,-3.998316824E-1
7.792154701E0,1.379060149E0,-9.605537415E0,-3.854664862E-1
7.794138344E0,1.376665950E0,-9.622296333E0,-3.878606856E-1
7.796121986E0,1.367089152E0,-9.634267807E0,-4.022258818E-1
7.798105629E0,1.340752959E0,-9.653421402E0,-4.213795066E-1
7.800028236E0,1.314416766E0,-9.679757118E0,-4.405331016E-1
7.802042396E0,1.297657371E0,-9.720458984E0,-4.692635238E-1
7.803995521E0,1.278503656E0,-9.742006302E0,-5.123591423E-1
7.805979164E0,1.247379065E0,-9.744400978E0,-5.602431893E-1
7.807932289E0,1.211466074E0,-9.751583099E0,-5.937620401E-1
7.809946449E0,1.170764685E0,-9.761159897E0,-6.224924326E-1
7.811899574E0,1.134851575E0,-9.780313492E0,-6.607996821E-1
7.813883217E0,1.091755986E0,-9.792284966E0,-6.895300746E-1
7.815836342E0,1.034295082E0,-9.806650162E0,-7.206547260E-1
7.817819984E0,9.672574997E-1,-9.809044838E0,-7.517793179E-1
7.819742592E0,8.930372596E-1,-9.809044838E0,-7.709329724E-1
7.821726234E0,8.283938169E-1,-9.804255486E0,-7.852981687E-1
7.823709877E0,7.805097699E-1,-9.801861763E0,-7.972691655E-1
7.825693519E0,7.422025204E-1,-9.794678688E0,-8.044517636E-1
7.827616127E0,6.991068721E-1,-9.794678688E0,-7.972691655E-1
7.829630287E0,6.631938815E-1,-9.813833237E0,-7.948749661E-1
7.831583412E0,6.272808313E-1,-9.818621635E0,-8.044517636E-1
7.833567055E0,5.889736414E-1,-9.806650162E0,-8.020575643E-1
7.835550697E0,5.578489900E-1,-9.792284966E0,-7.852981687E-1
7.837534340E0,5.315127969E-1,-9.787496567E0,-7.541735172E-1
7.839487465E0,5.003881454E-1,-9.787496567E0,-7.254431248E-1
7.841440590E0,4.740519226E-1,-9.780313492E0,-6.967126727E-1
7.843424232E0,4.501099288E-1,-9.777919769E0,-6.488286853E-1
7.845407875E0,4.213795066E-1,-9.777919769E0,-6.009446383E-1
7.847330482E0,3.974374831E-1,-9.770736694E0,-5.650315881E-1
7.849344643E0,3.926490843E-1,-9.761159897E0,-5.410895944E-1
7.851297768E0,4.046200812E-1,-9.765948296E0,-5.410895944E-1
7.853281410E0,4.333505034E-1,-9.763554573E0,-5.578489900E-1
7.855234535E0,4.692635238E-1,-9.746794701E0,-5.650315881E-1
7.857248695E0,4.860229492E-1,-9.737217903E0,-5.530605912E-1
7.859201820E0,4.932055473E-1,-9.730035782E0,-5.291185975E-1
7.861185463E0,5.003881454E-1,-9.718064308E0,-5.123591423E-1
7.863169105E0,4.955997467E-1,-9.730035782E0,-5.075707436E-1
7.865152748E0,5.027823448E-1,-9.761159897E0,-5.099649429E-1
7.867075355E0,5.315127969E-1,-9.768342972E0,-5.123591423E-1
7.869089516E0,5.746083856E-1,-9.777919769E0,-5.171475410E-1
7.871042641E0,6.200982332E-1,-9.789890289E0,-5.123591423E-1
7.873026283E0,6.584054828E-1,-9.794678688E0,-5.171475410E-1
7.875009926E0,6.847416759E-1,-9.797073364E0,-5.315127969E-1
7.876993568E0,7.062895298E-1,-9.818621635E0,-5.339069963E-1
7.878977211E0,7.254431248E-1,-9.828198433E0,-5.219359994E-1
7.880960853E0,7.469909191E-1,-9.835380554E0,-5.075707436E-1
7.882883461E0,7.613561153E-1,-9.832986832E0,-5.051765442E-1
7.884897621E0,8.068459630E-1,-9.794678688E0,-5.147533417E-1
7.886850746E0,8.116343617E-1,-9.782708168E0,-5.267243981E-1
7.888864906E0,7.996633649E-1,-9.773131371E0,-5.722141862E-1
7.890818031E0,7.852981687E-1,-9.758766174E0,-6.248866320E-1
7.892832191E0,7.876923680E-1,-9.730035782E0,-6.584054828E-1
7.894785316E0,8.020575643E-1,-9.696516991E0,-6.607996821E-1
7.896768959E0,8.307880163E-1,-9.684545517E0,-6.488286853E-1
7.898722084E0,8.619126081E-1,-9.674968719E0,-6.224924326E-1
7.900705727E0,8.906430602E-1,-9.658209801E0,-6.009446383E-1
7.902658852E0,9.193734527E-1,-9.631873131E0,-6.081272364E-1
7.904642494E0,9.241618514E-1,-9.605537415E0,-6.105214357E-1
7.906626137E0,9.289502501E-1,-9.588777542E0,-5.937620401E-1
7.908609779E0,9.433154464E-1,-9.564835548E0,-5.770025849E-1
7.910532387E0,9.600749016E-1,-9.543288231E0,-5.650315881E-1
7.912546547E0,9.696516991E-1,-9.526528358E0,-5.482721925E-1
7.914499672E0,9.744400978E-1,-9.514557838E0,-5.339069963E-1
7.916483314E0,9.672574997E-1,-9.497797966E0,-5.291185975E-1
7.918436439E0,9.528923035E-1,-9.488221169E0,-5.243301988E-1
7.920420082E0,9.337386489E-1,-9.483432770E0,-5.195417404E-1
7.922342689E0,9.121908545E-1,-9.488221169E0,-5.219359994E-1
7.924356850E0,8.834604025E-1,-9.490615845E0,-5.195417404E-1
7.926309975E0,8.523358107E-1,-9.502586365E0,-5.243301988E-1
7.928293617E0,8.116343617E-1,-9.516951561E0,-5.434837937E-1
7.930246742E0,7.661445141E-1,-9.526528358E0,-5.722141862E-1
7.932230385E0,7.374141216E-1,-9.533711433E0,-6.177040339E-1
7.934152992E0,7.230489254E-1,-9.531316757E0,-6.440402865E-1
7.936167152E0,7.158663273E-1,-9.528923035E0,-6.584054828E-1
7.938120277E0,6.967126727E-1,-9.521739960E0,-6.703764796E-1
7.940073402E0,6.679822803E-1,-9.519346237E0,-6.799532771E-1
7.942026527E0,6.320692301E-1,-9.528923035E0,-6.895300746E-1
7.944010170E0,5.913678408E-1,-9.545681953E0,-7.038952708E-1
7.945932777E0,5.626373887E-1,-9.550470352E0,-7.278373241E-1
7.947946937E0,5.291185975E-1,-9.545681953E0,-7.589619160E-1
7.949930580E0,4.884171486E-1,-9.538499832E0,-7.900865674E-1
7.951883705E0,4.477157295E-1,-9.533711433E0,-8.116343617E-1
7.953836830E0,4.141969085E-1,-9.536105156E0,-8.236053586E-1
7.955850990E0,3.974374831E-1,-9.545681953E0,-8.331822157E-1
7.957804115E0,3.878606856E-1,-9.562441826E0,-8.403648138E-1
7.959787758E0,3.806780577E-1,-9.576807022E0,-8.499416113E-1
7.961710365E0,3.711012602E-1,-9.593565941E0,-8.571242094E-1
7.963724525E0,3.615244627E-1,-9.603142738E0,-8.714894056E-1
7.965677650E0,3.471592367E-1,-9.612719536E0,-8.786720037E-1
7.967691811E0,3.184288144E-1,-9.634267807E0,-8.906430602E-1
7.969644936E0,2.801215947E-1,-9.655815125E0,-9.026140571E-1
7.971659096E0,2.466027737E-1,-9.682151794E0,-9.217676520E-1
7.973581703E0,2.178723514E-1,-9.701305389E0,-9.504981041E-1
7.975595863E0,1.891419291E-1,-9.713275909E0,-9.672574997E-1
7.977548988E0,1.580173075E-1,-9.720458984E0,-9.816226959E-1
7.979532631E0,1.412578970E-1,-9.725247383E0,-1.000776291E0
7.981485756E0,1.268926859E-1,-9.732429504E0,-1.015141487E0
7.983499916E0,1.149216816E-1,-9.751583099E0,-1.019929886E0
7.985453041E0,1.005564705E-1,-9.763554573E0,-1.015141487E0
7.987436684E0,9.097966552E-2,-9.777919769E0,-1.012747288E0
7.989389809E0,8.858546615E-2,-9.794678688E0,-1.007958889E0
7.991373451E0,9.576806426E-2,-9.804255486E0,-1.003170490E0
7.993296059E0,1.005564705E-1,-9.811438560E0,-1.000776291E0
7.995310219E0,1.197100878E-1,-9.828198433E0,-9.983820915E-1
7.997263344E0,1.316810995E-1,-9.852140427E0,-9.935936928E-1
7.999216469E0,1.412578970E-1,-9.878476143E0,-9.959878922E-1
8.001200111E0,1.508347094E-1,-9.895236015E0,-1.003170490E0
8.003183754E0,1.651999205E-1,-9.904812813E0,-1.022324085E0
8.005106361E0,1.867477298E-1,-9.911994934E0,-1.055842996E0
8.007120521E0,2.011129409E-1,-9.919178009E0,-1.084573388E0
8.009104164E0,2.106897533E-1,-9.921571732E0,-1.115697980E0
8.011087807E0,2.202665508E-1,-9.921571732E0,-1.132457376E0
8.013040932E0,2.226607651E-1,-9.923966408E0,-1.146822572E0
8.015055092E0,2.298433632E-1,-9.923966408E0,-1.154005170E0
8.017008217E0,2.489969730E-1,-9.923966408E0,-1.163581967E0
8.018961342E0,2.633621991E-1,-9.919178009E0,-1.180341482E0
8.020914467E0,2.729389966E-1,-9.911994934E0,-1.197100878E0
8.022898109E0,2.801215947E-1,-9.897629738E0,-1.204283476E0
8.024820717E0,2.705447972E-1,-9.885659218E0,-1.199495077E0
8.026834877E0,2.513911724E-1,-9.904812813E0,-1.177947283E0
8.028818519E0,2.394201756E-1,-9.926360130E0,-1.156399369E0
8.030802162E0,2.346317619E-1,-9.933543205E0,-1.144428372E0
8.032755287E0,2.226607651E-1,-9.926360130E0,-1.137245774E0
8.034769447E0,2.082955539E-1,-9.931148529E0,-1.130063176E0
8.036722572E0,1.915361285E-1,-9.935936928E0,-1.110909581E0
8.038675697E0,1.867477298E-1,-9.933543205E0,-1.084573388E0
8.040659340E0,1.843535304E-1,-9.933543205E0,-1.051054597E0
8.042642982E0,1.580173075E-1,-9.907206535E0,-1.031900883E0
8.044565590E0,1.197100878E-1,-9.888052940E0,-1.015141487E0
8.046579750E0,1.436520964E-1,-9.943120003E0,-9.481038451E-1
8.048532875E0,2.154781520E-1,-1.001973438E1,-8.738836050E-1
8.050516518E0,2.825157940E-1,-1.007001209E1,-8.307880163E-1
8.052469643E0,3.256114423E-1,-1.009395409E1,-8.116343617E-1
8.054453285E0,3.447650373E-1,-1.010592556E1,-7.852981687E-1
8.056375893E0,3.567360640E-1,-1.012268448E1,-7.589619160E-1
8.058390053E0,3.830722570E-1,-1.015620327E1,-7.350199223E-1
8.060312660E0,4.189853072E-1,-1.020169353E1,-7.110779285E-1
8.062326820E0,4.620809257E-1,-1.023760605E1,-6.823474765E-1
8.064279945E0,5.147533417E-1,-1.026873112E1,-6.679822803E-1
8.066294105E0,5.841852427E-1,-1.029027843E1,-6.703764796E-1
8.068216713E0,6.631938815E-1,-1.030703831E1,-6.655880809E-1
8.070230873E0,7.278373241E-1,-1.033816338E1,-6.392518282E-1
8.072183998E0,7.565677166E-1,-1.037886429E1,-6.033388376E-1
8.074167641E0,7.733271718E-1,-1.043153667E1,-5.722141862E-1
8.076151283E0,7.996633649E-1,-1.046745014E1,-5.506663918E-1
8.078134926E0,8.403648138E-1,-1.049618053E1,-5.339069963E-1
8.080057533E0,8.834604025E-1,-1.051772785E1,-5.243301988E-1
8.082071693E0,9.313444495E-1,-1.052969933E1,-5.099649429E-1
8.084024818E0,9.840168953E-1,-1.054166985E1,-5.003881454E-1
8.086008461E0,1.036689281E0,-1.055364132E1,-4.884171486E-1
8.087961586E0,1.082179189E0,-1.056321812E1,-4.620809257E-1
8.089975746E0,1.122880578E0,-1.058955383E1,-4.261679053E-1
8.091928871E0,1.156399369E0,-1.061110210E1,-3.974374831E-1
8.093912514E0,1.180341482E0,-1.062786102E1,-3.734954596E-1
8.095896156E0,1.197100878E0,-1.064701462E1,-3.495534360E-1
8.097879799E0,1.201889277E0,-1.065419769E1,-3.280056417E-1
8.099802406E0,1.211466074E0,-1.067095661E1,-2.968810201E-1
8.101816566E0,1.230619669E0,-1.068771648E1,-2.657563984E-1
8.103769691E0,1.242590666E0,-1.069489861E1,-2.513911724E-1
8.105753334E0,1.254561663E0,-1.069489861E1,-2.178723514E-1
8.107736977E0,1.256955862E0,-1.069011021E1,-2.059013397E-1
8.109751137E0,1.273715258E0,-1.068771648E1,-1.604115069E-1
8.111704262E0,1.276109457E0,-1.069250488E1,-1.364694983E-1
8.113687904E0,1.283292055E0,-1.071165848E1,-8.858546615E-2
8.115671547E0,1.288080573E0,-1.073560047E1,-4.070143029E-2
8.117655189E0,1.295263171E0,-1.076672459E1,1.675941236E-2
8.119577797E0,1.302445769E0,-1.080024433E1,7.182604820E-2
8.121591957E0,1.302445769E0,-1.083136845E1,1.292868853E-1
8.123545082E0,1.302445769E0,-1.086488724E1,1.891419291E-1
8.125559242E0,1.300051570E0,-1.089840603E1,2.561795712E-1
8.127512367E0,1.290474772E0,-1.093192482E1,3.088520169E-1
8.129496010E0,1.271321058E0,-1.097741508E1,3.639186621E-1
8.131418617E0,1.259350061E0,-1.103248119E1,4.309563041E-1
8.133402260E0,1.256955862E0,-1.108754826E1,5.051765442E-1
8.135355385E0,1.256955862E0,-1.114261436E1,5.746083856E-1
8.137339027E0,1.240196466E0,-1.120007515E1,6.344634295E-1
8.139292152E0,1.225831270E0,-1.125035381E1,6.967126727E-1
8.141306312E0,1.223437071E0,-1.130781460E1,7.661445141E-1
8.143228920E0,1.233013868E0,-1.136767006E1,8.379706144E-1
8.145243080E0,1.225831270E0,-1.142991924E1,9.050082564E-1
8.147196205E0,1.216254473E0,-1.149456215E1,9.528923035E-1
8.149179848E0,1.221042871E0,-1.155441761E1,9.888052940E-1
8.151132973E0,1.225831270E0,-1.159990692E1,1.024718285E0
8.153086098E0,1.223437071E0,-1.163342571E1,1.060631394E0
8.155039223E0,1.211466074E0,-1.165976238E1,1.115697980E0
8.157053383E0,1.192312479E0,-1.169088650E1,1.180341482E0
8.159006508E0,1.177947283E0,-1.172919369E1,1.247379065E0
8.160990150E0,1.142034173E0,-1.174834728E1,1.316810966E0
8.162973793E0,1.094150186E0,-1.175313568E1,1.386242747E0
8.164957436E0,1.055842996E0,-1.174595356E1,1.472434044E0
8.166880043E0,1.024718285E0,-1.173158836E1,1.582567334E0
8.168894203E0,9.840168953E-1,-1.171722317E1,1.702277422E0
8.170847328E0,9.457096457E-1,-1.170046329E1,1.833958507E0
8.172861488E0,9.097966552E-1,-1.167652130E1,1.977610588E0
8.174814613E0,8.738836050E-1,-1.165257931E1,2.133233786E0
8.176828773E0,8.355764151E-1,-1.163342571E1,2.296039343E0
8.178781898E0,7.948749661E-1,-1.161666679E1,2.454056740E0
8.180765541E0,7.541735172E-1,-1.159990692E1,2.612074137E0
8.182749184E0,6.991068721E-1,-1.159272480E1,2.772485495E0
8.184732826E0,6.320692301E-1,-1.159751320E1,2.918531895E0
8.186655434E0,5.746083856E-1,-1.161906052E1,3.047818661E0
8.188669594E0,5.195417404E-1,-1.164539719E1,3.167528868E0
8.190622719E0,4.477157295E-1,-1.168370438E1,3.277662039E0
8.192636879E0,3.591302633E-1,-1.174834728E1,3.383007050E0
8.194559486E0,2.729389966E-1,-1.183693314E1,3.485957623E0
8.196573646E0,1.939303428E-1,-1.194706631E1,3.574543238E0
8.198526771E0,1.053448766E-1,-1.207395935E1,3.651157618E0
8.200510414E0,2.394201607E-2,-1.221521664E1,3.703830004E0
8.202494057E0,-4.309562966E-2,-1.236126328E1,3.734954596E0
8.204477699E0,-1.029506698E-1,-1.250491524E1,3.756502390E0
8.206400307E0,-1.628057212E-1,-1.266293240E1,3.773261786E0
8.208414467E0,-2.346317619E-1,-1.282573891E1,3.773261786E0
8.210337074E0,-3.040636182E-1,-1.298136139E1,3.763684988E0
8.212351234E0,-3.734954596E-1,-1.311783123E1,3.746925592E0
8.214304359E0,-4.405331016E-1,-1.323993587E1,3.732560396E0
8.216288002E0,-5.075707436E-1,-1.333570385E1,3.699041605E0
8.218241127E0,-5.793967843E-1,-1.341950035E1,3.665522814E0
8.220224769E0,-6.368576288E-1,-1.349611473E1,3.634398222E0
8.222208412E0,-6.871358752E-1,-1.355357552E1,3.598485231E0
8.224192055E0,-7.422025204E-1,-1.357751751E1,3.545812607E0
8.226114662E0,-7.733271718E-1,-1.357512379E1,3.517082214E0
8.228128822E0,-8.714894056E-1,-1.353681660E1,3.445256233E0
8.230081947E0,-8.978256583E-1,-1.352005672E1,3.418920040E0
8.232065590E0,-9.504981041E-1,-1.346738434E1,3.354276657E0
8.234018715E0,-1.022324085E0,-1.338358784E1,3.289633036E0
8.236002357E0,-1.113303781E0,-1.329260826E1,3.229778051E0
8.237955482E0,-1.199495077E0,-1.319923401E1,3.172317266E0
8.239939125E0,-1.278503656E0,-1.308431244E1,3.124433279E0
8.241922768E0,-1.352723956E0,-1.295502567E1,3.066972494E0
8.243906410E0,-1.431732655E0,-1.280658531E1,2.995146275E0
8.245829018E0,-1.517923832E0,-1.263899040E1,2.928108692E0
8.247843178E0,-1.596932530E0,-1.246900272E1,2.880224705E0
8.249796303E0,-1.680729628E0,-1.229422569E1,2.832340717E0
8.251779945E0,-1.738190413E0,-1.211466026E1,2.789244890E0
8.253763588E0,-1.783680320E0,-1.193988419E1,2.758120298E0
8.255777748E0,-1.817199111E0,-1.176989555E1,2.722207308E0
8.257730873E0,-1.862688899E0,-1.160230160E1,2.667140722E0
8.259714516E0,-1.924938202E0,-1.143949604E1,2.578555346E0
8.261698158E0,-2.003946781E0,-1.128866100E1,2.444479942E0
8.263681801E0,-2.078166962E0,-1.114500904E1,2.286462545E0
8.265604408E0,-2.171540976E0,-1.102529907E1,2.114080191E0
8.267618568E0,-2.284068346E0,-1.092474270E1,1.934514999E0
8.269571693E0,-2.372653961E0,-1.082897472E1,1.742978811E0
8.271585853E0,-2.442085743E0,-1.074757099E1,1.558625340E0
8.273508461E0,-2.501940727E0,-1.067813969E1,1.386242747E0
8.275522621E0,-2.564189911E0,-1.062786102E1,1.242590666E0
8.277475746E0,-2.604891539E0,-1.061589050E1,1.120486379E0
8.279917152E0,-2.647987127E0,-1.068053341E1,1.000776291E0
8.281443031E0,-2.652775526E0,-1.070926380E1,9.600749016E-1
8.283457191E0,-2.647987127E0,-1.077390766E1,8.475474119E-1
8.285440834E0,-2.607285738E0,-1.084333992E1,7.038952708E-1
8.287393959E0,-2.525882721E0,-1.091755962E1,5.793967843E-1
8.289408119E0,-2.420537949E0,-1.099656868E1,4.692635238E-1
8.291422279E0,-2.319981337E0,-1.108036518E1,3.423708379E-1
8.293375404E0,-2.217030764E0,-1.117613316E1,1.867477298E-1
8.295359047E0,-2.152387381E0,-1.129823780E1,1.915361360E-2
8.297342689E0,-2.135627985E0,-1.143470764E1,-1.077390760E-1
8.299326332E0,-2.145204782E0,-1.155202293E1,-2.178723514E-1
8.301279457E0,-2.159569979E0,-1.165257931E1,-3.208230138E-1
8.303293617E0,-2.157175779E0,-1.172679996E1,-4.141969085E-1
8.305246742E0,-2.157175779E0,-1.177229023E1,-5.123591423E-1
8.307230385E0,-2.169146776E0,-1.180102062E1,-6.224924326E-1
8.309214027E0,-2.193088770E0,-1.184172153E1,-7.637503147E-1
8.311197670E0,-2.233790159E0,-1.189678860E1,-8.882488012E-1
8.313120277E0,-2.255337954E0,-1.194946098E1,-9.744400978E-1
8.315134437E0,-2.221819162E0,-1.199495029E1,-1.041477680E0
8.317087562E0,-2.145204782E0,-1.202846909E1,-1.120486379E0
8.319101723E0,-2.023100376E0,-1.201889229E1,-1.225831270E0
8.321054848E0,-1.819593310E0,-1.197340298E1,-1.321599364E0
8.323069008E0,-1.541865945E0,-1.190875912E1,-1.405396342E0
8.325022133E0,-1.233013868E0,-1.180580902E1,-1.496376038E0
8.327005775E0,-9.050082564E-1,-1.167412758E1,-1.635239720E0
8.328989418E0,-5.674257874E-1,-1.149935055E1,-1.814804912E0
8.330973061E0,-2.825157940E-1,-1.130542088E1,-1.991975784E0
8.332895668E0,-2.873042040E-2,-1.111867237E1,-2.171540976E0
8.334909828E0,2.585737705E-1,-1.095347309E1,-2.339135170E0
8.336862953E0,6.320692301E-1,-1.082418633E1,-2.525882721E0
8.338846596E0,8.954314590E-1,-1.070926380E1,-2.676717520E0
8.340830238E0,8.619126081E-1,-1.056321812E1,-2.753331900E0
8.342844398E0,6.153098345E-1,-1.042914295E1,-2.796427488E0
8.344797523E0,4.477157295E-1,-1.033816338E1,-2.861071110E0
8.346781166E0,4.165911078E-1,-1.027830791E1,-2.949656487E0
8.348764809E0,4.141969085E-1,-1.019211674E1,-3.016694069E0
8.350748451E0,3.758896589E-1,-1.008677197E1,-3.023876667E0
8.352701576E0,4.141969085E-1,-9.988609314E0,-2.995146275E0
8.354715736E0,6.296750307E-1,-9.914389610E0,-2.997540474E0
8.356668861E0,9.816226959E-1,-9.859322548E0,-3.069366693E0
8.358652504E0,1.352723956E0,-9.828198433E0,-3.229778051E0
8.360636146E0,1.683123827E0,-9.816226959E0,-3.404554844E0
8.362650307E0,1.965639591E0,-9.813833237E0,-3.519476414E0
8.364603432E0,2.296039343E0,-9.804255486E0,-3.505111217E0
8.366587074E0,2.705447912E0,-9.770736694E0,-3.356670856E0
8.368540199E0,3.059789658E0,-9.715670586E0,-3.143586874E0
8.370554359E0,3.272873640E0,-9.639056206E0,-2.873042107E0
8.372507484E0,3.466804028E0,-9.612719536E0,-2.645592928E0
8.374521644E0,3.636792421E0,-9.624691010E0,-2.454056740E0
8.376474769E0,3.706224203E0,-9.648633003E0,-2.281674147E0
8.378458412E0,3.617638826E0,-9.703699112E0,-2.140416384E0
8.380411537E0,3.325546265E0,-9.753977776E0,-1.956062794E0
8.382425697E0,2.846705914E0,-9.811438560E0,-1.680729628E0
8.384378822E0,2.319981337E0,-9.890447617E0,-1.367089152E0
8.386362465E0,1.908178806E0,-9.964667320E0,-1.120486379E0
8.388346107E0,1.685518026E0,-9.995792389E0,-9.744400978E-1
8.390329750E0,1.616086125E0,-1.005564690E1,-7.422025204E-1
8.392252357E0,1.613691926E0,-1.011550236E1,-5.315127969E-1
8.394236000E0,1.666364431E0,-1.028070164E1,-3.351882473E-2
8.396219643E0,1.759738207E0,-1.043871975E1,2.968810201E-1
8.398233803E0,1.783680320E0,-1.056561184E1,4.836287498E-1
8.400186928E0,1.690306425E0,-1.072123528E1,6.703764796E-1
8.402201088E0,1.544260144E0,-1.089122391E1,8.475474119E-1
8.404154213E0,1.426944256E0,-1.102769279E1,9.648633003E-1
8.406168373E0,1.374271750E0,-1.110430717E1,1.003170490E0
8.408121498E0,1.359906554E0,-1.116655636E1,9.983820915E-1
8.410135658E0,1.350329757E0,-1.123838234E1,1.029506683E0
8.412119301E0,1.340752959E0,-1.131020927E1,1.118092179E0
8.414102943E0,1.312022567E0,-1.137485218E1,1.240196466E0
8.416025551E0,1.244984865E0,-1.140597725E1,1.359906554E0
8.418039711E0,1.163581967E0,-1.140837097E1,1.474828243E0
8.419992836E0,1.039083481E0,-1.137964058E1,1.563413739E0
8.421976478E0,8.643068075E-1,-1.134851646E1,1.642422318E0
8.423929603E0,6.751648784E-1,-1.131739140E1,1.728613615E0
8.425943764E0,4.812345505E-1,-1.126711273E1,1.786074519E0
8.427896889E0,2.849099934E-1,-1.120725822E1,1.802833915E0
8.429880531E0,8.858546615E-2,-1.113064384E1,1.805228114E0
8.431864174E0,-8.379705995E-2,-1.104205799E1,1.812410712E0
8.433847816E0,-2.346317619E-1,-1.094629002E1,1.800439715E0
8.435800941E0,-3.734954596E-1,-1.087446404E1,1.793257117E0
8.437815102E0,-5.003881454E-1,-1.078827286E1,1.788468719E0
8.439768227E0,-5.913678408E-1,-1.065180302E1,1.766920805E0
8.441782387E0,-6.296750307E-1,-1.050575733E1,1.759738207E0
8.443735512E0,-6.248866320E-1,-1.036928749E1,1.762132406E0
8.445749672E0,-5.770025849E-1,-1.021127033E1,1.790862918E0
8.447672279E0,-4.979939461E-1,-1.004128170E1,1.819593310E0
8.449686439E0,-4.237737060E-1,-9.907206535E0,1.843535304E0
8.451670082E0,-3.687070608E-1,-9.804255486E0,1.874659896E0
8.453653725E0,-2.968810201E-1,-9.662998199E0,1.910573006E0
8.455606850E0,-1.723825186E-1,-9.488221169E0,1.936909199E0
8.457621010E0,-5.027823523E-2,-9.323021889E0,1.865083098E0
8.459574135E0,-7.182605099E-3,-9.198522568E0,1.714248419E0
8.461557777E0,0.000000000E0,-9.102754593E0,1.546654344E0
8.463510902E0,9.576806799E-3,-9.023746490E0,1.376665950E0
8.465525062E0,1.197100803E-2,-8.975862503E0,1.201889277E0
8.467447670E0,-4.788403399E-3,-8.932766914E0,1.060631394E0
8.469461830E0,2.394201700E-3,-8.889671326E0,9.265560508E-1
8.471445473E0,2.154781483E-2,-8.860940933E0,7.757213712E-1
8.473429115E0,1.915361360E-2,-8.836998940E0,6.200982332E-1
8.475382240E0,4.788403399E-3,-8.803479195E0,4.548983276E-1
8.477396400E0,-4.070143029E-2,-8.755595207E0,3.184288144E-1
8.479349525E0,-1.316810995E-1,-8.705317497E0,2.011129409E-1
8.481333168E0,-2.394201756E-1,-8.657433510E0,9.576806426E-2
8.483255775E0,-3.351882398E-1,-8.645462036E0,7.182605099E-3
8.485269936E0,-4.213795066E-1,-8.643068314E0,-2.394201607E-2
8.487223061E0,-4.692635238E-1,-8.607154846E0,4.309562966E-2
8.489206703E0,-4.620809257E-1,-8.544905663E0,1.532289088E-1
8.491190346E0,-4.405331016E-1,-8.501810074E0,2.873041928E-1
8.493173988E0,-4.429273009E-1,-8.489839554E0,4.309563041E-1
8.495096596E0,-4.836287498E-1,-8.480262756E0,5.482721925E-1
8.497110756E0,-4.979939461E-1,-8.446743965E0,6.488286853E-1
8.499063881E0,-4.716577232E-1,-8.396465302E0,7.230489254E-1
8.501047523E0,-4.668693244E-1,-8.346187592E0,7.709329724E-1
8.503000648E0,-4.955997467E-1,-8.310274124E0,7.996633649E-1
8.505014809E0,-5.051765442E-1,-8.267178535E0,8.475474119E-1
8.506967934E0,-5.003881454E-1,-8.195352554E0,9.217676520E-1
8.508951576E0,-5.195417404E-1,-8.123526573E0,1.000776291E0
8.510935219E0,-5.650315881E-1,-8.073247910E0,1.086967587E0
8.512918861E0,-6.105214357E-1,-8.025363922E0,1.197100878E0
8.514871986E0,-6.655880809E-1,-7.970297337E0,1.283292055E0
8.516886146E0,-7.757213712E-1,-7.908048153E0,1.187524080E0
8.518839271E0,-8.906430602E-1,-7.831433773E0,1.063025594E0
8.520822914E0,-9.911994934E-1,-7.764396191E0,1.029506683E0
8.522776039E0,-1.079784989E0,-7.709329605E0,1.041477680E0
8.524790199E0,-1.156399369E0,-7.647080421E0,1.086967587E0
8.526743324E0,-1.240196466E0,-7.592013359E0,1.156399369E0
8.528726967E0,-1.295263171E0,-7.527369976E0,1.192312479E0
8.530710609E0,-1.321599364E0,-7.450755596E0,1.177947283E0
8.532694252E0,-1.323993564E0,-7.374141216E0,1.158793569E0
8.534647377E0,-1.331176162E0,-7.290344238E0,1.161187768E0
8.536661537E0,-1.357512355E0,-7.204153061E0,1.168370485E0
8.538614662E0,-1.386242747E0,-7.127538681E0,1.134851575E0
8.540628822E0,-1.403002143E0,-7.053318024E0,1.072602391E0
8.542581947E0,-1.398213744E0,-7.005434036E0,1.015141487E0
8.544596107E0,-1.357512355E0,-6.945579052E0,9.672574997E-1
8.546579750E0,-1.295263171E0,-6.856993675E0,9.074024558E-1
8.548563393E0,-1.254561663E0,-6.789956093E0,8.355764151E-1
8.550547035E0,-1.264138460E0,-6.749254704E0,7.469909191E-1
8.552530678E0,-1.273715258E0,-6.701370716E0,6.799532771E-1
8.554453285E0,-1.261744261E0,-6.658275127E0,6.296750307E-1
8.556467445E0,-1.266532660E0,-6.634333134E0,5.889736414E-1
8.558420570E0,-1.273715258E0,-6.622362137E0,5.746083856E-1
8.560434730E0,-1.280897856E0,-6.567295074E0,5.363011956E-1
8.562387855E0,-1.273715258E0,-6.540958881E0,5.195417404E-1
8.564402016E0,-1.209071875E0,-6.416460514E0,4.908113480E-1
8.566324623E0,-1.197100878E0,-6.373364925E0,4.908113480E-1
8.568338783E0,-1.213860273E0,-6.282385349E0,4.955997467E-1
8.570291908E0,-1.244984865E0,-6.174646378E0,5.003881454E-1
8.572245033E0,-1.242590666E0,-6.057330132E0,4.955997467E-1
8.574228676E0,-1.247379065E0,-5.947196960E0,4.932055473E-1
8.576242836E0,-1.309628367E0,-5.865794182E0,4.955997467E-1
8.578195961E0,-1.407790542E0,-5.789179802E0,4.884171486E-1
8.580179603E0,-1.527500629E0,-5.724536419E0,4.668693244E-1
8.582102211E0,-1.666364431E0,-5.676652431E0,4.620809257E-1
8.584116371E0,-1.814804912E0,-5.631162167E0,4.501099288E-1
8.586069496E0,-1.987187386E0,-5.607220173E0,4.501099288E-1
8.588053139E0,-2.171540976E0,-5.607220173E0,4.572925270E-1
8.590036781E0,-2.351106167E0,-5.626373768E0,4.668693244E-1
8.592020424E0,-2.492363930E0,-5.645527840E0,4.740519226E-1
8.593943031E0,-2.609679937E0,-5.662287235E0,4.668693244E-1
8.595957191E0,-2.710236311E0,-5.667075634E0,4.381389022E-1
8.597940834E0,-2.796427488E0,-5.662287235E0,4.213795066E-1
8.599924477E0,-2.846705914E0,-5.662287235E0,4.237737060E-1
8.601847084E0,-2.858676910E0,-5.659893036E0,4.189853072E-1
8.603861244E0,-2.834734917E0,-5.631162167E0,3.974374831E-1
8.605814369E0,-2.829946518E0,-5.600037575E0,3.782838583E-1
8.607798012E0,-2.882618904E0,-5.597643375E0,3.926490843E-1
8.609781654E0,-2.935291290E0,-5.604825974E0,4.333505034E-1
8.611765297E0,-2.942473888E0,-5.590460777E0,4.788403511E-1
8.613687904E0,-2.920926094E0,-5.564124584E0,5.147533417E-1
8.615702064E0,-2.913743496E0,-5.554547787E0,5.578489900E-1
8.617685707E0,-2.940079689E0,-5.578489780E0,6.057330370E-1
8.619669350E0,-2.966415882E0,-5.597643375E0,6.440402865E-1
8.621591957E0,-2.968810081E0,-5.590460777E0,6.775590777E-1
8.623606117E0,-2.964021683E0,-5.583278179E0,7.158663273E-1
8.625559242E0,-2.954444885E0,-5.571307182E0,7.469909191E-1
8.627542885E0,-2.935291290E0,-5.556941986E0,7.589619160E-1
8.629526527E0,-2.906560898E0,-5.535394192E0,7.733271718E-1
8.631510170E0,-2.877830505E0,-5.509057999E0,7.900865674E-1
8.633463295E0,-2.849100113E0,-5.492298603E0,8.068459630E-1
8.635446937E0,-2.820369720E0,-5.487510204E0,8.068459630E-1
8.637430580E0,-2.808398485E0,-5.480327606E0,8.164227605E-1
8.639444740E0,-2.794033289E0,-5.470750809E0,8.499416113E-1
8.641397865E0,-2.750937700E0,-5.458779812E0,8.810662031E-1
8.643381508E0,-2.676717520E0,-5.444414616E0,9.026140571E-1
8.645334633E0,-2.602497339E0,-5.425261021E0,9.241618514E-1
8.647348793E0,-2.535459518E0,-5.413290024E0,9.433154464E-1
8.649301918E0,-2.492363930E0,-5.427655220E0,9.720458984E-1
8.651316078E0,-2.454056740E0,-5.446808815E0,1.003170490E0
8.653269203E0,-2.415749550E0,-5.468356609E0,1.031900883E0
8.655252846E0,-2.370259762E0,-5.487510204E0,1.060631394E0
8.657236488E0,-2.312798738E0,-5.509057999E0,1.074996591E0
8.659250648E0,-2.245761156E0,-5.530605793E0,1.072602391E0
8.661203773E0,-2.166752577E0,-5.559336185E0,1.067813993E0
8.663187416E0,-2.097320795E0,-5.588066578E0,1.079784989E0
8.665171059E0,-2.025494576E0,-5.609614372E0,1.101332784E0
8.667154701E0,-1.944091797E0,-5.626373768E0,1.134851575E0
8.669107826E0,-1.877054095E0,-5.652710438E0,1.180341482E0
8.671121986E0,-1.802833915E0,-5.676652431E0,1.233013868E0
8.673075111E0,-1.735796213E0,-5.710171223E0,1.276109457E0
8.675058754E0,-1.680729628E0,-5.743690014E0,1.300051570E0
8.677011879E0,-1.642422318E0,-5.791574001E0,1.314416766E0
8.679026039E0,-1.620874524E0,-5.846640587E0,1.326387763E0
8.681009682E0,-1.596932530E0,-5.896918774E0,1.357512355E0
8.683023842E0,-1.568202138E0,-5.940014362E0,1.405396342E0
8.684976967E0,-1.534683347E0,-5.978321552E0,1.467645645E0
8.686991127E0,-1.503558636E0,-6.016628742E0,1.525106430E0
8.688944252E0,-1.470039845E0,-6.054935932E0,1.570596337E0
8.690927894E0,-1.426944256E0,-6.095637321E0,1.630451322E0
8.692881019E0,-1.364694953E0,-6.133944988E0,1.699883223E0
8.694864662E0,-1.288080573E0,-6.167463779E0,1.762132406E0
8.696817787E0,-1.204283476E0,-6.203376770E0,1.838746905E0
8.698831947E0,-1.125274777E0,-6.246472359E0,1.932120800E0
8.700785072E0,-1.053448796E0,-6.303933144E0,2.030282974E0
8.702768715E0,-9.888052940E-1,-6.382941723E0,2.145204782E0
8.704752357E0,-9.241618514E-1,-6.481103897E0,2.272097349E0
8.706736000E0,-8.571242094E-1,-6.588842869E0,2.387019157E0
8.708689125E0,-7.852981687E-1,-6.708553314E0,2.504334927E0
8.710703285E0,-7.015010715E-1,-6.835445881E0,2.616862535E0
8.712656410E0,-6.057330370E-1,-6.983886242E0,2.726995707E0
8.714640053E0,-4.955997467E-1,-7.153874874E0,2.844311714E0
8.716623695E0,-3.854664862E-1,-7.321468830E0,2.971204281E0
8.718637855E0,-2.585737705E-1,-7.479485989E0,3.081337690E0
8.720590980E0,-1.939303428E-1,-7.558494568E0,3.131615877E0
8.722574623E0,-4.548983276E-2,-7.833827972E0,3.280056238E0
8.724558266E0,-4.788403399E-3,-7.939172745E0,3.337517262E0
8.726541908E0,1.101332754E-1,-8.147468567E0,3.476380825E0
8.728464516E0,2.633621991E-1,-8.343792915E0,3.651157618E0
8.730478676E0,4.453215301E-1,-8.520963669E0,3.847482204E0
8.732401283E0,6.296750307E-1,-8.695740700E0,4.070142746E0
8.734415443E0,8.068459630E-1,-8.858546257E0,4.299986362E0
8.736368568E0,9.816226959E-1,-9.035717010E0,4.525041103E0
8.738352211E0,1.137245774E0,-9.232041359E0,4.747702122E0
8.740305336E0,1.283292055E0,-9.425971985E0,4.970362663E0
8.742319496E0,1.422155857E0,-9.607931137E0,5.185841084E0
8.744272621E0,1.553836942E0,-9.797073364E0,5.389348030E0
8.746256264E0,1.663970232E0,-9.991003990E0,5.602431774E0
8.748239906E0,1.771709204E0,-1.018014526E1,5.827486992E0
8.750223549E0,1.857900500E0,-1.038125896E1,6.059724331E0
8.752176674E0,1.941697598E0,-1.058716011E1,6.275202751E0
8.754190834E0,2.023100376E0,-1.080982113E1,6.466738701E0
8.756143959E0,2.099714994E0,-1.106121159E1,6.660669327E0
8.758127602E0,2.169146776E0,-1.132217979E1,6.871358871E0
8.760080727E0,2.248155355E0,-1.158793640E1,7.089231014E0
8.762094887E0,2.343923569E0,-1.187763500E1,7.271190643E0
8.764017494E0,2.427720547E0,-1.219127464E1,7.438784599E0
8.766031654E0,2.525882721E0,-1.249773312E1,7.601590633E0
8.767984779E0,2.652775526E0,-1.280419064E1,7.714118004E0
8.769937904E0,2.772485495E0,-1.311064816E1,7.771578789E0
8.771921547E0,2.899378300E0,-1.340513515E1,7.790732384E0
8.773935707E0,3.045424461E0,-1.367807388E1,7.795520782E0
8.775888832E0,3.198653460E0,-1.393664837E1,7.790732384E0
8.777872475E0,3.342305660E0,-1.417127991E1,7.800309181E0
8.779825600E0,3.483563423E0,-1.435802746E1,7.848193169E0
8.781839760E0,3.586514235E0,-1.452083302E1,7.912836552E0
8.783792885E0,3.632004023E0,-1.466209126E1,8.003816605E0
8.785776527E0,3.634398222E0,-1.478419590E1,8.152256966E0
8.787760170E0,3.591302633E0,-1.489193439E1,8.358158112E0
8.789743812E0,3.514688015E0,-1.497333717E1,8.626308441E0
8.791696937E0,3.411737442E0,-1.501643276E1,8.954314232E0
8.793711098E0,3.294421434E0,-1.501882744E1,9.308655739E0
8.795633705E0,3.155557871E0,-1.498291397E1,9.660603523E0
8.797647865E0,3.002328873E0,-1.488954067E1,1.001973438E1
8.799600990E0,2.815581083E0,-1.473870564E1,1.035492229E1
8.801584633E0,2.612074137E0,-1.455435181E1,1.062786102E1
8.803568275E0,2.403778553E0,-1.434845066E1,1.083855152E1
8.805551918E0,2.173935175E0,-1.412578964E1,1.097023201E1
8.807474525E0,1.924938202E0,-1.386721611E1,1.102290440E1
8.809488686E0,1.668758631E0,-1.358709431E1,1.099417400E1
8.811472328E0,1.403002143E0,-1.329739666E1,1.090080070E1
8.813455971E0,1.127668977E0,-1.298854446E1,1.073560047E1
8.815378578E0,8.595184088E-1,-1.265814400E1,1.050096893E1
8.817392738E0,6.057330370E-1,-1.232774448E1,1.019690514E1
8.819345863E0,3.519476354E-1,-1.197579670E1,9.809044838E0
8.821329506E0,1.005564705E-1,-1.159751320E1,9.334992409E0
8.823313148E0,-1.460463107E-1,-1.122162342E1,8.815450668E0
8.825296791E0,-4.022258818E-1,-1.086488724E1,8.288725853E0
8.827219398E0,-6.727706790E-1,-1.052969933E1,7.740454197E0
8.829233559E0,-9.768342972E-1,-1.023042393E1,7.153874874E0
8.831186684E0,-1.300051570E0,-9.969455719E0,6.555324078E0
8.833170326E0,-1.635239720E0,-9.768342972E0,5.978321552E0
8.835153969E0,-1.972822189E0,-9.612719536E0,5.449203014E0
8.837168129E0,-2.317587137E0,-9.504981041E0,5.001487255E0
8.839121254E0,-2.643198729E0,-9.440337181E0,4.642356873E0
8.841104896E0,-2.935291290E0,-9.423578262E0,4.347870350E0
8.843088539E0,-3.193865061E0,-9.452308655E0,4.106055737E0
8.845072182E0,-3.411737442E0,-9.507374763E0,3.909731388E0
8.846994789E0,-3.579331636E0,-9.583989143E0,3.694253206E0
8.849008949E0,-3.684676409E0,-9.660603523E0,3.428496838E0
8.850962074E0,-3.706224203E0,-9.706093788E0,3.088520288E0
8.852945717E0,-3.617638826E0,-9.710882187E0,2.647987127E0
8.854929359E0,-3.457227230E0,-9.660603523E0,2.111685991E0
8.856943519E0,-3.265691042E0,-9.579200745E0,1.496376038E0
8.858896644E0,-3.069366693E0,-9.473855972E0,8.236053586E-1
8.860880287E0,-2.849100113E0,-9.339780807E0,9.337386489E-2
8.862863930E0,-2.597708941E0,-9.203310966E0,-6.607996821E-1
8.864847572E0,-2.461239338E0,-9.153033257E0,-9.935936928E-1
8.866770180E0,-2.195482969E0,-9.100360870E0,-1.517923832E0
8.868784340E0,-1.991975784E0,-9.117119789E0,-1.893813491E0
8.870737465E0,-1.872265697E0,-9.203310966E0,-2.214636564E0
8.872721107E0,-1.826775908E0,-9.339780807E0,-2.554613113E0
8.874704750E0,-1.845929503E0,-9.476250648E0,-2.968810081E0
8.876688393E0,-1.896207690E0,-9.622296333E0,-3.452438831E0
8.878641518E0,-1.975216389E0,-9.789890289E0,-3.988739967E0
8.880655678E0,-2.092532396E0,-9.988609314E0,-4.560954094E0
8.882578285E0,-2.257732153E0,-1.022324085E1,-5.142745018E0
8.884592445E0,-2.437297344E0,-1.049857426E1,-5.724536419E0
8.886545570E0,-2.607285738E0,-1.078587818E1,-6.275202751E0
8.888498695E0,-2.789244890E0,-1.108754826E1,-6.732495308E0
8.890482338E0,-2.992752075E0,-1.142752457E1,-7.129932880E0
8.892465980E0,-3.203441858E0,-1.180102062E1,-7.448361397E0
8.894419105E0,-3.457227230E0,-1.220803452E1,-7.647080421E0
8.896402748E0,-3.746925592E0,-1.264377880E1,-7.709329605E0
8.898386391E0,-4.000710964E0,-1.310825443E1,-7.661445618E0
8.900370033E0,-4.218583584E0,-1.353921032E1,-7.522581577E0
8.902323158E0,-4.460397720E0,-1.393185997E1,-7.316680431E0
8.904337318E0,-4.716577530E0,-1.430535507E1,-7.041347027E0
8.906290443E0,-4.905719280E0,-1.459744740E1,-6.643909931E0
8.908274086E0,-5.020640850E0,-1.478898430E1,-6.131550789E0
8.910257728E0,-5.078101635E0,-1.492305946E1,-5.576095581E0
8.912241371E0,-5.078101635E0,-1.499249077E1,-5.035006046E0
8.914194496E0,-5.046977043E0,-1.503079796E1,-4.474762917E0
8.916178139E0,-5.023035049E0,-1.504755783E1,-3.902548790E0
8.918161781E0,-5.003881454E0,-1.506910515E1,-3.306392431E0
8.920145424E0,-4.979939461E0,-1.508107662E1,-2.655169725E0
8.922098549E0,-4.936843872E0,-1.506671143E1,-1.884236693E0
8.924112709E0,-4.812345505E0,-1.502122116E1,-9.720458984E-1
8.926065834E0,-4.563348293E0,-1.494460678E1,1.244984865E-1
8.928049477E0,-4.209006786E0,-1.486559868E1,1.453280449E0
8.930033119E0,-3.751713991E0,-1.471236992E1,2.932897091E0
8.932016762E0,-3.155557871E0,-1.447294903E1,4.458003521E0
8.933939369E0,-2.413355350E0,-1.417127991E1,5.940014362E0
8.935953529E0,-1.572990537E0,-1.378341961E1,7.187393665E0
8.937906654E0,-7.709329724E-1,-1.335725117E1,7.953537941E0
8.939890297E0,-1.005564705E-1,-1.292629528E1,8.185775757E0
8.941873939E0,4.429273009E-1,-1.249533844E1,7.982268333E0
8.943857582E0,9.121908545E-1,-1.205480576E1,7.405265808E0
8.945780189E0,1.338358760E0,-1.160948372E1,6.483498096E0
8.947794350E0,1.673547029E0,-1.116895103E1,5.250484467E0
8.949747475E0,1.908178806E0,-1.075475407E1,3.754108191E0
8.951761635E0,2.092532396E0,-1.035971069E1,2.037465572E0
8.953684242E0,2.233790159E0,-9.974244118E0,1.675941199E-1
8.955698402E0,2.387019157E0,-9.603142738E0,-1.752555609E0
8.957651527E0,2.549824715E0,-9.229647636E0,-3.519476414E0
8.959635170E0,2.693476915E0,-8.822632790E0,-4.967968464E0
8.961618812E0,2.822763920E0,-8.394071579E0,-5.947196960E0
8.963602455E0,2.959233284E0,-7.977479935E0,-6.404489517E0
8.965525062E0,3.040636063E0,-7.592013359E0,-6.375759125E0
8.967539223E0,2.966415882E0,-7.247248650E0,-6.007051945E0
8.969492348E0,2.779668093E0,-6.943184853E0,-5.506663799E0
8.971506508E0,2.518700123E0,-6.653486729E0,-5.044582844E0
8.973459633E0,2.212242365E0,-6.351817131E0,-4.695029736E0
8.975443275E0,1.977610588E0,-6.021417141E0,-4.462791920E0
8.977396400E0,1.821987510E0,-5.698200226E0,-4.321534157E0
8.979410561E0,1.604115129E0,-5.418078423E0,-4.268861771E0
8.981363686E0,1.328781962E0,-5.178658485E0,-4.266467571E0
8.983347328E0,1.063025594E0,-5.003881454E0,-4.285621166E0
8.985330971E0,8.571242094E-1,-4.917690277E0,-4.405331135E0
8.987314613E0,7.517793179E-1,-4.915296078E0,-4.544194698E0
8.989237221E0,7.469909191E-1,-4.960785866E0,-4.582501888E0
8.991251381E0,6.584054828E-1,-5.061342239E0,-4.407725334E0
8.993204506E0,4.165911078E-1,-5.224148273E0,-4.101267338E0
8.995188148E0,1.675941199E-1,-5.437232018E0,-3.794809580E0
8.997141273E0,6.703764945E-2,-5.549759388E0,-3.655946016E0
8.999155434E0,-1.149216816E-1,-5.774814606E0,-3.430891037E0
9.001108559E0,-3.256114423E-1,-5.995080948E0,-3.251325846E0
9.003092201E0,-5.674257874E-1,-6.239289761E0,-3.057395458E0
9.005075844E0,-7.086837292E-1,-6.497863293E0,-2.973598480E0
9.007059486E0,-6.919242740E-1,-6.758831501E0,-3.131615877E0
9.009012611E0,-6.631938815E-1,-7.091625214E0,-3.473986626E0
9.011026771E0,-6.679822803E-1,-7.563282967E0,-3.552995205E0
9.012979896E0,-5.099649429E-1,-8.104372978E0,-3.335123062E0
9.014963539E0,-2.705447972E-1,-8.628703117E0,-3.102885485E0
9.016916664E0,5.506663769E-2,-9.078812599E0,-2.870647907E0
9.018930824E0,4.261679053E-1,-9.481039047E0,-2.636016130E0
9.020853432E0,7.805097699E-1,-9.852140427E0,-2.384624958E0
9.022867592E0,1.151610970E0,-1.020887566E1,-2.094926596E0
9.024820717E0,1.529894829E0,-1.054166985E1,-1.771709204E0
9.026804359E0,1.891419291E0,-1.082897472E1,-1.417367458E0
9.028757484E0,2.252943754E0,-1.108994198E1,-1.019929886E0
9.030771644E0,2.621650934E0,-1.131260300E1,-6.105214357E-1
9.032724769E0,2.980781078E0,-1.149216843E1,-2.178723514E-1
9.034708412E0,3.366247654E0,-1.162863731E1,1.005564705E-1
9.036661537E0,3.847482204E0,-1.174355888E1,2.968810201E-1
9.038675697E0,4.405331135E0,-1.185608673E1,3.471592367E-1
9.040628822E0,4.829104900E0,-1.193270111E1,3.112462163E-1
9.042612465E0,5.032611847E0,-1.194946098E1,2.801215947E-1
9.044596107E0,5.097255230E0,-1.191594219E1,2.849099934E-1
9.046579750E0,5.166687489E0,-1.183453941E1,3.064578176E-1
9.048532875E0,5.228936672E0,-1.171961689E1,3.734954596E-1
9.050547035E0,5.171475887E0,-1.160948372E1,5.482721925E-1
9.052500160E0,5.001487255E0,-1.151371574E1,8.212111592E-1
9.054483803E0,4.793191910E0,-1.142752457E1,1.130063176E0
9.056436928E0,4.592078686E0,-1.131739140E1,1.393425345E0
9.058451088E0,4.441244125E0,-1.116176796E1,1.584961534E0
9.060373695E0,4.357447147E0,-1.097741508E1,1.702277422E0
9.062387855E0,4.276044369E0,-1.078587818E1,1.781286120E0
9.064371498E0,4.139574528E0,-1.059434223E1,1.877054095E0
9.066355141E0,3.936067581E0,-1.041477776E1,2.001552582E0
9.068308266E0,3.711012602E0,-1.025675964E1,2.128445387E0
9.070322426E0,3.454833031E0,-1.013944435E1,2.279279947E0
9.072275551E0,3.124433279E0,-1.005325317E1,2.466027737E0
9.074259193E0,2.760514498E0,-9.964667320E0,2.662352324E0
9.076212318E0,2.427720547E0,-9.849745750E0,2.813186884E0
9.078226478E0,2.164358377E0,-9.708487511E0,2.899378300E0
9.080210121E0,1.944091797E0,-9.550470352E0,2.935291290E0
9.082193764E0,1.731007814E0,-9.397241592E0,2.923320293E0
9.084177406E0,1.522712231E0,-9.253589630E0,2.837129116E0
9.086161049E0,1.328781962E0,-9.114726067E0,2.693476915E0
9.088114174E0,1.144428372E0,-8.963891029E0,2.535459518E0
9.090097816E0,9.552865028E-1,-8.801085472E0,2.370259762E0
9.092050941E0,6.584054828E-1,-8.683769226E0,2.169146776E0
9.094065102E0,1.987187415E-1,-8.621520042E0,1.908178806E0
9.096018227E0,-3.734954596E-1,-8.585607529E0,1.613691926E0
9.098001869E0,-1.005564690E0,-8.564059258E0,1.316810966E0
9.099985512E0,-1.565807939E0,-8.530540466E0,9.648633003E-1
9.101969154E0,-1.900996208E0,-8.480262756E0,5.099649429E-1
9.103922279E0,-2.059013367E0,-8.398859978E0,-4.788403213E-2
9.105936439E0,-2.226607561E0,-8.315062523E0,-5.650315881E-1
9.107889564E0,-2.504334927E0,-8.252813339E0,-9.504981041E-1
9.109873207E0,-2.796427488E0,-8.209717751E0,-1.158793569E0
9.111826332E0,-3.014299870E0,-8.178592682E0,-1.182735682E0
9.113840492E0,-3.162740469E0,-8.171410561E0,-1.041477680E0
9.115793617E0,-3.284844637E0,-8.188169479E0,-7.805097699E-1
9.117777260E0,-3.414131641E0,-8.231265068E0,-4.668693244E-1
9.119760902E0,-3.521870613E0,-8.322244644E0,-1.747767180E-1
9.121744545E0,-3.603273630E0,-8.458714485E0,3.351882473E-2
9.123667152E0,-3.670311213E0,-8.623914719E0,1.268926859E-1
9.125681312E0,-3.746925592E0,-8.808267593E0,1.316810995E-1
9.127634437E0,-3.823540211E0,-8.983044624E0,9.097966552E-2
9.129618080E0,-3.876212597E0,-9.131484985E0,4.070143029E-2
9.131601723E0,-3.888183594E0,-9.255983353E0,2.633621916E-2
9.133615883E0,-3.876212597E0,-9.354146004E0,5.027823523E-2
9.135569008E0,-3.816357613E0,-9.437943459E0,1.125274822E-1
9.137552650E0,-3.667917013E0,-9.502586365E0,2.106897533E-1
9.139536293E0,-3.416525841E0,-9.552865028E0,3.327940404E-1
9.141519936E0,-3.095702887E0,-9.593565941E0,4.189853072E-1
9.143473061E0,-2.755726099E0,-9.627084732E0,4.309563041E-1
9.145487221E0,-2.420537949E0,-9.665391922E0,3.974374831E-1
9.147440346E0,-2.085349798E0,-9.715670586E0,3.423708379E-1
9.149423988E0,-1.762132406E0,-9.761159897E0,2.801215947E-1
9.151407631E0,-1.446097851E0,-9.777919769E0,2.226607651E-1
9.153421791E0,-1.127668977E0,-9.761159897E0,1.675941199E-1
9.155374916E0,-7.900865674E-1,-9.734824181E0,1.268926859E-1
9.157358559E0,-4.477157295E-1,-9.701305389E0,1.101332754E-1
9.159342201E0,-1.005564705E-1,-9.653421402E0,1.101332754E-1
9.161325844E0,7.900865376E-2,-9.622296333E0,1.173158810E-1
9.163278969E0,4.501099288E-1,-9.560047150E0,1.532289088E-1
9.165293129E0,8.164227605E-1,-9.509769440E0,2.106897533E-1
9.167246254E0,1.156399369E0,-9.452308655E0,2.753331959E-1
9.169229896E0,1.474828243E0,-9.418789864E0,3.447650373E-1
9.171183021E0,1.786074519E0,-9.378087997E0,4.141969085E-1
9.173197182E0,2.085349798E0,-9.318233490E0,4.596867263E-1
9.175150307E0,2.355894566E0,-9.260771751E0,4.812345505E-1
9.177133949E0,2.624045134E0,-9.222464561E0,4.788403511E-1
9.179117592E0,2.877830505E0,-9.193734169E0,4.644751251E-1
9.181101234E0,3.105279684E0,-9.186552048E0,4.309563041E-1
9.183054359E0,3.289633036E0,-9.186552048E0,3.854664862E-1
9.185068519E0,3.426102638E0,-9.174580574E0,3.184288144E-1
9.187021644E0,3.529053211E0,-9.153033257E0,2.322375625E-1
9.189035805E0,3.584120035E0,-9.121908188E0,1.364694983E-1
9.190988930E0,3.598485231E0,-9.095572472E0,4.548983276E-2
9.193003090E0,3.581725836E0,-9.090784073E0,-5.027823523E-2
9.194956215E0,3.533841610E0,-9.102754593E0,-1.532289088E-1
9.196970375E0,3.454833031E0,-9.107542992E0,-2.537853718E-1
9.198892982E0,3.349488258E0,-9.097966194E0,-3.591302633E-1
9.200907143E0,3.227383852E0,-9.088389397E0,-4.572925270E-1
9.202890785E0,3.088520288E0,-9.081207275E0,-5.530605912E-1
9.204874428E0,2.920926094E0,-9.088389397E0,-6.296750307E-1
9.206797035E0,2.731784105E0,-9.095572472E0,-6.823474765E-1
9.208811195E0,2.540247917E0,-9.100360870E0,-7.278373241E-1
9.210794838E0,2.351106167E0,-9.112331390E0,-7.733271718E-1
9.212778480E0,2.154781580E0,-9.121908188E0,-8.212111592E-1
9.214701088E0,1.951274395E0,-9.133879662E0,-8.714894056E-1
9.216715248E0,1.745373011E0,-9.141061783E0,-9.217676520E-1
9.218668373E0,1.544260144E0,-9.141061783E0,-9.768342972E-1
9.220652016E0,1.355118155E0,-9.136273384E0,-1.029506683E0
9.222635658E0,1.158793569E0,-9.131484985E0,-1.070208192E0
9.224619301E0,9.792284966E-1,-9.129091263E0,-1.108515382E0
9.226541908E0,8.140285611E-1,-9.119514465E0,-1.139639974E0
9.228556068E0,6.631938815E-1,-9.117119789E0,-1.168370485E0
9.230509193E0,5.099649429E-1,-9.131484985E0,-1.194706678E0
9.232492836E0,3.806780577E-1,-9.145850182E0,-1.197100878E0
9.234445961E0,2.705447972E-1,-9.148244858E0,-1.192312479E0
9.236460121E0,1.675941199E-1,-9.145850182E0,-1.168370485E0
9.238413246E0,7.182604820E-2,-9.148244858E0,-1.132457376E0
9.240396889E0,7.182605099E-3,-9.155426979E0,-1.074996591E0
9.242380531E0,-4.070143029E-2,-9.157821655E0,-1.012747288E0
9.244364174E0,-6.464344263E-2,-9.148244858E0,-9.504981041E-1
9.246286781E0,-7.661445439E-2,-9.129091263E0,-8.882488012E-1
9.248300941E0,-8.140286058E-2,-9.109937668E0,-8.283938169E-1
9.250254066E0,-6.464344263E-2,-9.090784073E0,-7.661445141E-1
9.252237709E0,-2.633621916E-2,-9.066842079E0,-7.038952708E-1
9.254190834E0,1.675941236E-2,-9.040505409E0,-6.560112834E-1
9.256204994E0,6.464344263E-2,-9.018958092E0,-6.153098345E-1
9.258127602E0,1.221042871E-1,-9.002198219E0,-5.817909837E-1
9.260141762E0,1.963245422E-1,-8.985439301E0,-5.554547906E-1
9.262094887E0,2.729389966E-1,-8.963891029E0,-5.506663918E-1
9.264048012E0,3.280056417E-1,-8.932766914E0,-5.650315881E-1
9.266031654E0,3.471592367E-1,-8.913613319E0,-5.698199868E-1
9.268015297E0,3.519476354E-1,-8.906430244E0,-5.674257874E-1
9.269968422E0,3.806780577E-1,-8.904036522E0,-5.817909837E-1
9.271952064E0,4.213795066E-1,-8.887276649E0,-6.129156351E-1
9.273935707E0,4.644751251E-1,-8.877699852E0,-6.536170840E-1
9.275919350E0,5.051765442E-1,-8.892065048E0,-7.086837292E-1
9.277872475E0,5.410895944E-1,-8.916007042E0,-7.637503147E-1
9.279886635E0,5.698199868E-1,-8.942343712E0,-8.188169599E-1
9.281839760E0,5.961562395E-1,-8.978256226E0,-8.858546019E-1
9.283823402E0,6.224924326E-1,-9.014169693E0,-9.528923035E-1
9.285807045E0,6.392518282E-1,-9.047688484E0,-1.015141487E0
9.287790687E0,6.368576288E-1,-9.088389397E0,-1.077390790E0
9.289774330E0,6.224924326E-1,-9.133879662E0,-1.132457376E0
9.291757973E0,5.937620401E-1,-9.184157372E0,-1.187524080E0
9.293680580E0,5.578489900E-1,-9.236829758E0,-1.244984865E0
9.295694740E0,5.123591423E-1,-9.296685219E0,-1.304839969E0
9.297647865E0,4.548983276E-1,-9.349357605E0,-1.357512355E0
9.299631508E0,3.830722570E-1,-9.416395187E0,-1.391031146E0
9.301615150E0,2.992752194E-1,-9.493009567E0,-1.412579060E0
9.303598793E0,2.035071403E-1,-9.562441826E0,-1.414973259E0
9.305551918E0,1.508347094E-1,-9.598354340E0,-1.412579060E0
9.307535561E0,4.548983276E-2,-9.670180321E0,-1.414973259E0
9.309519203E0,-9.337386489E-2,-9.737217903E0,-1.417367458E0
9.311502846E0,-2.633621991E-1,-9.792284966E0,-1.400607944E0
9.313425453E0,-4.261679053E-1,-9.837775230E0,-1.369483352E0
9.315439613E0,-5.626373887E-1,-9.890447617E0,-1.323993564E0
9.317392738E0,-6.727706790E-1,-9.950302124E0,-1.254561663E0
9.319376381E0,-7.757213712E-1,-1.001494598E1,-1.180341482E0
9.321360023E0,-8.643068075E-1,-1.008437729E1,-1.103726983E0
9.323343666E0,-9.504981041E-1,-1.014183807E1,-1.053448796E0
9.325266273E0,-1.041477680E0,-1.018014526E1,-1.027112484E0
9.327280434E0,-1.130063176E0,-1.021605873E1,-1.005564690E0
9.329233559E0,-1.204283476E0,-1.024239445E1,-9.720458984E-1
9.331247719E0,-1.278503656E0,-1.025197124E1,-9.361328483E-1
9.333200844E0,-1.340752959E0,-1.025436592E1,-9.241618514E-1
9.335215004E0,-1.386242747E0,-1.024718285E1,-9.313444495E-1
9.337198646E0,-1.414973259E0,-1.023760605E1,-9.241618514E-1
9.339182289E0,-1.422155857E0,-1.021366405E1,-8.978256583E-1
9.341165932E0,-1.419761658E0,-1.019451046E1,-8.667010069E-1
9.343149574E0,-1.412579060E0,-1.018493366E1,-8.212111592E-1
9.345102699E0,-1.398213744E0,-1.018253994E1,-7.661445141E-1
9.347116859E0,-1.371877551E0,-1.019211674E1,-7.038952708E-1
9.349069984E0,-1.328781962E0,-1.020408726E1,-6.368576288E-1
9.351053627E0,-1.271321058E0,-1.022324085E1,-5.722141862E-1
9.353006752E0,-1.206677675E0,-1.026873112E1,-5.171475410E-1
9.355020912E0,-1.127668977E0,-1.034774017E1,-4.620809257E-1
9.357004555E0,-1.031900883E0,-1.042914295E1,-4.046200812E-1
9.358988197E0,-9.289502501E-1,-1.050815105E1,-3.663128614E-1
9.360971840E0,-8.259995580E-1,-1.057758331E1,-3.399766386E-1
9.362955482E0,-7.158663273E-1,-1.062067890E1,-3.280056417E-1
9.364908607E0,-5.865794420E-1,-1.064222622E1,-3.351882398E-1
9.366922768E0,-4.429273009E-1,-1.063983250E1,-3.471592367E-1
9.368875893E0,-2.968810201E-1,-1.062786102E1,-3.806780577E-1
9.370859535E0,-1.580173075E-1,-1.060391903E1,-4.261679053E-1
9.372812660E0,-2.154781483E-2,-1.056800652E1,-4.548983276E-1
9.374826820E0,1.125274822E-1,-1.052012253E1,-4.860229492E-1
9.376779945E0,2.370259613E-1,-1.045308495E1,-4.979939461E-1
9.378763588E0,3.399766386E-1,-1.035731697E1,-4.716577232E-1
9.380747230E0,4.405331016E-1,-1.025675964E1,-4.405331016E-1
9.382730873E0,5.698199868E-1,-1.019211674E1,-3.567360640E-1
9.384683998E0,6.847416759E-1,-1.017296314E1,-2.585737705E-1
9.386698158E0,7.852981687E-1,-1.016578007E1,-1.939303428E-1
9.388620766E0,8.810662031E-1,-1.015859795E1,-1.268926859E-1
9.390634926E0,9.481038451E-1,-1.015859795E1,-1.915361360E-2
9.392588051E0,1.005564690E0,-1.014902115E1,1.436520964E-1
9.394571693E0,1.055842996E0,-1.014902115E1,3.543418646E-1
9.396555336E0,1.094150186E0,-1.017056847E1,6.057330370E-1
9.398538978E0,1.142034173E0,-1.021127033E1,8.547300100E-1
9.400492103E0,1.194706678E0,-1.026873112E1,1.074996591E0
9.402506264E0,1.256955862E0,-1.033816338E1,1.242590666E0
9.404489906E0,1.350329757E0,-1.040759468E1,1.333570361E0
9.406473549E0,1.462857246E0,-1.047223854E1,1.357512355E0
9.408457191E0,1.580173135E0,-1.053688145E1,1.331176162E0
9.410440834E0,1.687912226E0,-1.060631371E1,1.268926859E0
9.412424477E0,1.805228114E0,-1.067095661E1,1.158793569E0
9.414438637E0,1.929726601E0,-1.072602367E1,9.959878922E-1
9.416391762E0,2.063801765E0,-1.078587818E1,8.068459630E-1
9.418405922E0,2.214636564E0,-1.085052204E1,5.961562395E-1
9.420359047E0,2.365471363E0,-1.091037750E1,3.543418646E-1
9.422342689E0,2.509123325E0,-1.097502041E1,9.816227108E-2
9.424295814E0,2.638410330E0,-1.104924107E1,-1.484405100E-1
9.426309975E0,2.762908697E0,-1.112824917E1,-3.519476354E-1
9.428263100E0,2.863465309E0,-1.122880554E1,-5.099649429E-1
9.430246742E0,2.952050686E0,-1.134133339E1,-6.488286853E-1
9.432199867E0,3.052607059E0,-1.145146656E1,-7.445967197E-1
9.434214027E0,3.136404276E0,-1.156878281E1,-7.948749661E-1
9.436136635E0,3.181894064E0,-1.169328117E1,-7.972691655E-1
9.438150795E0,3.201047659E0,-1.181777954E1,-7.613561153E-1
9.440134437E0,3.198653460E0,-1.195424938E1,-6.823474765E-1
9.442118080E0,3.169923067E0,-1.210747814E1,-5.554547906E-1
9.444071205E0,3.117250681E0,-1.227267838E1,-3.854664862E-1
9.446085365E0,3.031059265E0,-1.245942593E1,-1.651999205E-1
9.448038490E0,2.908955097E0,-1.266772079E1,9.337386489E-2
9.450052650E0,2.736572504E0,-1.288080502E1,3.806780577E-1
9.452005775E0,2.547430515E0,-1.309628296E1,6.871358752E-1
9.454019936E0,2.346317768E0,-1.330457878E1,1.000776291E0
9.455942543E0,2.128445387E0,-1.351526833E1,1.328781962E0
9.457956703E0,1.917755604E0,-1.373074722E1,1.675941229E0
9.459940346E0,1.695094824E0,-1.394383049E1,2.018311977E0
9.461923988E0,1.462857246E0,-1.413297272E1,2.348711967E0
9.463877113E0,1.235408068E0,-1.429577827E1,2.667140722E0
9.465891273E0,1.017535686E0,-1.443703651E1,2.952050686E0
9.467813881E0,8.236053586E-1,-1.455914021E1,3.220201254E0
9.469828041E0,6.536170840E-1,-1.465011978E1,3.500322819E0
9.471781166E0,5.099649429E-1,-1.470518684E1,3.763684988E0
9.473764809E0,3.806780577E-1,-1.472673512E1,3.988739967E0
9.475748451E0,2.561795712E-1,-1.470518684E1,4.144362926E0
9.477732094E0,1.604115069E-1,-1.464054298E1,4.242525578E0
9.479685219E0,1.053448766E-1,-1.455195808E1,4.331110954E0
9.481699379E0,8.379705995E-2,-1.445140171E1,4.424484730E0
9.483621986E0,8.379705995E-2,-1.439872932E1,4.474762917E0
9.485636146E0,1.029506698E-1,-1.428620148E1,4.580107689E0
9.487619789E0,1.316810995E-1,-1.416409683E1,4.663905144E0
9.489603432E0,1.460463107E-1,-1.405635834E1,4.711789131E0
9.491556557E0,1.197100878E-1,-1.398453236E1,4.738125324E0
9.493540199E0,5.506663769E-2,-1.396059036E1,4.762067318E0
9.495493324E0,-2.394201607E-2,-1.400607967E1,4.809951305E0
9.497476967E0,-1.268926859E-1,-1.410184765E1,4.888959885E0
9.499460609E0,-2.466027737E-1,-1.424789429E1,4.984727859E0
9.501474769E0,-3.663128614E-1,-1.442985344E1,5.097255230E0
9.503427894E0,-4.908113480E-1,-1.464533138E1,5.219359875E0
9.505411537E0,-6.129156351E-1,-1.487038708E1,5.348646641E0
9.507395180E0,-7.374141216E-1,-1.509304714E1,5.487510204E0
9.509409340E0,-8.762778044E-1,-1.529894924E1,5.621585369E0
9.511362465E0,-1.015141487E0,-1.550006199E1,5.741295815E0
9.513346107E0,-1.168370485E0,-1.568441486E1,5.863399982E0
9.515329750E0,-1.340752959E0,-1.584243298E1,5.971138954E0
9.517313393E0,-1.520318031E0,-1.596214294E1,6.057330132E0
9.519236000E0,-1.711854219E0,-1.601960373E1,6.114790916E0
9.521250160E0,-1.903390408E0,-1.602439117E1,6.141127586E0
9.523203285E0,-2.082955360E0,-1.599326706E1,6.107608318E0
9.525186928E0,-2.255337954E0,-1.591425896E1,6.038176537E0
9.527170570E0,-2.396595955E0,-1.578976059E1,5.923254967E0
9.529184730E0,-2.504334927E0,-1.562456036E1,5.774814606E0
9.531137855E0,-2.576161146E0,-1.542105293E1,5.612008572E0
9.533121498E0,-2.609679937E0,-1.518642139E1,5.434837818E0
9.535105141E0,-2.633621931E0,-1.490869427E1,5.212177277E0
9.537088783E0,-2.669534922E0,-1.461420727E1,4.924872875E0
9.539041908E0,-2.710236311E0,-1.429577827E1,4.594472885E0
9.541056068E0,-2.731784105E0,-1.396059036E1,4.237737179E0
9.543009193E0,-2.698265314E0,-1.362300777E1,3.895366192E0
9.544992836E0,-2.614468336E0,-1.328542519E1,3.615244627E0
9.546976478E0,-2.499546528E0,-1.295023727E1,3.363853455E0
9.548990639E0,-2.372653961E0,-1.263180828E1,3.071760893E0
9.550943764E0,-2.286462545E0,-1.233732128E1,2.691082716E0
9.552927406E0,-2.245761156E0,-1.206677628E1,2.255337954E0
9.554880531E0,-2.224213362E0,-1.181299114E1,1.836352706E0
9.556894691E0,-2.224213362E0,-1.159272480E1,1.450886250E0
9.558847816E0,-2.231395960E0,-1.141315937E1,1.077390790E0
9.560861977E0,-2.252943754E0,-1.126711273E1,7.182605267E-1
9.562815102E0,-2.315192938E0,-1.113303757E1,3.471592367E-1
9.564798744E0,-2.425326347E0,-1.100375080E1,-4.070143029E-2
9.566782387E0,-2.554613113E0,-1.089122391E1,-4.357447028E-1
9.568796547E0,-2.671929121E0,-1.080024433E1,-7.948749661E-1
9.570749672E0,-2.746149302E0,-1.073799419E1,-1.091755986E0
9.572763832E0,-2.784456491E0,-1.069011021E1,-1.331176162E0
9.574716957E0,-2.801215887E0,-1.065898609E1,-1.551442742E0
9.576700600E0,-2.815581083E0,-1.066616821E1,-1.778891921E0
9.578684242E0,-2.837129116E0,-1.070687008E1,-2.015917778E0
9.580667885E0,-2.873042107E0,-1.076911926E1,-2.260126352E0
9.582621010E0,-2.899378300E0,-1.085052204E1,-2.523488522E0
9.584635170E0,-2.920926094E0,-1.095586681E1,-2.794033289E0
9.586588295E0,-2.911349297E0,-1.106360626E1,-3.043030262E0
9.588571937E0,-2.877830505E0,-1.116176796E1,-3.253720045E0
9.590525062E0,-2.834734917E0,-1.125753593E1,-3.411737442E0
9.592539223E0,-2.789244890E0,-1.133893967E1,-3.548206806E0
9.594461830E0,-2.746149302E0,-1.139879417E1,-3.699041605E0
9.596475990E0,-2.674323320E0,-1.142752457E1,-3.881000996E0
9.598459633E0,-2.580949545E0,-1.141315937E1,-4.062960148E0
9.600443275E0,-2.530671120E0,-1.139400578E1,-4.192247391E0
9.602426918E0,-2.535459518E0,-1.139640045E1,-4.254496574E0
9.604410561E0,-2.547430515E0,-1.141794777E1,-4.252102375E0
9.606394203E0,-2.480392933E0,-1.143231297E1,-4.206612587E0
9.608377846E0,-2.343923569E0,-1.141315937E1,-4.165910721E0
9.610300453E0,-2.190694571E0,-1.135809326E1,-4.165910721E0
9.612314613E0,-2.039859772E0,-1.128387260E1,-4.213795185E0
9.614267738E0,-1.889025092E0,-1.117852783E1,-4.295197964E0
9.616251381E0,-1.666364431E0,-1.106599998E1,-4.371812344E0
9.618235023E0,-1.367089152E0,-1.092713642E1,-4.417302132E0
9.620218666E0,-9.792284966E-1,-1.076911926E1,-4.453215122E0
9.622141273E0,-4.836287498E-1,-1.059194851E1,-4.491522312E0
9.624155434E0,-7.182605099E-3,-1.040520096E1,-4.510675907E0
9.626108559E0,3.854664862E-1,-1.023281765E1,-4.472368717E0
9.628092201E0,7.661445141E-1,-1.012029076E1,-4.350264549E0
9.630045326E0,1.120486379E0,-1.008198357E1,-4.132391930E0
9.632059486E0,1.623268723E0,-1.007719517E1,-3.830722809E0
9.634012611E0,2.353500366E0,-1.009634876E1,-3.438073635E0
9.635996254E0,2.827552319E0,-1.010831928E1,-2.889801502E0
9.637979896E0,2.762908697E0,-1.012507915E1,-2.262520552E0
9.639963539E0,2.329558372E0,-1.018972206E1,-1.680729628E0
9.641916664E0,2.013523579E0,-1.032858658E1,-1.374271750E0
9.643930824E0,2.020706177E0,-1.053209305E1,-1.302445769E0
9.645883949E0,2.197877169E0,-1.074757099E1,-1.218648672E0
9.647867592E0,2.389413357E0,-1.091755962E1,-9.672574997E-1
9.649820717E0,2.468421936E0,-1.101811600E1,-5.291185975E-1
9.651834877E0,2.375048161E0,-1.108754826E1,0.000000000E0
9.653818519E0,2.197877169E0,-1.114740276E1,5.123591423E-1
9.655802162E0,2.063801765E0,-1.116176796E1,9.672574997E-1
9.657785805E0,1.980004787E0,-1.114022064E1,1.393425345E0
9.659769447E0,1.860294700E0,-1.108754826E1,1.783680320E0
9.661692055E0,1.790862918E0,-1.106121159E1,1.934514999E0
9.663706215E0,1.716642618E0,-1.103008747E1,2.085349798E0
9.665628822E0,1.800439715E0,-1.100375080E1,2.013523579E0
9.667642982E0,2.044648170E0,-1.094389629E1,1.838746905E0
9.669596107E0,2.331952572E0,-1.086009884E1,1.752555609E0
9.671579750E0,2.568978310E0,-1.078108978E1,1.814804912E0
9.673563393E0,2.734178305E0,-1.072362900E1,2.015917778E0
9.675547035E0,2.841917515E0,-1.068771648E1,2.264914751E0
9.677469643E0,2.882618904E0,-1.066616821E1,2.415749550E0
9.679483803E0,2.774879694E0,-1.066377449E1,2.437297344E0
9.681436928E0,2.365471363E0,-1.073799419E1,2.341529369E0
9.683420570E0,1.889025092E0,-1.079066753E1,2.233790159E0
9.685404213E0,1.675941229E0,-1.076193619E1,2.329558372E0
9.687418373E0,1.563413739E0,-1.072362900E1,2.547430515E0
9.689371498E0,1.395819545E0,-1.074517727E1,2.825158119E0
9.691355141E0,1.098938584E0,-1.081460953E1,2.887407303E0
9.693338783E0,7.589619160E-1,-1.085291672E1,2.571372509E0
9.695322426E0,5.267243981E-1,-1.083615685E1,2.116474390E0
9.697245033E0,4.381389022E-1,-1.078108978E1,1.774103403E0
9.699259193E0,4.237737060E-1,-1.070208168E1,1.539471745E0
9.701212318E0,4.070142806E-1,-1.059913063E1,1.338358760E0
9.703195961E0,3.663128614E-1,-1.048660374E1,1.113303781E0
9.705179603E0,3.088520169E-1,-1.036689377E1,8.643068075E-1
9.707193764E0,2.442085743E-1,-1.024000072E1,6.368576288E-1
9.709146889E0,1.867477298E-1,-1.012268448E1,4.309563041E-1
9.711130531E0,9.576806426E-2,-1.002452278E1,2.442085743E-1
9.713114174E0,-4.309562966E-2,-9.950302124E0,7.661445439E-2
9.715097816E0,-1.963245422E-1,-9.873687744E0,-8.140286058E-2
9.717020424E0,-3.591302633E-1,-9.799467087E0,-2.489969730E-1
9.719034584E0,-5.003881454E-1,-9.720458984E0,-4.141969085E-1
9.720987709E0,-5.865794420E-1,-9.615114212E0,-5.722141862E-1
9.722971352E0,-6.248866320E-1,-9.485827446E0,-7.182605267E-1
9.724954994E0,-6.344634295E-1,-9.354146004E0,-8.523358107E-1
9.726969154E0,-6.368576288E-1,-9.227252960E0,-9.672574997E-1
9.728922279E0,-6.296750307E-1,-9.102754593E0,-1.070208192E0
9.730905922E0,-6.296750307E-1,-8.992621422E0,-1.163581967E0
9.732859047E0,-6.296750307E-1,-8.889671326E0,-1.271321058E0
9.734842689E0,-6.224924326E-1,-8.774748802E0,-1.388636947E0
9.736826332E0,-5.913678408E-1,-8.664615631E0,-1.455674648E0
9.738840492E0,-5.554547906E-1,-8.549694061E0,-1.446097851E0
9.740793617E0,-5.243301988E-1,-8.418013573E0,-1.431732655E0
9.742777260E0,-4.955997467E-1,-8.305485725E0,-1.467645645E0
9.744760902E0,-4.860229492E-1,-8.221688271E0,-1.515529633E0
9.746744545E0,-4.955997467E-1,-8.145073891E0,-1.517923832E0
9.748697670E0,-4.884171486E-1,-8.063671112E0,-1.479616642E0
9.750681312E0,-4.884171486E-1,-7.989450932E0,-1.407790542E0
9.752634437E0,-5.099649429E-1,-7.931990147E0,-1.309628367E0
9.754618080E0,-5.219359994E-1,-7.891288757E0,-1.223437071E0
9.756601723E0,-5.171475410E-1,-7.841010571E0,-1.149216771E0
9.758615883E0,-5.171475410E-1,-7.785943985E0,-1.055842996E0
9.760569008E0,-5.291185975E-1,-7.747636795E0,-9.696516991E-1
9.762552650E0,-5.482721925E-1,-7.730877399E0,-9.097966552E-1
9.764505775E0,-5.698199868E-1,-7.706935406E0,-8.547300100E-1
9.766519936E0,-5.650315881E-1,-7.666234016E0,-8.331822157E-1
9.768473061E0,-5.363011956E-1,-7.611167431E0,-8.188169599E-1
9.770456703E0,-5.243301988E-1,-7.577648163E0,-7.900865674E-1
9.772440346E0,-5.458779931E-1,-7.551311970E0,-7.565677166E-1
9.774423988E0,-5.746083856E-1,-7.536946774E0,-6.967126727E-1
9.776377113E0,-6.248866320E-1,-7.517793179E0,-6.105214357E-1
9.778360756E0,-7.302315235E-1,-7.493851185E0,-5.123591423E-1
9.780344398E0,-8.714894056E-1,-7.472303391E0,-4.070142806E-1
9.782328041E0,-9.600749016E-1,-7.448361397E0,-3.112462163E-1
9.784281166E0,-9.864110947E-1,-7.436390400E0,-2.035071403E-1
9.786264809E0,-9.720458984E-1,-7.429207802E0,-8.140286058E-2
9.788248451E0,-9.576807022E-1,-7.398083210E0,2.154781483E-2
9.790201576E0,-9.816226959E-1,-7.347805023E0,1.077390760E-1
9.792185219E0,-1.043871999E0,-7.307103634E0,1.795651317E-1
9.794199379E0,-1.118092179E0,-7.287950039E0,2.346317619E-1
9.796152504E0,-1.194706678E0,-7.280767441E0,2.801215947E-1
9.798105629E0,-1.278503656E0,-7.280767441E0,3.184288144E-1
9.800089271E0,-1.364694953E0,-7.285555840E0,3.160346150E-1
9.802072914E0,-1.458068848E0,-7.275979042E0,2.920926213E-1
9.803995521E0,-1.508347034E0,-7.268796444E0,2.705447972E-1
9.806009682E0,-1.630451322E0,-7.218518257E0,8.619125932E-2
9.807993324E0,-1.644816518E0,-7.187393665E0,2.394201700E-3
9.809976967E0,-1.687912226E0,-7.082048416E0,-2.250549644E-1
9.811960609E0,-1.714248419E0,-7.053318024E0,-2.873041928E-1
9.813944252E0,-1.762132406E0,-7.010222435E0,-4.022258818E-1
9.815866859E0,-1.786074519E0,-6.976703644E0,-5.147533417E-1
9.817881019E0,-1.810016513E0,-6.921637058E0,-6.392518282E-1
9.819864662E0,-1.836352706E0,-6.825869083E0,-7.302315235E-1
9.821848305E0,-1.877054095E0,-6.710947514E0,-7.972691655E-1
9.823770912E0,-1.951274395E0,-6.603208065E0,-8.571242094E-1
9.825785072E0,-2.035071373E0,-6.493074894E0,-9.121908545E-1
9.827768715E0,-2.111685991E0,-6.380547523E0,-9.744400978E-1
9.829782875E0,-2.193088770E0,-6.263231754E0,-9.959878922E-1
9.831736000E0,-2.279279947E0,-6.131550789E0,-9.768342972E-1
9.833750160E0,-2.343923569E0,-6.004657745E0,-9.385270476E-1
9.835703285E0,-2.418143749E0,-5.892130375E0,-8.954314590E-1
9.837686928E0,-2.516305923E0,-5.779603004E0,-8.595184088E-1
9.839670570E0,-2.616862535E0,-5.674258232E0,-8.236053586E-1
9.841654213E0,-2.722207308E0,-5.580883980E0,-7.900865674E-1
9.843607338E0,-2.808398485E0,-5.480327606E0,-7.661445141E-1
9.845590980E0,-2.880224705E0,-5.384559631E0,-7.565677166E-1
9.847574623E0,-2.964021683E0,-5.307945251E0,-7.565677166E-1
9.849527748E0,-3.052607059E0,-5.228936672E0,-7.589619160E-1
9.851511391E0,-3.131615877E0,-5.154716492E0,-7.733271718E-1
9.853495033E0,-3.217807055E0,-5.085284233E0,-7.829039693E-1
9.855417641E0,-3.315969467E0,-5.023035049E0,-7.781155705E-1
9.857431801E0,-3.409343243E0,-4.970362663E0,-7.900865674E-1
9.859384926E0,-3.500322819E0,-4.915296078E0,-8.092401624E-1
9.861399086E0,-3.576937437E0,-4.860229492E0,-8.188169599E-1
9.863352211E0,-3.658340216E0,-4.819528103E0,-8.307880163E-1
9.865335853E0,-3.739742994E0,-4.776432514E0,-8.259995580E-1
9.867258461E0,-3.804386616E0,-4.742913723E0,-8.212111592E-1
9.869272621E0,-3.861847401E0,-4.733336926E0,-8.355764151E-1
9.871195228E0,-3.914519787E0,-4.742913723E0,-8.547300100E-1
9.873209389E0,-3.948038578E0,-4.752490520E0,-8.714894056E-1
9.875193031E0,-3.960009575E0,-4.747702122E0,-8.858546019E-1
9.877146156E0,-3.967192173E0,-4.730942726E0,-8.834604025E-1
9.879129799E0,-3.964797974E0,-4.718971729E0,-8.810662031E-1
9.881113441E0,-3.945644379E0,-4.716577530E0,-8.834604025E-1
9.883066566E0,-3.912125587E0,-4.699818134E0,-8.786720037E-1
9.885050209E0,-3.876212597E0,-4.683058739E0,-8.786720037E-1
9.887033852E0,-3.842693806E0,-4.651933670E0,-8.762778044E-1
9.889017494E0,-3.813963413E0,-4.616020679E0,-8.714894056E-1
9.890940102E0,-3.778050184E0,-4.606443882E0,-8.667010069E-1
9.892954262E0,-3.756502390E0,-4.613626480E0,-8.475474119E-1
9.894907387E0,-3.758896589E0,-4.611232281E0,-8.259995580E-1
9.896860512E0,-3.758896589E0,-4.611232281E0,-7.996633649E-1
9.898844154E0,-3.754108191E0,-4.623203278E0,-7.733271718E-1
9.900827797E0,-3.751713991E0,-4.647145271E0,-7.541735172E-1
9.902780922E0,-3.742137194E0,-4.668693542E0,-7.230489254E-1
9.904764564E0,-3.734954596E0,-4.692635536E0,-6.919242740E-1
9.906748207E0,-3.734954596E0,-4.718971729E0,-6.655880809E-1
9.908701332E0,-3.725377798E0,-4.747702122E0,-6.320692301E-1
9.910684975E0,-3.722983599E0,-4.776432514E0,-5.985504389E-1
9.912699135E0,-3.730166197E0,-4.812345505E0,-5.602431893E-1
9.914652260E0,-3.737348795E0,-4.860229492E0,-5.075707436E-1
9.916635902E0,-3.727771997E0,-4.908113480E0,-4.453215301E-1
9.918619545E0,-3.706224203E0,-4.946420670E0,-3.854664862E-1
9.920603187E0,-3.682282209E0,-4.987122059E0,-3.256114423E-1
9.922525795E0,-3.648763418E0,-5.020640850E0,-2.753331959E-1
9.924539955E0,-3.588908434E0,-5.056553841E0,-2.274491638E-1
9.926523598E0,-3.514688015E0,-5.092466831E0,-1.795651317E-1
9.928507240E0,-3.457227230E0,-5.116408825E0,-1.244984865E-1
9.930490883E0,-3.387795448E0,-5.142745018E0,-5.506663769E-2
9.932505043E0,-3.303998232E0,-5.164293289E0,1.915361360E-2
9.934458168E0,-3.217807055E0,-5.185841084E0,9.816227108E-2
9.936441811E0,-3.145981073E0,-5.219359875E0,1.747767180E-1
9.938425453E0,-3.081337690E0,-5.255272865E0,2.585737705E-1
9.940409096E0,-3.014299870E0,-5.303156853E0,3.423708379E-1
9.942331703E0,-2.944868088E0,-5.363011837E0,4.118026793E-1
9.944345863E0,-2.887407303E0,-5.418078423E0,4.692635238E-1
9.946298988E0,-2.820369720E0,-5.473145008E0,5.219359994E-1
9.948282631E0,-2.753331900E0,-5.542576790E0,5.722141862E-1
9.950266273E0,-2.695871115E0,-5.604825974E0,6.440402865E-1
9.952249916E0,-2.659958124E0,-5.633556366E0,6.895300746E-1
9.954172523E0,-2.564189911E0,-5.695806026E0,8.044517636E-1
9.956186684E0,-2.456450939E0,-5.760449409E0,9.457096457E-1
9.958139809E0,-2.377442360E0,-5.827486992E0,1.113303781E0
9.960123451E0,-2.303221941E0,-5.896918774E0,1.302445769E0
9.962107094E0,-2.176329374E0,-5.966350555E0,1.508347034E0
9.964090736E0,-1.999158382E0,-6.052541733E0,1.716642618E0
9.966074379E0,-1.833958507E0,-6.157886982E0,1.912967205E0
9.968088539E0,-1.707065821E0,-6.277596951E0,2.102109194E0
9.970011146E0,-1.589749932E0,-6.411672115E0,2.300827742E0
9.972025307E0,-1.460463047E0,-6.550535679E0,2.523488522E0
9.974008949E0,-1.345541358E0,-6.708553314E0,2.762908697E0
9.975992592E0,-1.185129881E0,-6.852205276E0,3.002328873E0
9.977945717E0,-9.864110947E-1,-6.993463039E0,3.289633036E0
9.979959877E0,-8.475474119E-1,-7.187393665E0,3.627215624E0
9.981913002E0,-7.374141216E-1,-7.422025204E0,3.950432777E0
9.983927162E0,-6.392518282E-1,-7.659051418E0,4.249708176E0
9.985880287E0,-5.339069963E-1,-7.888894558E0,4.510675907E0
9.987894447E0,-3.711012602E-1,-8.113949776E0,4.730942726E0
9.989817055E0,-1.532289088E-1,-8.358158112E0,4.963180065E0
9.991831215E0,6.943184882E-2,-8.611943245E0,5.219359875E0
9.993814857E0,2.849099934E-1,-8.889671326E0,5.489904404E0
9.995798500E0,4.788403511E-1,-9.193734169E0,5.760449409E0
9.997782143E0,6.344634295E-1,-9.545681953E0,6.038176537E0
9.999765785E0,7.852981687E-1,-9.935936928E0,6.349422932E0
1.000174943E1,9.552865028E-1,-1.035971069E1,6.694188118E0
1.000373307E1,1.142034173E0,-1.082658005E1,7.077260017E0
1.000565568E1,1.376665950E0,-1.134372807E1,7.491456985E0
1.000766984E1,1.604115129E0,-1.190875912E1,7.929595947E0
1.000962296E1,1.740584612E0,-1.253843403E1,8.415618896E0
1.001160660E1,1.857900500E0,-1.323035812E1,8.971074104E0
1.001359025E1,1.991975784E0,-1.396298409E1,9.579200745E0
1.001557389E1,2.171540976E0,-1.471715832E1,1.020887566E1
1.001752702E1,2.427720547E0,-1.546414852E1,1.086009884E1
1.001951066E1,2.743755102E0,-1.623508263E1,1.148019695E1
1.002149430E1,3.066972494E0,-1.702038002E1,1.204522896E1
1.002347794E1,3.347094059E0,-1.780088997E1,1.250491524E1
1.002540055E1,3.581725836E0,-1.855266953E1,1.295741940E1
1.002741471E1,3.818751812E0,-1.923262215E1,1.331894398E1
1.002936784E1,4.027047157E0,-1.985032654E1,1.364216137E1
1.003135148E1,4.244919777E0,-2.039381027E1,1.396298409E1
1.003333512E1,4.469974518E0,-2.085349655E1,1.423592377E1
1.003531876E1,4.680664539E0,-2.120065689E1,1.444421864E1
1.003727189E1,4.857835293E0,-2.143289375E1,1.462138939E1
1.003928605E1,5.003881454E0,-2.152866173E1,1.472912884E1
1.004123917E1,5.114014626E0,-2.146162415E1,1.475785923E1
1.004322282E1,5.152322292E0,-2.124375153E1,1.475067711E1
1.004517594E1,5.123591423E0,-2.088701630E1,1.468842697E1
1.004719010E1,5.073313236E0,-2.037465668E1,1.451125622E1
1.004917374E1,5.001487255E0,-1.974258804E1,1.423592377E1
1.005115739E1,4.860229492E0,-1.903390312E1,1.387918758E1
1.005314103E1,4.649539471E0,-1.827254677E1,1.343147182E1
1.005512467E1,4.395754337E0,-1.747048950E1,1.288798809E1
1.005704728E1,4.110844135E0,-1.666364288E1,1.227746677E1
1.005906144E1,3.809175014E0,-1.589031696E1,1.160230160E1
1.006101456E1,3.495534420E0,-1.514571953E1,1.088164711E1
1.006299821E1,3.165134668E0,-1.443703651E1,1.013465595E1
1.006495133E1,2.801215887E0,-1.378102493E1,9.380482674E0
1.006696549E1,2.406172752E0,-1.317529202E1,8.628703117E0
1.006891862E1,1.972822189E0,-1.260068321E1,7.872135162E0
1.007090226E1,1.513135433E0,-1.207874775E1,7.113173485E0
1.007288590E1,1.027112484E0,-1.160469532E1,6.368576527E0
1.007486954E1,5.171475410E-1,-1.118810463E1,5.669469833E0
1.007682267E1,-2.394201700E-3,-1.081939793E1,5.061342239E0
1.007883683E1,-5.147533417E-1,-1.049618053E1,4.551377296E0
1.008075944E1,-1.012747288E0,-1.021845245E1,4.132391930E0
1.008277360E1,-1.496376038E0,-9.971850395E0,3.794809580E0
1.008472672E1,-1.970427990E0,-9.765948296E0,3.529053211E0
1.008671036E1,-2.427720547E0,-9.607931137E0,3.294421434E0
1.008869401E1,-2.858676910E0,-9.481039047E0,3.086126089E0
1.009067765E1,-3.258508444E0,-9.375694275E0,2.896984100E0
1.009260026E1,-3.627215624E0,-9.287108421E0,2.681505919E0
1.009461442E1,-3.955221176E0,-9.208099365E0,2.401384354E0
1.009656754E1,-4.249708176E0,-9.143456459E0,2.066195965E0
1.009858170E1,-4.510675907E0,-9.097966194E0,1.699883223E0
1.010053483E1,-4.728548527E0,-9.066842079E0,1.321599364E0
1.010254899E1,-4.884171486E0,-9.074024200E0,9.672574997E-1
1.010450211E1,-5.001487255E0,-9.138668060E0,6.033388376E-1
1.010648576E1,-5.125985622E0,-9.291896820E0,1.388636976E-1
1.010846940E1,-5.272032261E0,-9.550470352E0,-4.237737060E-1
1.011045304E1,-5.391742229E0,-9.907206535E0,-9.720458984E-1
1.011237565E1,-5.425261021E0,-1.010831928E1,-1.199495077E0
1.011438981E1,-5.413290024E0,-1.054406452E1,-1.546654344E0
1.011634293E1,-5.343858242E0,-1.102529907E1,-1.867477298E0
1.011832658E1,-5.264849663E0,-1.155920601E1,-2.286462545E0
1.012031022E1,-5.147533417E0,-1.207874775E1,-2.851494312E0
1.012232438E1,-4.975151062E0,-1.254082870E1,-3.521870613E0
1.012427750E1,-4.750096321E0,-1.294544888E1,-4.211400986E0
1.012626115E1,-4.481945515E0,-1.328542519E1,-4.908113480E0
1.012824479E1,-4.192247391E0,-1.356554699E1,-5.638344765E0
1.013022843E1,-3.964797974E0,-1.382412052E1,-6.311115742E0
1.013215104E1,-3.825934410E0,-1.408269405E1,-6.859387875E0
1.013416520E1,-3.754108191E0,-1.432690334E1,-7.240066051E0
1.013611832E1,-3.701435804E0,-1.453040981E1,-7.481880188E0
1.013810197E1,-3.584120035E0,-1.467885017E1,-7.560888767E0
1.014008561E1,-3.421314240E0,-1.474588871E1,-7.539340973E0
1.014209977E1,-3.268085241E0,-1.472673512E1,-7.539340973E0
1.014405289E1,-3.122039080E0,-1.461420727E1,-7.548917770E0
1.014603654E1,-2.985569477E0,-1.438436413E1,-7.527369976E0
1.014798966E1,-2.873042107E0,-1.408748245E1,-7.472303391E0
1.014997331E1,-2.743755102E0,-1.372116947E1,-7.386112213E0
1.015192643E1,-2.597708941E0,-1.327105999E1,-7.278373241E0
1.015394059E1,-2.487575531E0,-1.275870132E1,-7.180211067E0
1.015589372E1,-2.434903145E0,-1.221042824E1,-7.067683220E0
1.015787736E1,-2.420537949E0,-1.167173290E1,-6.902483463E0
1.015983048E1,-2.434903145E0,-1.116416264E1,-6.605602264E0
1.016184464E1,-2.458845139E0,-1.068053341E1,-6.155492783E0
1.016379777E1,-2.468421936E0,-1.020887566E1,-5.521028996E0
1.016578141E1,-2.430114746E0,-9.746794701E0,-4.716577530E0
1.016776505E1,-2.322375536E0,-9.265560150E0,-3.787626982E0
1.016974870E1,-2.126051188E0,-8.798690796E0,-2.743755102E0
1.017170182E1,-1.836352706E0,-8.353369713E0,-1.678335428E0
1.017371598E1,-1.460463047E0,-7.893682957E0,-7.757213712E-1
1.017566910E1,-1.046266198E0,-7.424419403E0,-9.576806426E-2
1.017768327E1,-6.464344859E-1,-6.952761650E0,3.663128614E-1
1.017963639E1,-2.825157940E-1,-6.500257492E0,5.841852427E-1
1.018165055E1,1.915361360E-2,-6.076483727E0,5.961562395E-1
1.018360368E1,2.250549644E-1,-5.710171223E0,5.003881454E-1
1.018561784E1,3.088520169E-1,-5.425261021E0,3.519476354E-1
1.018757096E1,2.777273953E-1,-5.216965675E0,1.197100878E-1
1.018958512E1,1.388636976E-1,-5.080495834E0,-2.106897533E-1
1.019156876E1,-1.005564705E-1,-5.015852451E0,-6.129156351E-1
1.019355241E1,-4.141969085E-1,-5.015852451E0,-1.041477680E0
1.019547501E1,-7.350199223E-1,-5.058948040E0,-1.470039845E0
1.019748917E1,-9.600749016E-1,-5.137956619E0,-1.908178806E0
1.019944230E1,-1.051054597E0,-5.233725071E0,-2.324769735E0
1.020142594E1,-1.046266198E0,-5.327098846E0,-2.683900118E0
1.020337907E1,-9.983820915E-1,-5.406107426E0,-2.954444885E0
1.020539323E1,-9.600749016E-1,-5.492298603E0,-3.119644880E0
1.020737687E1,-9.313444495E-1,-5.568912983E0,-3.222595453E0
1.020936051E1,-8.834604025E-1,-5.623979568E0,-3.292027235E0
1.021134415E1,-8.523358107E-1,-5.686229229E0,-3.339911461E0
1.021332780E1,-8.690952063E-1,-5.813121796E0,-3.337517262E0
1.021525040E1,-9.552865028E-1,-6.026205540E0,-3.301604033E0
1.021726456E1,-1.096544385E0,-6.291962147E0,-3.280056238E0
1.021924821E1,-1.247379065E0,-6.564900875E0,-3.289633036E0
1.022123185E1,-1.381454349E0,-6.854599476E0,-3.366247654E0
1.022321549E1,-1.491587639E0,-7.170634270E0,-3.521870613E0
1.022519914E1,-1.632845521E0,-7.501033783E0,-3.667917013E0
1.022715226E1,-1.790862918E0,-7.841010571E0,-3.746925592E0
1.022913590E1,-1.886630893E0,-8.171410561E0,-3.756502390E0
1.023111954E1,-1.879448295E0,-8.497021675E0,-3.689464808E0
1.023310319E1,-1.747767210E0,-8.829815865E0,-3.502717018E0
1.023502580E1,-1.482010841E0,-9.138668060E0,-3.248931646E0
1.023703996E1,-1.108515382E0,-9.423578262E0,-2.999934673E0
1.023899308E1,-7.134721279E-1,-9.667786598E0,-2.829946518E0
1.024097672E1,-3.519476354E-1,-9.883264542E0,-2.753331900E0
1.024292985E1,-4.070143029E-2,-1.008198357E1,-2.758120298E0
1.024494401E1,2.394201756E-1,-1.029506683E1,-2.829946518E0
1.024686662E1,5.626373887E-1,-1.052491093E1,-2.916137695E0
1.024888078E1,9.169792533E-1,-1.076672459E1,-2.983175278E0
1.025086442E1,1.283292055E0,-1.103487587E1,-3.078943491E0
1.025281754E1,1.551442742E0,-1.128866100E1,-3.119644880E0
1.025480119E1,1.647210717E0,-1.148738003E1,-3.023876667E0
1.025681535E1,1.663970232E0,-1.165497398E1,-2.825158119E0
1.025876847E1,1.714248419E0,-1.179862595E1,-2.621650934E0
1.026078263E1,1.848323703E0,-1.190397072E1,-2.468421936E0
1.026273576E1,2.027888775E0,-1.196143150E1,-2.334346771E0
1.026474992E1,2.202665567E0,-1.196621990E1,-2.188300371E0
1.026667252E1,2.370259762E0,-1.193509579E1,-1.987187386E0
1.026868668E1,2.509123325E0,-1.189678860E1,-1.742978811E0
1.027067033E1,2.566584110E0,-1.186566353E1,-1.470039845E0
1.027265397E1,2.573766708E0,-1.182735634E1,-1.149216771E0
1.027460709E1,2.662352324E0,-1.173877048E1,-8.283938169E-1
1.027659074E1,2.880224705E0,-1.160230160E1,-5.267243981E-1
1.027857438E1,3.210624456E0,-1.147301483E1,-2.849099934E-1
1.028055802E1,3.404554844E0,-1.140118885E1,-1.819593310E-1
1.028248063E1,3.749319792E0,-1.123598862E1,-2.394201700E-3
1.028449479E1,3.993528366E0,-1.107797146E1,1.915361285E-1
1.028644791E1,4.220977783E0,-1.094150162E1,4.261679053E-1
1.028843156E1,4.493916512E0,-1.081700325E1,6.751648784E-1
1.029041520E1,4.721365929E0,-1.070687008E1,9.002198577E-1
1.029239884E1,4.869806290E0,-1.057518864E1,1.074996591E0
1.029438248E1,4.953603268E0,-1.040759468E1,1.211466074E0
1.029636613E1,4.987122059E0,-1.023281765E1,1.326387763E0
1.029834977E1,5.020640850E0,-1.008677197E1,1.450886250E0
1.030036393E1,5.104437828E0,-9.964667320E0,1.613691926E0
1.030231706E1,5.128379822E0,-9.873687744E0,1.862688899E0
1.030430070E1,5.020640850E0,-9.811438560E0,2.111685991E0
1.030625382E1,4.872200489E0,-9.770736694E0,2.236184359E0
1.030823747E1,4.742913723E0,-9.727641106E0,2.286462545E0
1.031022111E1,4.596867085E0,-9.689333916E0,2.267308950E0
1.031223527E1,4.367023945E0,-9.667786598E0,2.116474390E0
1.031418839E1,4.089296341E0,-9.679757118E0,1.857900500E0
1.031617204E1,3.782838583E0,-9.706093788E0,1.580173135E0
1.031815568E1,3.433285236E0,-9.720458984E0,1.326387763E0
1.032013932E1,3.055001259E0,-9.734824181E0,1.151610970E0
1.032206193E1,2.655169725E0,-9.751583099E0,1.019929886E0
1.032407609E1,2.264914751E0,-9.746794701E0,8.667010069E-1
1.032602921E1,1.867477298E0,-9.718064308E0,6.895300746E-1
1.032801286E1,1.438915253E0,-9.698910713E0,5.722141862E-1
1.032999650E1,1.003170490E0,-9.706093788E0,5.793967843E-1
1.033198014E1,5.817909837E-1,-9.746794701E0,6.799532771E-1
1.033390275E1,1.795651317E-1,-9.792284966E0,7.924807668E-1
1.033591691E1,-1.891419291E-1,-9.811438560E0,8.714894056E-1
1.033787003E1,-5.195417404E-1,-9.804255486E0,8.930372596E-1
1.033985368E1,-7.948749661E-1,-9.792284966E0,8.619126081E-1
1.034180680E1,-9.888052940E-1,-9.777919769E0,8.116343617E-1
1.034382096E1,-1.089361787E0,-9.768342972E0,7.948749661E-1
1.034580460E1,-1.163581967E0,-9.761159897E0,8.307880163E-1
1.034778825E1,-1.302445769E0,-9.787496567E0,9.457096457E-1
1.034977189E1,-1.510741234E0,-9.844957352E0,1.053448796E0
1.035175553E1,-1.786074519E0,-9.902418137E0,1.067813993E0
1.035367814E1,-2.075772762E0,-9.919178009E0,1.041477680E0
1.035569230E1,-2.264914751E0,-9.876082420E0,1.010353088E0
1.035764542E1,-2.308010340E0,-9.785101891E0,9.959878922E-1
1.035962907E1,-2.233790159E0,-9.682151794E0,9.648633003E-1
1.036158219E1,-2.193088770E0,-9.631873131E0,9.768342972E-1
1.036359635E1,-2.114080191E0,-9.641449928E0,8.906430602E-1
1.036554948E1,-1.970427990E0,-9.670180321E0,7.541735172E-1
1.036753312E1,-1.853112102E0,-9.677363396E0,7.038952708E-1
1.036951676E1,-1.750161409E0,-9.634267807E0,7.685387731E-1
1.037150040E1,-1.623268723E0,-9.560047150E0,8.714894056E-1
1.037348405E1,-1.482010841E0,-9.471462250E0,9.337386489E-1
1.037546769E1,-1.376665950E0,-9.380482674E0,9.457096457E-1
1.037742081E1,-1.331176162E0,-9.323021889E0,9.481038451E-1
1.037943498E1,-1.316810966E0,-9.306262016E0,9.552865028E-1
1.038138810E1,-1.292868972E0,-9.313444138E0,9.744400978E-1
1.038337174E1,-1.228225470E0,-9.337387085E0,1.043871999E0
1.038535538E1,-1.106121182E0,-9.342175484E0,1.161187768E0
1.038733903E1,-9.481038451E-1,-9.330204010E0,1.280897856E0
1.038926164E1,-7.972691655E-1,-9.318233490E0,1.355118155E0
1.039127580E1,-6.727706790E-1,-9.308655739E0,1.350329757E0
1.039325944E1,-5.650315881E-1,-9.299078941E0,1.259350061E0
1.039524308E1,-4.213795066E-1,-9.282320023E0,1.125274777E0
1.039719620E1,-2.394201756E-1,-9.255983353E0,1.003170490E0
1.039921036E1,-5.506663769E-2,-9.236829758E0,9.313444495E-1
1.040116349E1,1.125274822E-1,-9.234436035E0,8.858546019E-1
1.040314713E1,2.753331959E-1,-9.232041359E0,8.619126081E-1
1.040513078E1,4.285621047E-1,-9.222464561E0,8.547300100E-1
1.040711442E1,5.386953950E-1,-9.212887764E0,8.379706144E-1
1.040903702E1,6.296750307E-1,-9.215282440E0,8.140285611E-1
1.041105119E1,7.422025204E-1,-9.212887764E0,8.140285611E-1
1.041300431E1,8.643068075E-1,-9.212887764E0,8.475474119E-1
1.041501847E1,1.003170490E0,-9.212887764E0,8.906430602E-1
1.041694108E1,1.142034173E0,-9.215282440E0,9.265560508E-1
1.041895524E1,1.256955862E0,-9.217676163E0,9.481038451E-1
1.042090836E1,1.333570361E0,-9.220070839E0,9.504981041E-1
1.042289201E1,1.383848548E0,-9.215282440E0,9.289502501E-1
1.042487565E1,1.431732655E0,-9.212887764E0,8.906430602E-1
1.042685929E1,1.486799240E0,-9.215282440E0,8.236053586E-1
1.042878190E1,1.513135433E0,-9.215282440E0,7.805097699E-1
1.043079606E1,1.551442742E0,-9.200917244E0,6.536170840E-1
1.043274918E1,1.556231141E0,-9.193734169E0,6.081272364E-1
1.043473283E1,1.563413739E0,-9.181763649E0,5.171475410E-1
1.043668595E1,1.556231141E0,-9.169792175E0,4.118026793E-1
1.043870011E1,1.541865945E0,-9.167398453E0,3.064578176E-1
1.044065324E1,1.522712231E0,-9.172186852E0,2.082955539E-1
1.044263688E1,1.491587639E0,-9.172186852E0,1.197100878E-1
1.044462052E1,1.462857246E0,-9.169792175E0,2.154781483E-2
1.044660416E1,1.426944256E0,-9.162610054E0,-8.858546615E-2
1.044855729E1,1.393425345E0,-9.150638580E0,-2.106897533E-1
1.045057145E1,1.355118155E0,-9.150638580E0,-3.303998411E-1
1.045252457E1,1.316810966E0,-9.153033257E0,-4.333505034E-1
1.045450822E1,1.278503656E0,-9.143456459E0,-5.434837937E-1
1.045649186E1,1.249773264E0,-9.119514465E0,-6.631938815E-1
1.045850602E1,1.206677675E0,-9.081207275E0,-7.781155705E-1
1.046045914E1,1.161187768E0,-9.045293808E0,-8.810662031E-1
1.046247331E1,1.098938584E0,-9.023746490E0,-9.768342972E-1
1.046442643E1,1.017535686E0,-9.014169693E0,-1.074996591E0
1.046641007E1,9.433154464E-1,-8.985439301E0,-1.158793569E0
1.046839372E1,8.786720037E-1,-8.942343712E0,-1.240196466E0
1.047037736E1,8.259995580E-1,-8.920795441E0,-1.312022567E0
1.047233048E1,7.805097699E-1,-8.904036522E0,-1.355118155E0
1.047434464E1,7.278373241E-1,-8.877699852E0,-1.383848548E0
1.047629777E1,6.775590777E-1,-8.860940933E0,-1.417367458E0
1.047831193E1,6.344634295E-1,-8.851364136E0,-1.441309452E0
1.048026505E1,5.961562395E-1,-8.834604263E0,-1.443703651E0
1.048227921E1,5.746083856E-1,-8.805873871E0,-1.434126854E0
1.048423234E1,5.482721925E-1,-8.786720276E0,-1.407790542E0
1.048621598E1,5.171475410E-1,-8.772355080E0,-1.388636947E0
1.048819962E1,5.003881454E-1,-8.753201485E0,-1.364694953E0
1.049018327E1,4.979939461E-1,-8.746018410E0,-1.328781962E0
1.049213639E1,4.932055473E-1,-8.755595207E0,-1.271321058E0
1.049415055E1,4.955997467E-1,-8.757989883E0,-1.201889277E0
1.049610368E1,5.075707436E-1,-8.741230011E0,-1.130063176E0
1.049808732E1,5.219359994E-1,-8.734047890E0,-1.072602391E0
1.050004044E1,5.386953950E-1,-8.726864815E0,-1.019929886E0
1.050205460E1,5.626373887E-1,-8.724471092E0,-9.648633003E-1
1.050397721E1,5.865794420E-1,-8.707711220E0,-9.002198577E-1
1.050599137E1,6.153098345E-1,-8.700529099E0,-8.403648138E-1
1.050797501E1,6.464344859E-1,-8.698134422E0,-7.972691655E-1
1.050992814E1,6.751648784E-1,-8.700529099E0,-7.565677166E-1
1.051191178E1,6.943184733E-1,-8.702922821E0,-7.158663273E-1
1.051392594E1,7.110779285E-1,-8.700529099E0,-6.895300746E-1
1.051587907E1,7.398083210E-1,-8.698134422E0,-6.847416759E-1
1.051789323E1,7.709329724E-1,-8.690952301E0,-6.895300746E-1
1.051984635E1,7.948749661E-1,-8.690952301E0,-7.015010715E-1
1.052186051E1,8.140285611E-1,-8.700529099E0,-7.350199223E-1
1.052378312E1,8.403648138E-1,-8.719682693E0,-7.733271718E-1
1.052579728E1,8.643068075E-1,-8.748413086E0,-8.116343617E-1
1.052775040E1,8.906430602E-1,-8.789113998E0,-8.475474119E-1
1.052970353E1,9.121908545E-1,-8.834604263E0,-8.930372596E-1
1.053168717E1,9.121908545E-1,-8.863334656E0,-9.385270476E-1
1.053367081E1,8.882488012E-1,-8.896853447E0,-9.648633003E-1
1.053562394E1,8.714894056E-1,-8.949525833E0,-9.696516991E-1
1.053760758E1,8.619126081E-1,-9.006986618E0,-9.720458984E-1
1.053959122E1,8.403648138E-1,-9.064447403E0,-9.816226959E-1
1.054157487E1,8.236053586E-1,-9.138668060E0,-9.959878922E-1
1.054352799E1,7.972691655E-1,-9.215282440E0,-1.027112484E0
1.054554215E1,7.589619160E-1,-9.291896820E0,-1.067813993E0
1.054749528E1,6.967126727E-1,-9.368511200E0,-1.118092179E0
1.054947892E1,6.200982332E-1,-9.437943459E0,-1.170764685E0
1.055146256E1,5.410895944E-1,-9.519346237E0,-1.201889277E0
1.055344620E1,4.620809257E-1,-9.595960617E0,-1.216254473E0
1.055539933E1,3.758896589E-1,-9.660603523E0,-1.233013868E0
1.055741349E1,2.825157940E-1,-9.718064308E0,-1.247379065E0
1.055936662E1,1.915361285E-1,-9.775525093E0,-1.244984865E0
1.056135026E1,1.125274822E-1,-9.832986832E0,-1.228225470E0
1.056333390E1,4.309562966E-2,-9.876082420E0,-1.211466074E0
1.056531754E1,-1.915361360E-2,-9.919178009E0,-1.197100878E0
1.056727067E1,-8.619125932E-2,-9.959878922E0,-1.170764685E0
1.056928483E1,-1.628057212E-1,-9.991003990E0,-1.134851575E0
1.057123795E1,-2.346317619E-1,-1.000536919E1,-1.110909581E0
1.057322160E1,-3.040636182E-1,-1.001015759E1,-1.094150186E0
1.057520524E1,-3.567360640E-1,-1.002212811E1,-1.065419793E0
1.057721940E1,-3.998316824E-1,-1.002931118E1,-1.039083481E0
1.057917252E1,-4.333505034E-1,-1.002452278E1,-9.959878922E-1
1.058115617E1,-4.668693244E-1,-1.001973438E1,-9.552865028E-1
1.058313981E1,-4.979939461E-1,-1.001015759E1,-9.241618514E-1
1.058512345E1,-5.099649429E-1,-9.998186111E0,-9.050082564E-1
1.058707658E1,-5.243301988E-1,-1.000058079E1,-8.810662031E-1
1.058909074E1,-5.267243981E-1,-1.001015759E1,-8.475474119E-1
1.059107438E1,-5.219359994E-1,-1.001733971E1,-8.164227605E-1
1.059305802E1,-5.051765442E-1,-1.001733971E1,-7.876923680E-1
1.059498063E1,-4.884171486E-1,-1.002452278E1,-7.661445141E-1
1.059699479E1,-4.548983276E-1,-1.002931118E1,-7.422025204E-1
1.059894791E1,-3.902548850E-1,-1.003649330E1,-7.230489254E-1
1.060093156E1,-3.208230138E-1,-1.005804157E1,-7.086837292E-1
1.060291520E1,-2.609679997E-1,-1.009634876E1,-6.895300746E-1
1.060489884E1,-2.346317619E-1,-1.011550236E1,-6.775590777E-1
1.060682145E1,-1.771709323E-1,-1.014902115E1,-6.631938815E-1
1.060883561E1,-1.149216816E-1,-1.018493366E1,-6.536170840E-1
1.061078873E1,-6.464344263E-2,-1.023521233E1,-6.512228847E-1
1.061280289E1,-3.351882473E-2,-1.028549004E1,-6.584054828E-1
1.061472550E1,-4.548983276E-2,-1.032619190E1,-6.536170840E-1
1.061673966E1,-6.224924326E-2,-1.036210537E1,-6.464344859E-1
1.061869279E1,-4.548983276E-2,-1.040998936E1,-6.368576288E-1
1.062067643E1,-1.436521020E-2,-1.045547867E1,-6.344634295E-1
1.062266007E1,-1.436521020E-2,-1.051054573E1,-6.392518282E-1
1.062464372E1,-2.873042040E-2,-1.056321812E1,-6.536170840E-1
1.062656632E1,-2.154781483E-2,-1.058955383E1,-6.775590777E-1
1.062858048E1,2.394201700E-3,-1.059913063E1,-7.086837292E-1
1.063053361E1,-9.576806799E-3,-1.061110210E1,-7.134721279E-1
1.063254777E1,-7.661445439E-2,-1.062067890E1,-6.560112834E-1
1.063447038E1,-1.939303428E-1,-1.062786102E1,-5.243301988E-1
1.063648454E1,-3.519476354E-1,-1.063983250E1,-3.471592367E-1
1.063843766E1,-5.147533417E-1,-1.066137981E1,-1.316810995E-1
1.064042130E1,-6.536170840E-1,-1.068053341E1,1.125274822E-1
1.064240495E1,-7.661445141E-1,-1.069250488E1,3.734954596E-1
1.064438859E1,-8.619126081E-1,-1.069250488E1,6.320692301E-1
1.064631120E1,-9.361328483E-1,-1.069489861E1,8.762778044E-1
1.064832536E1,-9.648633003E-1,-1.070208168E1,1.096544385E0
1.065027848E1,-9.481038451E-1,-1.070687008E1,1.283292055E0
1.065226212E1,-9.026140571E-1,-1.071405220E1,1.426944256E0
1.065424577E1,-8.140285611E-1,-1.072123528E1,1.498770237E0
1.065622941E1,-6.655880809E-1,-1.073799419E1,1.505952835E0
1.065818253E1,-4.644751251E-1,-1.077630138E1,1.448492050E0
1.066019669E1,-2.178723514E-1,-1.082658005E1,1.304839969E0
1.066211930E1,5.746084079E-2,-1.087685871E1,1.127668977E0
1.066413346E1,3.567360640E-1,-1.093910789E1,9.193734527E-1
1.066608659E1,6.799532771E-1,-1.101811600E1,6.751648784E-1
1.066807023E1,1.007958889E0,-1.111627865E1,4.213795066E-1
1.066999284E1,1.323993564E0,-1.122880554E1,1.675941199E-1
1.067200700E1,1.625662923E0,-1.134851646E1,-6.703764945E-2
1.067396012E1,1.929726601E0,-1.146104336E1,-2.801215947E-1
1.067594376E1,2.214636564E0,-1.158554173E1,-4.740519226E-1
1.067789689E1,2.485181332E0,-1.171004009E1,-6.200982332E-1
1.067991105E1,2.760514498E0,-1.181538582E1,-7.445967197E-1
1.068186417E1,3.035847664E0,-1.190636539E1,-8.283938169E-1
1.068384782E1,3.287238836E0,-1.201171017E1,-8.451532125E-1
1.068583146E1,3.524264812E0,-1.212423706E1,-7.948749661E-1
1.068781510E1,3.754108191E0,-1.224155331E1,-7.062895298E-1
1.068976823E1,3.969586372E0,-1.235647488E1,-6.033388376E-1
1.069178239E1,4.170699596E0,-1.248336792E1,-4.764461517E-1
1.069373551E1,4.357447147E0,-1.260786629E1,-3.256114423E-1
1.069574967E1,4.503493309E0,-1.274433517E1,-1.244984865E-1
1.069770280E1,4.611232281E0,-1.289277649E1,1.053448766E-1
1.069971696E1,4.685452938E0,-1.304121685E1,3.280056417E-1
1.070163956E1,4.735731125E0,-1.319444561E1,5.386953950E-1
1.070365372E1,4.750096321E0,-1.336203957E1,7.326257229E-1
1.070563737E1,4.735731125E0,-1.353921032E1,9.121908545E-1
1.070759049E1,4.685452938E0,-1.373314095E1,1.086967587E0
1.070957414E1,4.596867085E0,-1.393425369E1,1.276109457E0
1.071158830E1,4.467580318E0,-1.413297272E1,1.477222443E0
1.071354142E1,4.307168961E0,-1.431014347E1,1.656787634E0
1.071552506E1,4.125209332E0,-1.446576691E1,1.829170108E0
1.071750870E1,3.914519787E0,-1.460223579E1,2.001552582E0
1.071952286E1,3.689464808E0,-1.471715832E1,2.171540976E0
1.072144547E1,3.457227230E0,-1.480095482E1,2.329558372E0
1.072345963E1,3.220201254E0,-1.487038708E1,2.480392933E0
1.072541276E1,2.980781078E0,-1.492545319E1,2.633621931E0
1.072736588E1,2.743755102E0,-1.496376038E1,2.782062292E0
1.072934952E1,2.506729126E0,-1.498530865E1,2.930502892E0
1.073133317E1,2.264914751E0,-1.498770237E1,3.078943491E0
1.073328629E1,2.001552582E0,-1.499009705E1,3.244143248E0
1.073526994E1,1.721431017E0,-1.499967384E1,3.435679436E0
1.073725358E1,1.436521053E0,-1.503079796E1,3.646369219E0
1.073923722E1,1.175553083E0,-1.509544182E1,3.881000996E0
1.074119035E1,9.241618514E-1,-1.517923832E1,4.106055737E0
1.074320451E1,6.727706790E-1,-1.528937244E1,4.319139957E0
1.074515763E1,5.530605912E-1,-1.535401535E1,4.422090530E0
1.074714127E1,3.375824392E-1,-1.548569679E1,4.625597477E0
1.074912492E1,1.604115069E-1,-1.562456036E1,4.809951305E0
1.075110856E1,0.000000000E0,-1.576581860E1,4.967968464E0
1.075306168E1,-1.460463107E-1,-1.589271069E1,5.092466831E0
1.075504533E1,-2.729389966E-1,-1.602918053E1,5.195417881E0
1.075699845E1,-3.806780577E-1,-1.617283249E1,5.267243862E0
1.075898209E1,-4.692635238E-1,-1.630930138E1,5.322310448E0
1.076093522E1,-5.410895944E-1,-1.641464615E1,5.346252441E0
1.076291886E1,-6.153098345E-1,-1.646731949E1,5.336675644E0
1.076490250E1,-6.991068721E-1,-1.646253014E1,5.288791656E0
1.076688615E1,-7.972691655E-1,-1.641704178E1,5.212177277E0
1.076880875E1,-9.193734527E-1,-1.633085060E1,5.109226227E0
1.077082291E1,-1.058237195E0,-1.619677544E1,5.011064053E0
1.077277604E1,-1.209071875E0,-1.601960373E1,4.934449673E0
1.077475968E1,-1.369483352E0,-1.579215431E1,4.886565685E0
1.077671281E1,-1.525106430E0,-1.551203251E1,4.862623692E0
1.077872697E1,-1.695094824E0,-1.520078659E1,4.867412090E0
1.078064957E1,-1.862688899E0,-1.487278080E1,4.874594688E0
1.078266373E1,-2.030282974E0,-1.454238129E1,4.855441093E0
1.078464738E1,-2.207453966E0,-1.419761562E1,4.795586109E0
1.078663102E1,-2.377442360E0,-1.382651520E1,4.699818134E0
1.078855363E1,-2.516305923E0,-1.344344234E1,4.575319290E0
1.079056779E1,-2.626439333E0,-1.306276417E1,4.422090530E0
1.079252091E1,-2.724601507E0,-1.268926907E1,4.211400986E0
1.079450456E1,-2.834734917E0,-1.232056236E1,3.924096584E0
1.079645768E1,-2.932897091E0,-1.195903778E1,3.598485231E0
1.079847184E1,-3.007117271E0,-1.161427212E1,3.260902643E0
1.080039445E1,-3.076549292E0,-1.129105568E1,2.918531895E0
1.080240861E1,-3.138798475E0,-1.099417400E1,2.600103140E0
1.080439225E1,-3.179499865E0,-1.074038887E1,2.322375536E0
1.080637589E1,-3.181894064E0,-1.050096893E1,2.097320795E0
1.080832902E1,-3.145981073E0,-1.029027843E1,1.898601890E0
1.081034318E1,-3.081337690E0,-1.011550236E1,1.702277422E0
1.081229630E1,-3.026270866E0,-9.979032516E0,1.470039845E0
1.081431046E1,-3.011905670E0,-9.880870819E0,1.201889277E0
1.081626359E1,-3.026270866E0,-9.794678688E0,9.169792533E-1
1.081827775E1,-3.040636063E0,-9.727641106E0,6.248866320E-1
1.082020036E1,-3.052607059E0,-9.684545517E0,3.184288144E-1
1.082221452E1,-3.066972494E0,-9.670180321E0,-7.182605099E-3
1.082419816E1,-3.074155092E0,-9.689333916E0,-3.543418646E-1
1.082618180E1,-3.069366693E0,-9.744400978E0,-7.110779285E-1
1.082813493E1,-3.059789658E0,-9.842563629E0,-1.048660398E0
1.083014909E1,-3.014299870E0,-9.964667320E0,-1.388636947E0
1.083210221E1,-2.947262287E0,-1.010113716E1,-1.750161409E0
1.083411637E1,-2.844311714E0,-1.026633644E1,-2.126051188E0
1.083606950E1,-2.710236311E0,-1.043153667E1,-2.477998734E0
1.083808366E1,-2.535459518E0,-1.057997704E1,-2.796427488E0
1.084000626E1,-2.343923569E0,-1.070926380E1,-3.129221678E0
1.084202042E1,-2.140416384E0,-1.083376312E1,-3.464409828E0
1.084397355E1,-1.924938202E0,-1.095107841E1,-3.778050184E0
1.084592667E1,-1.728613615E0,-1.105402946E1,-4.034229755E0
1.084791032E1,-1.594538331E0,-1.113782597E1,-4.218583584E0
1.084989396E1,-1.493981838E0,-1.119768143E1,-4.386177540E0
1.085184708E1,-1.359906554E0,-1.125514221E1,-4.572925091E0
1.085383073E1,-1.221042871E0,-1.130063248E1,-4.742913723E0
1.085575333E1,-1.115697980E0,-1.130542088E1,-4.862623692E0
1.085776749E1,-1.065419793E0,-1.126232433E1,-4.958391666E0
1.085972062E1,-1.053448796E0,-1.118331623E1,-5.066130638E0
1.086170426E1,-1.074996591E0,-1.106121159E1,-5.178658485E0
1.086368790E1,-1.108515382E0,-1.089601231E1,-5.298368454E0
1.086567155E1,-1.082179189E0,-1.071405220E1,-5.427655220E0
1.086759415E1,-9.744400978E-1,-1.051772785E1,-5.521028996E0
1.086960831E1,-8.595184088E-1,-1.032379818E1,-5.492298603E0
1.087159196E1,-7.493851185E-1,-1.016338634E1,-5.322310448E0
1.087357560E1,-5.027823448E-1,-1.002691650E1,-5.080495834E0
1.087549821E1,-1.364694983E-1,-9.940725327E0,-4.778826714E0
1.087751237E1,1.939303428E-1,-9.914389610E0,-4.381389141E0
1.087946549E1,3.280056417E-1,-9.914389610E0,-4.158728123E0
1.088144914E1,4.764461517E-1,-9.911994934E0,-3.696647406E0
1.088343278E1,5.051765442E-1,-9.907206535E0,-3.258508444E0
1.088541642E1,4.884171486E-1,-9.916783333E0,-2.880224705E0
1.088733903E1,5.770025849E-1,-9.926360130E0,-2.621650934E0
1.088935319E1,9.481038451E-1,-9.933543205E0,-2.552218914E0
1.089130631E1,1.460463047E0,-9.950302124E0,-2.588132143E0
1.089328996E1,1.549048543E0,-9.943120003E0,-2.545036316E0
1.089524308E1,1.381454349E0,-9.950302124E0,-2.410961151E0
1.089725724E1,1.422155857E0,-1.002452278E1,-2.279279947E0
1.089921036E1,1.647210717E0,-1.012507915E1,-2.166752577E0
1.090119401E1,1.855506301E0,-1.022802925E1,-2.013523579E0
1.090317765E1,1.984793186E0,-1.031661510E1,-1.821987510E0
1.090516129E1,2.080561161E0,-1.039562416E1,-1.551442742E0
1.090708390E1,2.099714994E0,-1.049139214E1,-1.204283476E0
1.090909806E1,2.001552582E0,-1.057040024E1,-8.547300100E-1
1.091105119E1,1.833958507E0,-1.060870743E1,-4.908113480E-1
1.091306535E1,1.604115129E0,-1.062786102E1,-1.484405100E-1
1.091501847E1,1.417367458E0,-1.066616821E1,1.340752989E-1
1.091703263E1,1.400607944E0,-1.074996567E1,3.734954596E-1
1.091895524E1,1.470039845E0,-1.085770512E1,6.631938815E-1
1.092096940E1,1.537077546E0,-1.095347309E1,1.029506683E0
1.092292252E1,1.668758631E0,-1.100853920E1,1.340752959E0
1.092487565E1,1.841141105E0,-1.100853920E1,1.508347034E0
1.092685929E1,1.912967205E0,-1.100614548E1,1.546654344E0
1.092884293E1,1.857900500E0,-1.101811600E1,1.539471745E0
1.093079606E1,1.716642618E0,-1.103966427E1,1.570596337E0
1.093277970E1,1.582567334E0,-1.103487587E1,1.599326730E0
1.093476334E1,1.470039845E0,-1.100853920E1,1.599326730E0
1.093674699E1,1.357512355E0,-1.096304989E1,1.561019540E0
1.093870011E1,1.230619669E0,-1.089840603E1,1.482010841E0
1.094071427E1,1.094150186E0,-1.082897472E1,1.417367458E0
1.094266740E1,7.757213712E-1,-1.081939793E1,1.403002143E0
1.094465104E1,4.141969085E-1,-1.080982113E1,1.453280449E0
1.094663468E1,2.920926213E-1,-1.074038887E1,1.539471745E0
1.094861832E1,2.681505978E-1,-1.068053341E1,1.508347034E0
1.095054093E1,1.460463107E-1,-1.068771648E1,1.515529633E0
1.095255509E1,-1.077390760E-1,-1.071405220E1,1.565807939E0
1.095450822E1,-3.160346150E-1,-1.069489861E1,1.484405041E0
1.095649186E1,-3.854664862E-1,-1.061349583E1,1.230619669E0
1.095844498E1,-3.734954596E-1,-1.051533413E1,9.720458984E-1
1.096045914E1,-3.734954596E-1,-1.042914295E1,7.948749661E-1
1.096241227E1,-4.309563041E-1,-1.034055710E1,6.512228847E-1
1.096442643E1,-5.171475410E-1,-1.023521233E1,4.979939461E-1
1.096637956E1,-6.033388376E-1,-1.012986755E1,3.375824392E-1
1.096836320E1,-6.560112834E-1,-1.001733971E1,2.082955539E-1
1.097034684E1,-6.871358752E-1,-9.914389610E0,1.101332754E-1
1.097236100E1,-6.943184733E-1,-9.828198433E0,1.675941236E-2
1.097431413E1,-6.679822803E-1,-9.746794701E0,-9.097966552E-2
1.097629777E1,-6.416460276E-1,-9.653421402E0,-2.130839527E-1
1.097825089E1,-6.224924326E-1,-9.545681953E0,-3.447650373E-1
1.098023454E1,-6.057330370E-1,-9.445125580E0,-4.836287498E-1
1.098221818E1,-5.530605912E-1,-9.332598686E0,-6.272808313E-1
1.098423234E1,-4.620809257E-1,-9.215282440E0,-7.972691655E-1
1.098618546E1,-3.543418646E-1,-9.095572472E0,-9.816226959E-1
1.098819962E1,-2.394201756E-1,-8.973467827E0,-1.127668977E0
1.099012223E1,-1.221042871E-1,-8.851364136E0,-1.204283476E0
1.099213639E1,-2.394201700E-3,-8.736441612E0,-1.209071875E0
1.099408952E1,1.268926859E-1,-8.626308441E0,-1.163581967E0
1.099607316E1,2.561795712E-1,-8.516175270E0,-1.084573388E0
1.099805680E1,3.543418646E-1,-8.418013573E0,-9.768342972E-1
1.100004044E1,3.615244627E-1,-8.327033043E0,-8.882488012E-1
1.100202409E1,2.849099934E-1,-8.226476669E0,-8.595184088E-1
1.100397721E1,1.795651317E-1,-8.118738174E0,-9.169792533E-1
1.100596085E1,-4.788403213E-2,-8.032546997E0,-9.888052940E-1
1.100794450E1,-1.173158810E-1,-7.951143742E0,-1.084573388E0
1.100989762E1,2.298433632E-1,-7.855375767E0,-1.142034173E0
1.101188126E1,7.158663273E-1,-7.757213593E0,-1.082179189E0
1.101386491E1,1.039083481E0,-7.692570210E0,-9.361328483E-1
1.101584855E1,1.130063176E0,-7.668628216E0,-7.852981687E-1
1.101780167E1,1.058237195E0,-7.668628216E0,-6.584054828E-1
1.101981583E1,9.169792533E-1,-7.673416615E0,-5.363011956E-1
1.102176896E1,7.469909191E-1,-7.680599213E0,-4.309563041E-1
1.102372208E1,5.674257874E-1,-7.690176010E0,-3.112462163E-1
1.102570573E1,4.788403511E-1,-7.694964409E0,-2.442085743E-1
1.102771989E1,1.747767180E-1,-7.726089001E0,-4.788403213E-2
1.102967301E1,7.661445439E-2,-7.742848396E0,2.154781483E-2
1.103165665E1,-1.053448766E-1,-7.773972988E0,1.675941199E-1
1.103364030E1,-2.681505978E-1,-7.788338184E0,3.184288144E-1
1.103565446E1,-4.022258818E-1,-7.785943985E0,4.525041282E-1
1.103757706E1,-5.147533417E-1,-7.773972988E0,5.386953950E-1
1.103959122E1,-5.913678408E-1,-7.742848396E0,5.841852427E-1
1.104154435E1,-6.320692301E-1,-7.694964409E0,5.961562395E-1
1.104349748E1,-6.703764796E-1,-7.661445618E0,5.722141862E-1
1.104548112E1,-7.182605267E-1,-7.632715225E0,5.291185975E-1
1.104749528E1,-7.733271718E-1,-7.601590633E0,4.740519226E-1
1.104941788E1,-8.092401624E-1,-7.572859764E0,4.070142806E-1
1.105143204E1,-8.331822157E-1,-7.541735172E0,3.112462163E-1
1.105338517E1,-8.499416113E-1,-7.510610580E0,2.202665508E-1
1.105536881E1,-8.762778044E-1,-7.474697590E0,1.532289088E-1
1.105732194E1,-9.361328483E-1,-7.433996201E0,8.858546615E-2
1.105933610E1,-1.027112484E0,-7.390900612E0,7.182605099E-3
1.106128922E1,-1.125274777E0,-7.345410824E0,-7.900865376E-2
1.106330338E1,-1.209071875E0,-7.283161640E0,-1.628057212E-1
1.106522599E1,-1.292868972E0,-7.225700855E0,-2.585737705E-1
1.106724015E1,-1.398213744E0,-7.182605267E0,-3.639186621E-1
1.106922379E1,-1.513135433E0,-7.139509678E0,-4.501099288E-1
1.107120744E1,-1.628057122E0,-7.079654217E0,-5.291185975E-1
1.107313004E1,-1.726219416E0,-7.007828236E0,-6.081272364E-1
1.107514420E1,-1.812410712E0,-6.936002254E0,-6.751648784E-1
1.107709733E1,-1.891419291E0,-6.859387875E0,-7.134721279E-1
1.107908097E1,-1.965639591E0,-6.773196697E0,-7.374141216E-1
1.108106461E1,-2.049436569E0,-6.689399719E0,-7.565677166E-1
1.108307877E1,-2.126051188E0,-6.605602264E0,-7.709329724E-1
1.108503190E1,-2.195482969E0,-6.521805286E0,-7.517793179E-1
1.108701554E1,-2.269703150E0,-6.430825710E0,-7.230489254E-1
1.108899918E1,-2.327163935E0,-6.335057735E0,-6.871358752E-1
1.109101334E1,-2.377442360E0,-6.260837555E0,-6.560112834E-1
1.109296647E1,-2.432508945E0,-6.186617374E0,-6.200982332E-1
1.109495011E1,-2.485181332E0,-6.107608318E0,-5.674257874E-1
1.109690324E1,-2.559401512E0,-6.028599739E0,-5.147533417E-1
1.109891740E1,-2.643198729E0,-5.956773758E0,-4.668693244E-1
1.110087052E1,-2.729389906E0,-5.901707172E0,-4.357447028E-1
1.110288468E1,-2.825158119E0,-5.861005783E0,-4.261679053E-1
1.110483781E1,-2.923320293E0,-5.825092793E0,-4.261679053E-1
1.110682145E1,-3.011905670E0,-5.777208805E0,-4.429273009E-1
1.110880509E1,-3.083731890E0,-5.724536419E0,-4.620809257E-1
1.111081925E1,-3.145981073E0,-5.691017628E0,-4.860229492E-1
1.111277238E1,-3.208230257E0,-5.659893036E0,-4.955997467E-1
1.111475602E1,-3.272873640E0,-5.626373768E0,-5.051765442E-1
1.111670914E1,-3.335123062E0,-5.592854977E0,-5.267243981E-1
1.111869279E1,-3.390189648E0,-5.556941986E0,-5.410895944E-1
1.112067643E1,-3.435679436E0,-5.530605793E0,-5.315127969E-1
1.112269059E1,-3.476380825E0,-5.516240597E0,-5.099649429E-1
1.112464372E1,-3.519476414E0,-5.494692802E0,-4.908113480E-1
1.112662736E1,-3.543418407E0,-5.473145008E0,-4.860229492E-1
1.112861100E1,-3.548206806E0,-5.475539207E0,-4.764461517E-1
1.113062516E1,-3.541024208E0,-5.487510204E0,-4.668693244E-1
1.113257829E1,-3.529053211E0,-5.489904404E0,-4.692635238E-1
1.113456193E1,-3.526659012E0,-5.487510204E0,-4.716577232E-1
1.113651505E1,-3.517082214E0,-5.492298603E0,-4.764461517E-1
1.113852921E1,-3.493140221E0,-5.501875401E0,-4.764461517E-1
1.114048234E1,-3.466804028E0,-5.506663799E0,-4.644751251E-1
1.114249650E1,-3.430891037E0,-5.506663799E0,-4.501099288E-1
1.114444962E1,-3.380612850E0,-5.504269600E0,-4.548983276E-1
1.114643327E1,-3.308786631E0,-5.485116005E0,-4.525041282E-1
1.114841691E1,-3.232172251E0,-5.461174011E0,-4.333505034E-1
1.115040055E1,-3.174711466E0,-5.446808815E0,-4.141969085E-1
1.115238419E1,-3.138798475E0,-5.446808815E0,-3.974374831E-1
1.115439835E1,-3.107673883E0,-5.442020416E0,-3.687070608E-1
1.115635148E1,-3.074155092E0,-5.434837818E0,-3.303998411E-1
1.115836564E1,-3.052607059E0,-5.425261021E0,-2.944868207E-1
1.116034928E1,-3.047818661E0,-5.418078423E0,-2.657563984E-1
1.116233292E1,-3.045424461E0,-5.410895824E0,-2.466027737E-1
1.116428605E1,-3.038241863E0,-5.398924828E0,-2.130839527E-1
1.116630021E1,-3.038241863E0,-5.396530628E0,-1.795651317E-1
1.116825333E1,-3.043030262E0,-5.386953831E0,-1.460463107E-1
1.117026749E1,-3.066972494E0,-5.389348030E0,-1.173158810E-1
1.117222062E1,-3.114856482E0,-5.406107426E0,-1.125274822E-1
1.117423478E1,-3.167528868E0,-5.427655220E0,-1.077390760E-1
1.117621842E1,-3.203441858E0,-5.463568211E0,-1.005564705E-1
1.117820206E1,-3.222595453E0,-5.497087002E0,-9.097966552E-2
1.118018571E1,-3.232172251E0,-5.523423195E0,-8.379705995E-2
1.118216935E1,-3.213018656E0,-5.528211594E0,-7.900865376E-2
1.118412248E1,-3.191470861E0,-5.537788391E0,-7.422025502E-2
1.118610612E1,-3.167528868E0,-5.547365189E0,-7.182604820E-2
1.118808976E1,-3.138798475E0,-5.556941986E0,-8.379705995E-2
1.119007340E1,-3.117250681E0,-5.571307182E0,-1.029506698E-1
1.119199601E1,-3.107673883E0,-5.592854977E0,-1.053448766E-1
1.119401017E1,-3.076549292E0,-5.628767967E0,-9.097966552E-2
1.119596330E1,-3.007117271E0,-5.657498837E0,-6.703764945E-2
1.119794694E1,-2.937685490E0,-5.676652431E0,-2.154781483E-2
1.119993058E1,-2.868253708E0,-5.710171223E0,4.788403213E-2
1.120194474E1,-2.779668093E0,-5.741295815E0,1.340752989E-1
1.120389786E1,-2.676717520E0,-5.777208805E0,2.250549644E-1
1.120588151E1,-2.566584110E0,-5.817910194E0,3.088520169E-1
1.120786515E1,-2.463633537E0,-5.863399982E0,3.687070608E-1
1.120984879E1,-2.389413357E0,-5.920860767E0,4.094084799E-1
1.121177140E1,-2.331952572E0,-5.987898350E0,4.596867263E-1
1.121378556E1,-2.257732153E0,-6.042964935E0,5.458779931E-1
1.121573869E1,-2.209848166E0,-6.064512730E0,6.081272364E-1
1.121772233E1,-2.092532396E0,-6.110002518E0,7.541735172E-1
1.121970597E1,-1.948880196E0,-6.157886982E0,9.121908545E-1
1.122168961E1,-1.795651317E0,-6.217741966E0,1.065419793E0
1.122364274E1,-1.668758631E0,-6.275202751E0,1.228225470E0
1.122565690E1,-1.546654344E0,-6.351817131E0,1.412579060E0
1.122761002E1,-1.412579060E0,-6.442796707E0,1.589749932E0
1.122962418E1,-1.288080573E0,-6.555324078E0,1.747767210E0
1.123157731E1,-1.180341482E0,-6.682217121E0,1.898601890E0
1.123359147E1,-1.043871999E0,-6.804321289E0,2.049436569E0
1.123554459E1,-8.762778044E-1,-6.912060261E0,2.212242365E0
1.123752824E1,-7.086837292E-1,-7.026981831E0,2.396595955E0
1.123951188E1,-5.530605912E-1,-7.141903877E0,2.604891539E0
1.124149552E1,-4.070142806E-1,-7.259219646E0,2.798821688E0
1.124344865E1,-2.202665508E-1,-7.371747017E0,2.971204281E0
1.124546281E1,-1.915361360E-2,-7.472303391E0,3.160346270E0
1.124741593E1,1.556231081E-1,-7.580042362E0,3.380612850E0
1.124939957E1,2.968810201E-1,-7.709329605E0,3.617638826E0
1.125138322E1,3.974374831E-1,-7.867346764E0,3.859453201E0
1.125336686E1,4.740519226E-1,-8.051700592E0,4.118026733E0
1.125535050E1,5.530605912E-1,-8.255207062E0,4.381389141E0
1.125736466E1,6.464344859E-1,-8.470685959E0,4.647145271E0
1.125931779E1,7.445967197E-1,-8.698134422E0,4.912901878E0
1.126130143E1,8.355764151E-1,-8.951920509E0,5.176264286E0
1.126328507E1,9.026140571E-1,-9.229647636E0,5.439626217E0
1.126526872E1,9.576807022E-1,-9.540893555E0,5.707777023E0
1.126722184E1,1.007958889E0,-9.892841339E0,6.007051945E0
1.126920548E1,1.031900883E0,-1.026633644E1,6.323086739E0
1.127118913E1,1.043871999E0,-1.067574501E1,6.639121532E0
1.127317277E1,1.053448796E0,-1.110430717E1,6.979097843E0
1.127512589E1,1.094150186E0,-1.155441761E1,7.350199223E0
1.127714005E1,1.209071875E0,-1.201410389E1,7.747636795E0
1.127909318E1,1.398213744E0,-1.248097324E1,8.180987358E0
1.128107682E1,1.561019540E0,-1.297657299E1,8.647856712E0
1.128302995E1,1.692700624E0,-1.348653793E1,9.114726067E0
1.128504410E1,1.862688899E0,-1.399171448E1,9.579200745E0
1.128699723E1,2.099714994E0,-1.448731422E1,1.001255131E1
1.128898087E1,2.391807556E0,-1.496854877E1,1.038365269E1
1.129093400E1,2.703053713E0,-1.542105293E1,1.069011021E1
1.129294816E1,3.004723072E0,-1.585200977E1,1.094150162E1
1.129490128E1,3.299209833E0,-1.625662994E1,1.112346077E1
1.129688493E1,3.581725836E0,-1.661575890E1,1.121922874E1
1.129883805E1,3.813963413E0,-1.694615936E1,1.128866100E1
1.130079118E1,4.031835556E0,-1.724782944E1,1.137245846E1
1.130277482E1,4.237737179E0,-1.748964310E1,1.148498535E1
1.130475846E1,4.376600742E0,-1.767160225E1,1.152089882E1
1.130671159E1,4.455609322E0,-1.778413010E1,1.160948372E1
1.130869523E1,4.515464306E0,-1.780328369E1,1.169328117E1
1.131067887E1,4.539406300E0,-1.771230507E1,1.172679996E1
1.131266251E1,4.501099110E0,-1.752795029E1,1.173637676E1
1.131461564E1,4.417302132E0,-1.724782944E1,1.172440529E1
1.131662980E1,4.280832767E0,-1.689588165E1,1.167173290E1
1.131858292E1,4.125209332E0,-1.645774269E1,1.156878281E1
1.132056657E1,3.967192173E0,-1.596693134E1,1.140358257E1
1.132255021E1,3.806780815E0,-1.544260120E1,1.117852783E1
1.132453385E1,3.629609823E0,-1.490390587E1,1.093431950E1
1.132648698E1,3.423708439E0,-1.439633465E1,1.066137981E1
1.132847062E1,3.191470861E0,-1.393425369E1,1.033576870E1
1.133045426E1,2.925714493E0,-1.351766300E1,9.950302124E0
1.133243790E1,2.621650934E0,-1.314177322E1,9.524134636E0
1.133439103E1,2.276885748E0,-1.279222012E1,9.069235802E0
1.133640519E1,1.900996208E0,-1.246900272E1,8.588001251E0
1.133835831E1,1.493981838E0,-1.218169785E1,8.092401505E0
1.134034196E1,1.082179189E0,-1.192073059E1,7.608773232E0
1.134232560E1,6.895300746E-1,-1.167652130E1,7.146692276E0
1.134430924E1,3.040636182E-1,-1.145146656E1,6.710947514E0
1.134626237E1,-1.029506698E-1,-1.125274754E1,6.287173748E0
1.134824601E1,-5.075707436E-1,-1.107078838E1,5.911283970E0
1.135022965E1,-8.858546019E-1,-1.091277122E1,5.578489780E0
1.135224381E1,-1.244984865E0,-1.078827286E1,5.300762653E0
1.135416642E1,-1.596932530E0,-1.069968700E1,5.066130638E0
1.135618058E1,-1.900996208E0,-1.061828423E1,4.850652695E0
1.135813370E1,-2.171540976E0,-1.054406452E1,4.651933670E0
1.136011735E1,-2.406172752E0,-1.049857426E1,4.481945515E0
1.136207047E1,-2.600103140E0,-1.047463226E1,4.347870350E0
1.136405412E1,-2.772485495E0,-1.047942066E1,4.211400986E0
1.136603776E1,-2.925714493E0,-1.049857426E1,4.031835556E0
1.136802140E1,-3.059789658E0,-1.053209305E1,3.790021181E0
1.136994401E1,-3.205836058E0,-1.061589050E1,3.485957623E0
1.137195817E1,-3.366247654E0,-1.076433086E1,3.119644880E0
1.137391129E1,-3.442862034E0,-1.086249352E1,2.918531895E0
1.137589494E1,-3.567360640E0,-1.109473038E1,2.499546528E0
1.137787858E1,-3.679888010E0,-1.140837097E1,2.097320795E0
1.137986222E1,-3.816357613E0,-1.183932781E1,1.675941229E0
1.138181535E1,-3.955221176E0,-1.234689808E1,1.101332784E0
1.138379899E1,-4.046200752E0,-1.289038181E1,3.854664862E-1
1.138578263E1,-4.012681961E0,-1.342907715E1,-3.375824392E-1
1.138776627E1,-3.787626982E0,-1.390791798E1,-1.029506683E0
1.138971940E1,-3.428496838E0,-1.431972027E1,-1.735796213E0
1.139170304E1,-3.069366693E0,-1.470518684E1,-2.516305923E0
1.139365617E1,-2.808398485E0,-1.509065342E1,-3.354276657E0
1.139563981E1,-2.664746523E0,-1.548569679E1,-4.197035789E0
1.139762345E1,-2.616862535E0,-1.585440350E1,-4.982333660E0
1.139963761E1,-2.657563925E0,-1.619916916E1,-5.631162167E0
1.140159074E1,-2.698265314E0,-1.648407936E1,-6.162675381E0
1.140360490E1,-2.743755102E0,-1.671152878E1,-6.603208065E0
1.140552750E1,-2.810792685E0,-1.691024590E1,-6.916848660E0
1.140754166E1,-2.899378300E0,-1.703953362E1,-7.072471619E0
1.140949479E1,-3.004723072E0,-1.710178185E1,-7.082048416E0
1.141147843E1,-3.083731890E0,-1.708741760E1,-6.986280441E0
1.141346207E1,-3.066972494E0,-1.693179512E1,-6.868964672E0
1.141544572E1,-2.959233284E0,-1.663012505E1,-6.737283707E0
1.141739884E1,-2.815581083E0,-1.618240929E1,-6.564900875E0
1.141941300E1,-2.691082716E0,-1.562216568E1,-6.358999729E0
1.142136613E1,-2.595314741E0,-1.499009705E1,-6.124367714E0
1.142334977E1,-2.545036316E0,-1.429817295E1,-5.827486992E0
1.142530289E1,-2.552218914E0,-1.358709431E1,-5.465962410E0
1.142731706E1,-2.602497339E0,-1.287601662E1,-5.011064053E0
1.142927018E1,-2.688688517E0,-1.216254425E1,-4.462791920E0
1.143125382E1,-2.726995707E0,-1.144667816E1,-3.794809580E0
1.143323747E1,-2.667140722E0,-1.072362900E1,-2.968810081E0
1.143522111E1,-2.482787132E0,-9.995792389E0,-1.970427990E0
1.143717423E1,-2.212242365E0,-9.279925346E0,-8.954314590E-1
1.143918839E1,-1.898601890E0,-8.561665535E0,1.101332754E-1
1.144114152E1,-1.592144132E0,-7.831433773E0,9.528923035E-1
1.144312516E1,-1.345541358E0,-7.139509678E0,1.515529633E0
1.144510880E1,-1.139639974E0,-6.495469093E0,1.716642618E0
1.144709245E1,-9.097966552E-1,-5.906495571E0,1.556231141E0
1.144901505E1,-6.727706790E-1,-5.379771233E0,1.094150186E0
1.145102921E1,-4.453215301E-1,-4.891354084E0,3.687070608E-1
1.145295182E1,-2.370259613E-1,-4.453215122E0,-5.530605912E-1
1.145496598E1,-1.819593310E-1,-4.079719543E0,-1.477222443E0
1.145694962E1,-3.351882398E-1,-3.790021181E0,-2.365471363E0
1.145890275E1,-6.296750307E-1,-3.564966440E0,-3.246537447E0
1.146088639E1,-9.888052940E-1,-3.385401249E0,-4.062960148E0
1.146290055E1,-1.362300754E0,-3.284844637E0,-4.730942726E0
1.146485368E1,-1.723825216E0,-3.258508444E0,-5.214571476E0
1.146686784E1,-2.066195965E0,-3.272873640E0,-5.523423195E0
1.146882096E1,-2.370259762E0,-3.308786631E0,-5.707777023E0
1.147083512E1,-2.621650934E0,-3.371036053E0,-5.755661011E0
1.147278825E1,-2.832340717E0,-3.447650433E0,-5.681440830E0
1.147477189E1,-2.961627483E0,-3.531447411E0,-5.532999992E0
1.147675553E1,-3.019088268E0,-3.612850428E0,-5.327098846E0
1.147873917E1,-3.114856482E0,-3.708618402E0,-5.058948040E0
1.148069230E1,-3.315969467E0,-3.854664803E0,-4.709394932E0
1.148270646E1,-3.584120035E0,-4.053383350E0,-4.297592163E0
1.148465958E1,-3.792415380E0,-4.242525578E0,-3.876212597E0
1.148664323E1,-3.845088005E0,-4.393360138E0,-3.541024208E0
1.148859635E1,-3.785232782E0,-4.484339714E0,-3.347094059E0
1.149061051E1,-3.782838583E0,-4.642356873E0,-3.234566450E0
1.149256364E1,-4.055777550E0,-4.970362663E0,-3.186682463E0
1.149454728E1,-4.520252705E0,-5.410895824E0,-3.203441858E0
1.149653092E1,-4.881777287E0,-5.856217384E0,-3.224989653E0
1.149851456E1,-5.032611847E0,-6.284779549E0,-3.181894064E0
1.150043717E1,-4.996698856E0,-6.706159115E0,-3.090914488E0
1.150245133E1,-4.790797710E0,-7.125144482E0,-2.999934673E0
1.150440446E1,-4.462791920E0,-7.522581577E0,-2.920926094E0
1.150641862E1,-4.041412354E0,-7.891288757E0,-2.863465309E0
1.150837174E1,-3.593696833E0,-8.243236542E0,-2.837129116E0
1.151038590E1,-3.155557871E0,-8.585607529E0,-2.856282711E0
1.151233903E1,-2.762908697E0,-8.923190117E0,-2.904166698E0
1.151432267E1,-2.473210335E0,-9.270348549E0,-2.901772499E0
1.151630631E1,-2.209848166E0,-9.634267807E0,-2.827552319E0
1.151828996E1,-1.932120800E0,-1.004128170E1,-2.686294317E0
1.152024308E1,-1.654393315E0,-1.051293945E1,-2.437297344E0
1.152225724E1,-1.350329757E0,-1.103487587E1,-2.116474390E0
1.152421036E1,-1.017535686E0,-1.155681133E1,-1.841141105E0
1.152619401E1,-6.847416759E-1,-1.204283428E1,-1.663970232E0
1.152814713E1,-3.567360640E-1,-1.247618484E1,-1.544260144E0
1.153016129E1,-2.394201607E-2,-1.287601662E1,-1.467645645E0
1.153211442E1,1.484405100E-1,-1.305797577E1,-1.446097851E0
1.153409806E1,5.003881454E-1,-1.337640476E1,-1.407790542E0
1.153608170E1,8.667010069E-1,-1.361103630E1,-1.376665950E0
1.153803483E1,1.237802267E0,-1.377384281E1,-1.345541358E0
1.154001847E1,1.592144132E0,-1.388397598E1,-1.276109457E0
1.154200211E1,1.980004787E0,-1.391988850E1,-1.161187768E0
1.154395524E1,2.413355350E0,-1.388876438E1,-1.036689281E0
1.154596940E1,2.844311714E0,-1.383609200E1,-9.002198577E-1
1.154792252E1,3.272873640E0,-1.374990082E1,-7.230489254E-1
1.154993668E1,3.694253206E0,-1.362061310E1,-4.884171486E-1
1.155185929E1,4.086902142E0,-1.344823074E1,-2.130839527E-1
1.155387345E1,4.448426723E0,-1.325190639E1,4.548983276E-2
1.155582658E1,4.821922302E0,-1.303403378E1,2.753331959E-1
1.155781022E1,5.233725071E0,-1.278982544E1,4.285621047E-1
1.155976334E1,5.635950565E0,-1.250730991E1,5.123591423E-1
1.156174699E1,6.042964935E0,-1.218888092E1,6.033388376E-1
1.156373063E1,6.418854713E0,-1.186566353E1,6.751648784E-1
1.156571427E1,6.670246124E0,-1.154484081E1,7.015010715E-1
1.156766740E1,6.823474884E0,-1.123120022E1,7.230489254E-1
1.156965104E1,6.892906666E0,-1.091995430E1,7.182605267E-1
1.157160416E1,6.868964672E0,-1.062786102E1,6.679822803E-1
1.157358781E1,6.785167694E0,-1.036689377E1,6.177040339E-1
1.157557145E1,6.648698330E0,-1.015380955E1,5.626373887E-1
1.157755509E1,6.421248913E0,-9.988609314E0,4.932055473E-1
1.157950822E1,6.186617374E0,-9.825803757E0,4.333505034E-1
1.158149186E1,6.086060524E0,-9.634267807E0,3.806780577E-1
1.158347550E1,6.102819920E0,-9.430760384E0,2.920926213E-1
1.158548966E1,6.107608318E0,-9.255983353E0,2.346317619E-1
1.158744279E1,6.095637321E0,-9.117119789E0,2.681505978E-1
1.158942643E1,6.030993938E0,-9.004592896E0,3.351882398E-1
1.159141007E1,5.837063789E0,-8.927978516E0,4.118026793E-1
1.159339372E1,5.485116005E0,-8.894459724E0,5.602431893E-1
1.159531632E1,4.989516258E0,-8.899248123E0,7.829039693E-1
1.159733048E1,4.414907932E0,-8.949525833E0,9.959878922E-1
1.159928361E1,3.857059002E0,-9.028534889E0,1.142034173E0
1.160126725E1,3.327940464E0,-9.133879662E0,1.223437071E0
1.160325089E1,2.813186884E0,-9.267954826E0,1.266532660E0
1.160526505E1,2.329558372E0,-9.406818390E0,1.235408068E0
1.160721818E1,1.850717902E0,-9.536105156E0,1.144428372E0
1.160920182E1,1.371877551E0,-9.651026726E0,1.110909581E0
1.161118546E1,9.145850539E-1,-9.782708168E0,1.165976286E0
1.161316910E1,4.716577232E-1,-9.935936928E0,1.252167463E0
1.161509171E1,4.070143029E-2,-1.009156036E1,1.249773264E0
1.161710587E1,-3.495534360E-1,-1.023760605E1,1.139639974E0
1.161905900E1,-6.536170840E-1,-1.038844109E1,1.010353088E0
1.162104264E1,-8.810662031E-1,-1.052969933E1,9.337386489E-1
1.162302628E1,-1.022324085E0,-1.062546730E1,8.906430602E-1
1.162504044E1,-1.113303781E0,-1.067095661E1,8.906430602E-1
1.162699357E1,-1.187524080E0,-1.066377449E1,9.313444495E-1
1.162897721E1,-1.237802267E0,-1.060870743E1,1.003170490E0
1.163093034E1,-1.283292055E0,-1.053448772E1,1.137245774E0
1.163294450E1,-1.376665950E0,-1.048420906E1,1.340752959E0
1.163489762E1,-1.553836942E0,-1.046026707E1,1.596932530E0
1.163691178E1,-1.798045516E0,-1.045308495E1,1.865083098E0
1.163886491E1,-2.051830769E0,-1.045547867E1,2.128445387E0
1.164084855E1,-2.224213362E0,-1.043153667E1,2.367865562E0
1.164283219E1,-2.303221941E0,-1.036449909E1,2.588132143E0
1.164481583E1,-2.315192938E0,-1.025915432E1,2.767697096E0
1.164679948E1,-2.272097349E0,-1.014423275E1,2.901772499E0
1.164881364E1,-2.173935175E0,-1.002691650E1,2.980781078E0
1.165073624E1,-2.039859772E0,-9.926360130E0,3.047818661E0
1.165275040E1,-1.886630893E0,-9.835380554E0,3.078943491E0
1.165470353E1,-1.714248419E0,-9.753977776E0,3.033453465E0
1.165665665E1,-1.534683347E0,-9.660603523E0,2.896984100E0
1.165864030E1,-1.371877551E0,-9.543288231E0,2.683900118E0
1.166062394E1,-1.218648672E0,-9.409213066E0,2.425326347E0
1.166257706E1,-1.070208192E0,-9.272743225E0,2.157175779E0
1.166456071E1,-9.624691010E-1,-9.200917244E0,1.941697598E0
1.166654435E1,-8.690952063E-1,-9.222464561E0,1.733402014E0
1.166852799E1,-7.829039693E-1,-9.270348549E0,1.474828243E0
1.167048112E1,-7.637503147E-1,-9.289502144E0,1.177947283E0
1.167249528E1,-8.092401624E-1,-9.279925346E0,8.954314590E-1
1.167444840E1,-8.403648138E-1,-9.239224434E0,6.129156351E-1
1.167640153E1,-7.852981687E-1,-9.184157372E0,3.280056417E-1
1.167838517E1,-6.488286853E-1,-9.119514465E0,7.661445439E-2
1.168036881E1,-4.788403511E-1,-9.071630478E0,-9.097966552E-2
1.168232194E1,-3.998316824E-1,-9.059659004E0,-1.484405100E-1
1.168430558E1,-2.729389966E-1,-9.071630478E0,-2.489969730E-1
1.168628922E1,-1.819593310E-1,-9.121908188E0,-3.136404157E-1
1.168827286E1,-1.340752989E-1,-9.176975250E0,-3.543418646E-1
1.169025651E1,-1.029506698E-1,-9.220070839E0,-4.261679053E-1
1.169227067E1,-9.816227108E-2,-9.263166428E0,-5.506663918E-1
1.169422379E1,-1.077390760E-1,-9.303867340E0,-7.038952708E-1
1.169620744E1,-1.484405100E-1,-9.330204010E0,-8.882488012E-1
1.169819108E1,-2.154781520E-1,-9.366117477E0,-1.115697980E0
1.170017472E1,-2.657563984E-1,-9.402029991E0,-1.359906554E0
1.170209733E1,-2.681505978E-1,-9.411606789E0,-1.565807939E0
1.170411149E1,-2.322375625E-1,-9.390059471E0,-1.726219416E0
1.170606461E1,-1.628057212E-1,-9.351752281E0,-1.848323703E0
1.170804826E1,-1.053448766E-1,-9.318233490E0,-1.946485996E0
1.171003190E1,-6.224924326E-2,-9.279925346E0,-2.011129379E0
1.171201554E1,-5.267243832E-2,-9.246406555E0,-2.068590164E0
1.171393815E1,-5.985504389E-2,-9.220070839E0,-2.149993181E0
1.171595231E1,-6.943184882E-2,-9.200917244E0,-2.252943754E0
1.171790543E1,-8.619125932E-2,-9.191340446E0,-2.355894566E0
1.171991959E1,-1.005564705E-1,-9.186552048E0,-2.444479942E0
1.172184220E1,-1.077390760E-1,-9.179368973E0,-2.506729126E0
1.172385636E1,-1.005564705E-1,-9.165003777E0,-2.542642117E0
1.172580949E1,-7.900865376E-2,-9.148244858E0,-2.573766708E0
1.172779313E1,-3.591302410E-2,-9.133879662E0,-2.585737944E0
1.172977677E1,1.915361360E-2,-9.119514465E0,-2.566584110E0
1.173176041E1,7.661445439E-2,-9.107542992E0,-2.535459518E0
1.173368302E1,1.436520964E-1,-9.102754593E0,-2.509123325E0
1.173569718E1,2.130839527E-1,-9.090784073E0,-2.487575531E0
1.173765031E1,2.849099934E-1,-9.081207275E0,-2.463633537E0
1.173966447E1,3.758896589E-1,-9.078812599E0,-2.442085743E0
1.174161759E1,4.860229492E-1,-9.081207275E0,-2.415749550E0
1.174360123E1,5.961562395E-1,-9.090784073E0,-2.377442360E0
1.174558488E1,7.110779285E-1,-9.090784073E0,-2.331952572E0
1.174756852E1,8.379706144E-1,-9.076418877E0,-2.293645144E0
1.174952164E1,9.696516991E-1,-9.064447403E0,-2.255337954E0
1.175150529E1,1.082179189E0,-9.081207275E0,-2.197877169E0
1.175348893E1,1.194706678E0,-9.107542992E0,-2.128445387E0
1.175550309E1,1.302445769E0,-9.109937668E0,-2.066195965E0
1.175745622E1,1.381454349E0,-9.105149269E0,-2.030282974E0
1.175943986E1,1.441309452E0,-9.100360870E0,-2.001552582E0
1.176142350E1,1.489193439E0,-9.107542992E0,-1.987187386E0
1.176340714E1,1.517923832E0,-9.117119789E0,-1.987187386E0
1.176536027E1,1.534683347E0,-9.119514465E0,-1.991975784E0
1.176734391E1,1.556231141E0,-9.133879662E0,-2.006340981E0
1.176929704E1,1.572990537E0,-9.150638580E0,-2.027888775E0
1.177128068E1,1.572990537E0,-9.167398453E0,-2.059013367E0
1.177326432E1,1.561019540E0,-9.169792175E0,-2.085349798E0
1.177524796E1,1.541865945E0,-9.174580574E0,-2.106897593E0
1.177720109E1,1.525106430E0,-9.174580574E0,-2.138022184E0
1.177918473E1,1.503558636E0,-9.167398453E0,-2.169146776E0
1.178116837E1,1.450886250E0,-9.172186852E0,-2.193088770E0
1.178315202E1,1.398213744E0,-9.179368973E0,-2.205059767E0
1.178510514E1,1.352723956E0,-9.184157372E0,-2.212242365E0
1.178708878E1,1.290474772E0,-9.196128845E0,-2.214636564E0
1.178904191E1,1.204283476E0,-9.215282440E0,-2.209848166E0
1.179102555E1,1.113303781E0,-9.239224434E0,-2.202665567E0
1.179300919E1,1.017535686E0,-9.272743225E0,-2.183511972E0
1.179499284E1,9.169792533E-1,-9.308655739E0,-2.149993181E0
1.179694596E1,8.044517636E-1,-9.334992409E0,-2.114080191E0
1.179892960E1,6.919242740E-1,-9.358934402E0,-2.068590164E0
1.180091325E1,5.817909837E-1,-9.378087997E0,-2.015917778E0
1.180292741E1,4.716577232E-1,-9.394847870E0,-1.968033791E0
1.180488053E1,3.543418646E-1,-9.409213066E0,-1.922544003E0
1.180686417E1,2.226607651E-1,-9.416395187E0,-1.872265697E0
1.180884782E1,1.053448766E-1,-9.437943459E0,-1.812410712E0
1.181083146E1,-7.182605099E-3,-9.464279175E0,-1.764526606E0
1.181278458E1,-1.149216816E-1,-9.481039047E0,-1.711854219E0
1.181479874E1,-2.274491638E-1,-9.514557838E0,-1.661576033E0
1.181675187E1,-3.375824392E-1,-9.552865028E0,-1.606509328E0
1.181873551E1,-4.501099288E-1,-9.569623947E0,-1.563413739E0
1.182068864E1,-5.602431893E-1,-9.588777542E0,-1.529894829E0
1.182270280E1,-6.560112834E-1,-9.641449928E0,-1.482010841E0
1.182465592E1,-7.445967197E-1,-9.713275909E0,-1.424550056E0
1.182663956E1,-8.475474119E-1,-9.797073364E0,-1.379060149E0
1.182862321E1,-9.433154464E-1,-9.897629738E0,-1.343147159E0
1.183060685E1,-1.027112484E0,-1.000297451E1,-1.312022567E0
1.183255998E1,-1.065419793E0,-1.005085850E1,-1.302445769E0
1.183457414E1,-1.161187768E0,-1.019451046E1,-1.285686255E0
1.183652726E1,-1.192312479E0,-1.024000072E1,-1.285686255E0
1.183851090E1,-1.261744261E0,-1.033337498E1,-1.288080573E0
1.184049454E1,-1.335964561E0,-1.041477776E1,-1.300051570E0
1.184250870E1,-1.398213744E0,-1.047702694E1,-1.309628367E0
1.184446183E1,-1.448492050E0,-1.055124664E1,-1.314416766E0
1.184647599E1,-1.491587639E0,-1.061110210E1,-1.297657371E0
1.184845963E1,-1.517923832E0,-1.065419769E1,-1.259350061E0
1.185044328E1,-1.541865945E0,-1.068771648E1,-1.211466074E0
1.185242692E1,-1.563413739E0,-1.071165848E1,-1.161187768E0
1.185441056E1,-1.570596337E0,-1.073081207E1,-1.101332784E0
1.185633317E1,-1.561019540E0,-1.073320580E1,-1.022324085E0
1.185834733E1,-1.537077546E0,-1.072362900E1,-9.289502501E-1
1.186030045E1,-1.508347034E0,-1.070208168E1,-8.259995580E-1
1.186231461E1,-1.453280449E0,-1.069489861E1,-7.158663273E-1
1.186426774E1,-1.383848548E0,-1.068771648E1,-6.224924326E-1
1.186628190E1,-1.297657371E0,-1.066137981E1,-5.458779931E-1
1.186823502E1,-1.201889277E0,-1.063025570E1,-4.812345505E-1
1.187021867E1,-1.103726983E0,-1.058955383E1,-4.094084799E-1
1.187220231E1,-1.000776291E0,-1.055124664E1,-3.471592367E-1
1.187418595E1,-8.858546019E-1,-1.051533413E1,-2.801215947E-1
1.187610856E1,-7.613561153E-1,-1.047463226E1,-2.106897533E-1
1.187812272E1,-6.033388376E-1,-1.043632507E1,-1.604115069E-1
1.188007584E1,-4.309563041E-1,-1.039083576E1,-1.268926859E-1
1.188205949E1,-2.394201756E-1,-1.034295177E1,-1.005564705E-1
1.188401261E1,-3.351882473E-2,-1.029746151E1,-9.097966552E-2
1.188602677E1,1.675941199E-1,-1.024000072E1,-9.337386489E-2
1.188797990E1,3.615244627E-1,-1.017296314E1,-1.005564705E-1
1.188996354E1,5.626373887E-1,-1.011550236E1,-1.268926859E-1
1.189194718E1,7.661445141E-1,-1.004846478E1,-1.747767180E-1
1.189393082E1,9.696516991E-1,-9.981427193E0,-2.322375625E-1
1.189588395E1,1.165976286E0,-9.926360130E0,-2.944868207E-1
1.189789811E1,1.367089152E0,-9.883264542E0,-3.782838583E-1
1.189985123E1,1.558625340E0,-9.854534149E0,-4.812345505E-1
1.190180436E1,1.735796213E0,-9.830592155E0,-5.961562395E-1
1.190378800E1,1.891419291E0,-9.816226959E0,-7.302315235E-1
1.190580216E1,2.023100376E0,-9.816226959E0,-8.690952063E-1
1.190772477E1,2.140416384E0,-9.804255486E0,-1.027112484E0
1.190973893E1,2.238578558E0,-9.792284966E0,-1.189918280E0
1.191169206E1,2.303221941E0,-9.792284966E0,-1.340752959E0
1.191364518E1,2.346317768E0,-9.794678688E0,-1.470039845E0
1.191562882E1,2.363077164E0,-9.785101891E0,-1.582567334E0
1.191764298E1,2.341529369E0,-9.775525093E0,-1.668758631E0
1.191959611E1,2.286462545E0,-9.768342972E0,-1.721431017E0
1.192157975E1,2.193088770E0,-9.761159897E0,-1.735796213E0
1.192356339E1,2.066195965E0,-9.763554573E0,-1.719036818E0
1.192557755E1,1.896207690E0,-9.773131371E0,-1.656787634E0
1.192750016E1,1.661576033E0,-9.799467087E0,-1.584961534E0
1.192951432E1,1.355118155E0,-9.856928825E0,-1.539471745E0
1.193146745E1,1.029506683E0,-9.921571732E0,-1.505952835E0
1.193345109E1,7.110779285E-1,-9.974244118E0,-1.426944256E0
1.193540421E1,4.141969085E-1,-1.002452278E1,-1.283292055E0
1.193741837E1,1.580173075E-1,-1.006522369E1,-1.079784989E0
1.193934098E1,-5.506663769E-2,-1.009634876E1,-8.403648138E-1
1.194135514E1,-2.202665508E-1,-1.012268448E1,-6.057330370E-1
1.194333878E1,-3.567360640E-1,-1.015859795E1,-3.830722570E-1
1.194532243E1,-4.788403511E-1,-1.021605873E1,-1.771709323E-1
1.194730607E1,-5.913678408E-1,-1.027591324E1,-2.394201700E-3
1.194932023E1,-6.919242740E-1,-1.034774017E1,1.388636976E-1
1.195127335E1,-7.685387731E-1,-1.043153667E1,2.418143749E-1
1.195325700E1,-8.140285611E-1,-1.051293945E1,3.016694188E-1
1.195524064E1,-8.164227605E-1,-1.060152531E1,3.064578176E-1
1.195722428E1,-7.733271718E-1,-1.068532181E1,2.537853718E-1
1.195917741E1,-7.086837292E-1,-1.074517727E1,1.460463107E-1
1.196116105E1,-6.129156351E-1,-1.080263805E1,2.394201700E-3
1.196314469E1,-4.908113480E-1,-1.085291672E1,-1.580173075E-1
1.196515885E1,-3.519476354E-1,-1.089361763E1,-3.208230138E-1
1.196711198E1,-1.843535304E-1,-1.092234802E1,-4.932055473E-1
1.196912614E1,-1.436521020E-2,-1.093192482E1,-6.679822803E-1
1.197107926E1,1.364694983E-1,-1.093431950E1,-8.164227605E-1
1.197303239E1,2.777273953E-1,-1.094389629E1,-9.289502501E-1
1.197501603E1,3.998316824E-1,-1.096783829E1,-1.003170490E0
1.197703019E1,5.099649429E-1,-1.098938560E1,-1.043871999E0
1.197898331E1,6.033388376E-1,-1.101572227E1,-1.055842996E0
1.198099748E1,6.727706790E-1,-1.104684639E1,-1.022324085E0
1.198295060E1,7.398083210E-1,-1.108036518E1,-9.361328483E-1
1.198496476E1,8.116343617E-1,-1.111388397E1,-8.164227605E-1
1.198688737E1,8.714894056E-1,-1.115458584E1,-6.799532771E-1
1.198890153E1,9.241618514E-1,-1.121444035E1,-4.979939461E-1
1.199088517E1,9.624691010E-1,-1.127190113E1,-2.873041928E-1
1.199286881E1,9.744400978E-1,-1.131020927E1,-5.267243832E-2
1.199482194E1,9.768342972E-1,-1.133893967E1,1.915361285E-1
1.199683610E1,9.768342972E-1,-1.137245846E1,4.357447028E-1
1.199878922E1,9.744400978E-1,-1.139400578E1,6.536170840E-1
1.200077286E1,9.696516991E-1,-1.141794777E1,8.595184088E-1
1.200272599E1,9.457096457E-1,-1.146343803E1,1.043871999E0
1.200474015E1,9.241618514E-1,-1.154244614E1,1.209071875E0
1.200669328E1,8.978256583E-1,-1.161666679E1,1.352723956E0
1.200867692E1,8.619126081E-1,-1.170046329E1,1.486799240E0
1.201066056E1,8.164227605E-1,-1.179144382E1,1.616086125E0
1.201261369E1,7.876923680E-1,-1.183693314E1,1.675941229E0
1.201459733E1,7.110779285E-1,-1.194227791E1,1.774103403E0
1.201658097E1,6.272808313E-1,-1.206198788E1,1.853112102E0
1.201853410E1,5.243301988E-1,-1.219366932E1,1.922544003E0
1.202051774E1,4.141969085E-1,-1.233253288E1,1.982398987E0
1.202250138E1,3.016694188E-1,-1.245703125E1,2.037465572E0
1.202448502E1,1.795651317E-1,-1.256716442E1,2.094926596E0
1.202643815E1,5.746084079E-2,-1.268208599E1,2.157175779E0
1.202845231E1,-4.788403213E-2,-1.278264332E1,2.212242365E0
1.203040543E1,-1.292868853E-1,-1.287601662E1,2.250549555E0
1.203238908E1,-1.891419291E-1,-1.295981407E1,2.274491549E0
1.203434220E1,-2.274491638E-1,-1.303642845E1,2.303221941E0
1.203635636E1,-2.657563984E-1,-1.310585976E1,2.339135170E0
1.203827897E1,-3.064578176E-1,-1.316332054E1,2.375048161E0
1.204029313E1,-3.423708379E-1,-1.321120453E1,2.413355350E0
1.204224625E1,-3.734954596E-1,-1.326866627E1,2.442085743E0
1.204422990E1,-4.022258818E-1,-1.333809757E1,2.451662540E0
1.204621354E1,-4.285621047E-1,-1.340752983E1,2.463633537E0
1.204819718E1,-4.596867263E-1,-1.348414421E1,2.468421936E0
1.205011979E1,-4.908113480E-1,-1.357512379E1,2.461239338E0
1.205213395E1,-5.410895944E-1,-1.366849709E1,2.430114746E0
1.205408707E1,-5.961562395E-1,-1.376426601E1,2.406172752E0
1.205607072E1,-6.607996821E-1,-1.385045719E1,2.391807556E0
1.205805436E1,-7.398083210E-1,-1.392467690E1,2.382230759E0
1.206006852E1,-8.427590132E-1,-1.399889755E1,2.375048161E0
1.206202164E1,-9.576807022E-1,-1.406114674E1,2.358288765E0
1.206400529E1,-1.106121182E0,-1.411381912E1,2.346317768E0
1.206598893E1,-1.283292055E0,-1.415452003E1,2.360682964E0
1.206797257E1,-1.450886250E0,-1.415930843E1,2.396595955E0
1.206989518E1,-1.601720929E0,-1.413057804E1,2.454056740E0
1.207190934E1,-1.745373011E0,-1.407072353E1,2.547430515E0
1.207386247E1,-1.879448295E0,-1.397734928E1,2.674323320E0
1.207584611E1,-2.008735180E0,-1.386242771E1,2.810792685E0
1.207782975E1,-2.118868589E0,-1.372835255E1,2.959233284E0
1.207984391E1,-2.226607561E0,-1.357272911E1,3.100491285E0
1.208179704E1,-2.375048161E0,-1.337640476E1,3.193865061E0
1.208378068E1,-2.533065319E0,-1.314656162E1,3.284844637E0
1.208576432E1,-2.671929121E0,-1.290953541E1,3.397372246E0
1.208774796E1,-2.794033289E0,-1.267011547E1,3.517082214E0
1.208970109E1,-2.901772499E0,-1.242111874E1,3.622427225E0
1.209171525E1,-2.999934673E0,-1.217451572E1,3.687070608E0
1.209366837E1,-3.095702887E0,-1.193748951E1,3.708618402E0
1.209565202E1,-3.184288263E0,-1.171243477E1,3.722983599E0
1.209763566E1,-3.258508444E0,-1.149216843E1,3.730166197E0
1.209961930E1,-3.318363667E0,-1.127908421E1,3.706224203E0
1.210154191E1,-3.380612850E0,-1.106121159E1,3.629609823E0
1.210355607E1,-3.454833031E0,-1.084094524E1,3.512293816E0
1.210550919E1,-3.514688015E0,-1.062546730E1,3.399766445E0
1.210749284E1,-3.564966440E0,-1.043632507E1,3.280056238E0
1.210947648E1,-3.610456228E0,-1.025915432E1,3.162740469E0
1.211146012E1,-3.646369219E0,-1.008677197E1,3.066972494E0
1.211338273E1,-3.658340216E0,-9.911994934E0,2.978386879E0
1.211539689E1,-3.646369219E0,-9.751583099E0,2.894589901E0
1.211735001E1,-3.632004023E0,-9.605537415E0,2.803610086E0
1.211933366E1,-3.639186621E0,-9.485827446E0,2.715024710E0
1.212125626E1,-3.663128614E0,-9.392453194E0,2.621650934E0
1.212327042E1,-3.677493811E0,-9.320627213E0,2.468421936E0
1.212522355E1,-3.663128614E0,-9.277531624E0,2.207453966E0
1.212720719E1,-3.622427225E0,-9.272743225E0,1.836352706E0
1.212919083E1,-3.586514235E0,-9.315838814E0,1.395819545E0
1.213117448E1,-3.579331636E0,-9.406818390E0,9.361328483E-1
1.213309708E1,-3.572149038E0,-9.516951561E0,5.267243981E-1
1.213511124E1,-3.548206806E0,-9.629479408E0,2.059013397E-1
1.213706437E1,-3.529053211E0,-9.746794701E0,-3.830722719E-2
1.213904801E1,-3.509899616E0,-9.861717224E0,-2.489969730E-1
1.214103165E1,-3.502717018E0,-9.976638794E0,-4.692635238E-1
1.214301530E1,-3.500322819E0,-1.010353088E1,-6.775590777E-1
1.214496842E1,-3.471592426E0,-1.023760605E1,-8.834604025E-1
1.214698258E1,-3.366247654E0,-1.035971069E1,-1.149216771E0
1.214893571E1,-3.270479441E0,-1.040520096E1,-1.335964561E0
1.215091935E1,-2.995146275E0,-1.044829655E1,-1.821987510E0
1.215290299E1,-2.636016130E0,-1.045547867E1,-2.341529369E0
1.215488664E1,-2.188300371E0,-1.045308495E1,-2.786850691E0
1.215683976E1,-1.570596337E0,-1.044829655E1,-3.181894064E0
1.215882340E1,-9.720458984E-1,-1.044590187E1,-3.452438831E0
1.216080704E1,-6.967126727E-1,-1.047942066E1,-3.497928619E0
1.216279069E1,-7.661445141E-1,-1.054166985E1,-3.414131641E0
1.216477433E1,-1.024718285E0,-1.059434223E1,-3.311181068E0
1.216678849E1,-1.288080573E0,-1.064222622E1,-3.184288263E0
1.216874162E1,-1.520318031E0,-1.068532181E1,-3.031059265E0
1.217069474E1,-1.661576033E0,-1.068292809E1,-2.870647907E0
1.217267838E1,-1.484405041E0,-1.063264942E1,-2.772485495E0
1.217466202E1,-1.055842996E0,-1.057279491E1,-2.719813108E0
1.217661515E1,-5.123591423E-1,-1.049857426E1,-2.698265314E0
1.217859879E1,5.985504389E-2,-1.039562416E1,-2.743755102E0
1.218058244E1,5.722141862E-1,-1.027830791E1,-2.882618904E0
1.218256608E1,9.217676520E-1,-1.017775154E1,-2.987963676E0
1.218451920E1,1.233013868E0,-1.011550236E1,-2.973598480E0
1.218653336E1,1.759738207E0,-1.009395409E1,-2.966415882E0
1.218848649E1,2.111685991E0,-1.003888798E1,-2.932897091E0
1.219043961E1,2.281674147E0,-9.914389610E0,-2.916137695E0
1.219242326E1,2.451662540E0,-9.801861763E0,-2.928108692E0
1.219440690E1,2.583343744E0,-9.742006302E0,-2.861071110E0
1.219636002E1,2.698265314E0,-9.720458984E0,-2.693476915E0
1.219834367E1,2.885013103E0,-9.744400978E0,-2.463633537E0
1.220032731E1,3.021482468E0,-9.789890289E0,-2.166752577E0
1.220231095E1,3.035847664E0,-9.828198433E0,-1.853112102E0
1.220426408E1,3.148375273E0,-9.852140427E0,-1.556231141E0
1.220627824E1,3.385401249E0,-9.859322548E0,-1.261744261E0
1.220823136E1,3.627215624E0,-9.859322548E0,-1.077390790E0
1.221021500E1,3.847482204E0,-9.878476143E0,-1.065419793E0
1.221219865E1,4.144362926E0,-9.900024414E0,-1.118092179E0
1.221418229E1,4.431667328E0,-9.921571732E0,-1.098938584E0
1.221613541E1,4.611232281E0,-9.928754807E0,-9.624691010E-1
1.221811906E1,4.611232281E0,-9.957485199E0,-7.829039693E-1
1.222010270E1,4.462791920E0,-1.004367638E1,-5.841852427E-1
1.222205582E1,4.321534157E0,-1.013226128E1,-3.375824392E-1
1.222403947E1,4.256890774E0,-1.017296314E1,-9.576806426E-2
1.222605363E1,4.180276394E0,-1.018253994E1,1.221042871E-1
1.222800675E1,4.017470360E0,-1.019451046E1,3.303998411E-1
1.222999039E1,3.785232782E0,-1.021127033E1,5.530605912E-1
1.223197404E1,3.517082214E0,-1.023042393E1,7.733271718E-1
1.223395768E1,3.244143248E0,-1.027112484E1,1.010353088E0
1.223591081E1,3.038241863E0,-1.035492229E1,1.309628367E0
1.223789445E1,2.916137695E0,-1.043153667E1,1.649604917E0
1.223981706E1,2.825158119E0,-1.048899746E1,1.929726601E0
1.224183122E1,2.700659513E0,-1.051772785E1,2.056619167E0
1.224378434E1,2.501940727E0,-1.052969933E1,2.042253971E0
1.224576798E1,2.238578558E0,-1.052251625E1,1.953668594E0
1.224775163E1,1.944091797E0,-1.050815105E1,1.841141105E0
1.224976579E1,1.640028119E0,-1.048660374E1,1.740584612E0
1.225171891E1,1.285686255E0,-1.048420906E1,1.651999116E0
1.225370255E1,8.499416113E-1,-1.052012253E1,1.644816518E0
1.225568620E1,4.405331016E-1,-1.055603504E1,1.865083098E0
1.225770036E1,1.077390760E-1,-1.057040024E1,2.209848166E0
1.225965348E1,-1.819593310E-1,-1.056800652E1,2.489969730E0
1.226163712E1,-3.950432837E-1,-1.055842972E1,2.643198729E0
1.226359025E1,-5.315127969E-1,-1.051054573E1,2.626439333E0
1.226560441E1,-6.200982332E-1,-1.044111347E1,2.430114746E0
1.226755753E1,-7.015010715E-1,-1.036210537E1,2.128445387E0
1.226957169E1,-7.709329724E-1,-1.025675964E1,1.819593310E0
1.227152482E1,-8.044517636E-1,-1.012747288E1,1.592144132E0
1.227350846E1,-8.140285611E-1,-9.983820915E0,1.391031146E0
1.227549210E1,-8.116343617E-1,-9.835380554E0,1.233013868E0
1.227750626E1,-7.876923680E-1,-9.694122314E0,1.127668977E0
1.227945939E1,-7.278373241E-1,-9.550470352E0,1.058237195E0
1.228144303E1,-6.392518282E-1,-9.387664795E0,9.959878922E-1
1.228342667E1,-5.626373887E-1,-9.229647636E0,9.145850539E-1
1.228541032E1,-5.243301988E-1,-9.088389397E0,8.307880163E-1
1.228733292E1,-5.243301988E-1,-8.963891029E0,7.422025204E-1
1.228934708E1,-5.123591423E-1,-8.860940933E0,6.655880809E-1
1.229130021E1,-4.716577232E-1,-8.789113998E0,5.865794420E-1
1.229328385E1,-4.141969085E-1,-8.746018410E0,4.979939461E-1
1.229526749E1,-3.711012602E-1,-8.707711220E0,4.501099288E-1
1.229728165E1,-3.591302633E-1,-8.676587105E0,4.261679053E-1
1.229923478E1,-3.782838583E-1,-8.640673637E0,3.758896589E-1
1.230121842E1,-4.189853072E-1,-8.607154846E0,3.184288144E-1
1.230320206E1,-4.620809257E-1,-8.578424454E0,2.825157940E-1
1.230518571E1,-5.027823448E-1,-8.535328865E0,2.633621991E-1
1.230713883E1,-5.291185975E-1,-8.494627953E0,2.585737705E-1
1.230915299E1,-5.578489900E-1,-8.470685959E0,2.777273953E-1
1.231110612E1,-5.770025849E-1,-8.461109161E0,2.968810201E-1
1.231308976E1,-6.607996821E-1,-8.441955566E0,4.046200812E-1
1.231507340E1,-6.895300746E-1,-8.427590370E0,4.572925270E-1
1.231708756E1,-7.685387731E-1,-8.410830498E0,6.512228847E-1
1.231904069E1,-7.924807668E-1,-8.408436775E0,7.110779285E-1
1.232102433E1,-8.403648138E-1,-8.396465302E0,7.996633649E-1
1.232300797E1,-8.954314590E-1,-8.374917984E0,8.834604025E-1
1.232499162E1,-9.504981041E-1,-8.367734909E0,9.888052940E-1
1.232691422E1,-1.019929886E0,-8.360552788E0,1.120486379E0
1.232892838E1,-1.098938584E0,-8.358158112E0,1.290474772E0
1.233088151E1,-1.161187768E0,-8.374917984E0,1.446097851E0
1.233286515E1,-1.206677675E0,-8.403648376E0,1.561019540E0
1.233484879E1,-1.230619669E0,-8.425195694E0,1.649604917E0
1.233683244E1,-1.233013868E0,-8.429984093E0,1.704671621E0
1.233878556E1,-1.247379065E0,-8.432378769E0,1.726219416E0
1.234079972E1,-1.278503656E0,-8.439560890E0,1.723825216E0
1.234272233E1,-1.328781962E0,-8.446743965E0,1.697489023E0
1.234473649E1,-1.367089152E0,-8.434772491E0,1.671152830E0
1.234668961E1,-1.374271750E0,-8.406042099E0,1.666364431E0
1.234864274E1,-1.367089152E0,-8.365341187E0,1.678335428E0
1.235062638E1,-1.340752959E0,-8.298302650E0,1.723825216E0
1.235261002E1,-1.335964561E0,-8.226476669E0,1.764526606E0
1.235456315E1,-1.453280449E0,-8.233659744E0,1.699883223E0
1.235654679E1,-1.604115129E0,-8.279149055E0,1.572990537E0
1.235853043E1,-1.711854219E0,-8.288725853E0,1.474828243E0
1.236048356E1,-1.754949808E0,-8.243236542E0,1.414973259E0
1.236246720E1,-1.747767210E0,-8.166622162E0,1.381454349E0
1.236448136E1,-1.723825216E0,-8.073247910E0,1.357512355E0
1.236643449E1,-1.671152830E0,-7.953537941E0,1.340752959E0
1.236838761E1,-1.580173135E0,-7.824251175E0,1.323993564E0
1.237037125E1,-1.496376038E0,-7.685387611E0,1.323993564E0
1.237235490E1,-1.438915253E0,-7.558494568E0,1.345541358E0
1.237430802E1,-1.400607944E0,-7.450755596E0,1.357512355E0
1.237629166E1,-1.388636947E0,-7.357381821E0,1.359906554E0
1.237827531E1,-1.379060149E0,-7.271190643E0,1.333570361E0
1.238025895E1,-1.374271750E0,-7.189787865E0,1.295263171E0
1.238221207E1,-1.376665950E0,-7.115567684E0,1.252167463E0
1.238422623E1,-1.388636947E0,-7.048529625E0,1.189918280E0
1.238617936E1,-1.410184860E0,-6.986280441E0,1.125274777E0
1.238816300E1,-1.422155857E0,-6.928819656E0,1.041477680E0
1.239014664E1,-1.424550056E0,-6.878541470E0,9.648633003E-1
1.239213029E1,-1.448492050E0,-6.835445881E0,8.954314590E-1
1.239408341E1,-1.493981838E0,-6.797138691E0,8.403648138E-1
1.239606706E1,-1.534683347E0,-6.761225700E0,7.661445141E-1
1.239805070E1,-1.553836942E0,-6.727706909E0,6.560112834E-1
1.240003434E1,-1.584961534E0,-6.701370716E0,5.267243981E-1
1.240198747E1,-1.613691926E0,-6.667851925E0,4.165911078E-1
1.240400163E1,-1.630451322E0,-6.619967937E0,3.232172430E-1
1.240595475E1,-1.632845521E0,-6.579266071E0,2.370259613E-1
1.240793839E1,-1.630451322E0,-6.545747280E0,1.747767180E-1
1.240992204E1,-1.649604917E0,-6.517016888E0,1.149216816E-1
1.241190568E1,-1.671152830E0,-6.488286495E0,4.788403213E-2
1.241382829E1,-1.687912226E0,-6.464344501E0,-2.394201700E-3
1.241584245E1,-1.726219416E0,-6.457161903E0,-2.873042040E-2
1.241779557E1,-1.790862918E0,-6.447585106E0,-4.788403213E-2
1.241977921E1,-1.850717902E0,-6.438008308E0,-4.788403213E-2
1.242176286E1,-1.917755604E0,-6.438008308E0,-2.394201607E-2
1.242374650E1,-1.965639591E0,-6.440402508E0,3.830722719E-2
1.242566910E1,-1.980004787E0,-6.416460514E0,1.053448766E-1
1.242768327E1,-1.991975784E0,-6.382941723E0,1.292868853E-1
1.242963639E1,-2.020706177E0,-6.356605530E0,1.149216816E-1
1.243162003E1,-2.070984364E0,-6.318298340E0,8.140286058E-2
1.243360368E1,-2.135627985E0,-6.277596951E0,5.267243832E-2
1.243558732E1,-2.214636564E0,-6.241683960E0,6.224924326E-2
1.243754044E1,-2.298433542E0,-6.234501362E0,9.097966552E-2
1.243955460E1,-2.387019157E0,-6.263231754E0,1.316810995E-1
1.244150773E1,-2.466027737E0,-6.294356346E0,1.795651317E-1
1.244349137E1,-2.511517525E0,-6.303933144E0,2.466027737E-1
1.244547501E1,-2.540247917E0,-6.294356346E0,3.280056417E-1
1.244745866E1,-2.568978310E0,-6.291962147E0,4.141969085E-1
1.244938126E1,-2.583343744E0,-6.294356346E0,4.572925270E-1
1.245139542E1,-2.631227732E0,-6.308721542E0,5.626373887E-1
1.245334855E1,-2.638410330E0,-6.308721542E0,5.889736414E-1
1.245536271E1,-2.633621931E0,-6.306327343E0,6.440402865E-1
1.245731583E1,-2.621650934E0,-6.296750546E0,6.943184733E-1
1.245932999E1,-2.612074137E0,-6.291962147E0,7.350199223E-1
1.246125260E1,-2.612074137E0,-6.299144745E0,7.637503147E-1
1.246326676E1,-2.612074137E0,-6.311115742E0,7.829039693E-1
1.246525040E1,-2.597708941E0,-6.306327343E0,7.852981687E-1
1.246720353E1,-2.564189911E0,-6.296750546E0,7.996633649E-1
1.246918717E1,-2.516305923E0,-6.294356346E0,8.379706144E-1
1.247120133E1,-2.477998734E0,-6.311115742E0,8.954314590E-1
1.247315446E1,-2.463633537E0,-6.344634533E0,9.457096457E-1
1.247513810E1,-2.442085743E0,-6.363788128E0,9.864110947E-1
1.247712174E1,-2.398990154E0,-6.378153324E0,1.027112484E0
1.247913590E1,-2.353500366E0,-6.399701118E0,1.063025594E0
1.248105851E1,-2.305616140E0,-6.440402508E0,1.094150186E0
1.248307267E1,-2.255337954E0,-6.478709698E0,1.120486379E0
1.248502580E1,-2.195482969E0,-6.521805286E0,1.142034173E0
1.248700944E1,-2.133233786E0,-6.562506676E0,1.168370485E0
1.248899308E1,-2.070984364E0,-6.612784863E0,1.204283476E0
1.249097672E1,-2.018311977E0,-6.667851925E0,1.242590666E0
1.249289933E1,-1.977610588E0,-6.720524311E0,1.285686255E0
1.249491349E1,-1.924938202E0,-6.770802498E0,1.328781962E0
1.249686662E1,-1.874659896E0,-6.813898087E0,1.376665950E0
1.249885026E1,-1.831564307E0,-6.854599476E0,1.424550056E0
1.250083390E1,-1.771709204E0,-6.897695065E0,1.489193439E0
1.250281754E1,-1.699883223E0,-6.928819656E0,1.551442742E0
1.250477067E1,-1.623268723E0,-6.952761650E0,1.601720929E0
1.250675431E1,-1.558625340E0,-6.971915245E0,1.642422318E0
1.250870744E1,-1.508347034E0,-6.979097843E0,1.692700624E0
1.251072160E1,-1.462857246E0,-6.988674641E0,1.752555609E0
1.251264420E1,-1.407790542E0,-7.003039837E0,1.810016513E0
1.251465836E1,-1.343147159E0,-7.017405033E0,1.853112102E0
1.251661149E1,-1.278503656E0,-7.022193432E0,1.874659896E0
1.251859513E1,-1.209071875E0,-7.010222435E0,1.850717902E0
1.252057877E1,-1.134851575E0,-6.998251438E0,1.810016513E0
1.252256242E1,-1.072602391E0,-6.981492043E0,1.795651317E0
1.252454606E1,-1.019929886E0,-6.979097843E0,1.814804912E0
1.252652970E1,-9.696516991E-1,-6.981492043E0,1.874659896E0
1.252848283E1,-9.241618514E-1,-7.007828236E0,1.958456993E0
1.253049699E1,-8.738836050E-1,-7.053318024E0,2.039859772E0
1.253245011E1,-8.331822157E-1,-7.113173485E0,2.128445387E0
1.253443375E1,-8.020575643E-1,-7.192182064E0,2.229001760E0
1.253635636E1,-7.589619160E-1,-7.290344238E0,2.341529369E0
1.253837052E1,-6.991068721E-1,-7.383718014E0,2.444479942E0
1.254032365E1,-6.248866320E-1,-7.474697590E0,2.523488522E0
1.254230729E1,-5.554547906E-1,-7.570465565E0,2.559401512E0
1.254429093E1,-4.932055473E-1,-7.671022415E0,2.580949545E0
1.254627457E1,-4.213795066E-1,-7.771578789E0,2.657563925E0
1.254822770E1,-3.280056417E-1,-7.874529362E0,2.760514498E0
1.255024186E1,-2.322375625E-1,-7.977479935E0,2.849100113E0
1.255219498E1,-1.460463107E-1,-8.070854187E0,2.930502892E0
1.255417863E1,-7.661445439E-2,-8.185775757E0,3.052607059E0
1.255613175E1,-3.830722719E-2,-8.310274124E0,3.201047659E0
1.255814591E1,0.000000000E0,-8.449137688E0,3.332728863E0
1.256009904E1,8.140286058E-2,-8.609549522E0,3.435679436E0
1.256208268E1,2.059013397E-1,-8.777143478E0,3.543418407E0
1.256406632E1,3.375824392E-1,-8.939949036E0,3.643975019E0
1.256604997E1,4.908113480E-1,-9.069235802E0,3.715801001E0
1.256797257E1,6.344634295E-1,-9.193734169E0,3.845088005E0
1.256998673E1,7.589619160E-1,-9.318233490E0,4.003105164E0
1.257193986E1,8.667010069E-1,-9.437943459E0,4.141968727E0
1.257392350E1,9.696516991E-1,-9.557653427E0,4.252102375E0
1.257587663E1,1.065419793E0,-9.684545517E0,4.340687752E0
1.257789079E1,1.182735682E0,-9.797073364E0,4.402936935E0
1.257984391E1,1.323993564E0,-9.895236015E0,4.431667328E0
1.258182755E1,1.482010841E0,-9.971850395E0,4.443638325E0
1.258381120E1,1.647210717E0,-1.004128170E1,4.467580318E0
1.258579484E1,1.807622313E0,-1.012029076E1,4.489128113E0
1.258771745E1,1.987187386E0,-1.021127033E1,4.515464306E0
1.258973160E1,2.176329374E0,-1.031182671E1,4.560954094E0
1.259171525E1,2.365471363E0,-1.041717148E1,4.613626480E0
1.259369889E1,2.530671120E0,-1.052491093E1,4.656722069E0
1.259562150E1,2.600103140E0,-1.058476543E1,4.678270340E0
1.259763566E1,2.784456491E0,-1.078827286E1,4.752490520E0
1.259958878E1,2.832340717E0,-1.087207031E1,4.776432514E0
1.260157243E1,2.916137695E0,-1.104684639E1,4.833893299E0
1.260355607E1,2.995146275E0,-1.122880554E1,4.891354084E0
1.260553971E1,3.057395458E0,-1.142034245E1,4.953603268E0
1.260746232E1,3.105279684E0,-1.160709000E1,5.003881454E0
1.260947648E1,3.129221678E0,-1.179623222E1,5.061342239E0
1.261142960E1,3.138798475E0,-1.198776817E1,5.152322292E0
1.261341325E1,3.131615877E0,-1.217690945E1,5.267243862E0
1.261536637E1,3.129221678E0,-1.235886955E1,5.410895824E0
1.261738053E1,3.131615877E0,-1.253364563E1,5.590460777E0
1.261933366E1,3.122039080E0,-1.269884586E1,5.808333397E0
1.262131730E1,3.102885485E0,-1.284728622E1,6.059724331E0
1.262330094E1,3.098097086E0,-1.296699619E1,6.349422932E0
1.262528458E1,3.086126089E0,-1.307234097E1,6.653486729E0
1.262723771E1,3.074155092E0,-1.315853214E1,6.957550049E0
1.262925187E1,3.071760893E0,-1.321599293E1,7.249642849E0
1.263117448E1,3.057395458E0,-1.323754120E1,7.529764175E0
1.263318864E1,3.038241863E0,-1.323754120E1,7.807491779E0
1.263517228E1,3.011905670E0,-1.321599293E1,8.063671112E0
1.263715592E1,2.978386879E0,-1.314656162E1,8.283937454E0
1.263913956E1,2.944868088E0,-1.304361057E1,8.461109161E0
1.264112321E1,2.896984100E0,-1.290714169E1,8.599972725E0
1.264307633E1,2.820369720E0,-1.274433517E1,8.717288017E0
1.264505998E1,2.715024710E0,-1.256237602E1,8.789113998E0
1.264701310E1,2.595314741E0,-1.238041687E1,8.805873871E0
1.264899674E1,2.480392933E0,-1.220085144E1,8.760383606E0
1.265098038E1,2.372653961E0,-1.201171017E1,8.662221909E0
1.265299454E1,2.267308950E0,-1.181538582E1,8.540117264E0
1.265494767E1,2.193088770E0,-1.161427212E1,8.413225174E0
1.265693131E1,2.138022184E0,-1.139640045E1,8.250418663E0
1.265891496E1,2.092532396E0,-1.116895103E1,8.049305916E0
1.266089860E1,2.061407566E0,-1.093192482E1,7.817068577E0
1.266288224E1,2.015917778E0,-1.069489861E1,7.556100368E0
1.266486588E1,1.956062794E0,-1.046266174E1,7.254431248E0
1.266681901E1,1.896207690E0,-1.024000072E1,6.914454460E0
1.266883317E1,1.817199111E0,-1.002452278E1,6.545747280E0
1.267075578E1,1.721431017E0,-9.816226959E0,6.157886982E0
1.267276994E1,1.623268723E0,-9.629479408E0,5.772420406E0
1.267472306E1,1.527500629E0,-9.464279175E0,5.389348030E0
1.267670670E1,1.436521053E0,-9.315838814E0,5.018246651E0
1.267869035E1,1.350329757E0,-9.181763649E0,4.651933670E0
1.268067399E1,1.266532660E0,-9.069235802E0,4.280832767E0
1.268259660E1,1.182735682E0,-8.975862503E0,3.892971992E0
1.268461076E1,1.098938584E0,-8.887276649E0,3.490746021E0
1.268656388E1,1.015141487E0,-8.817844391E0,3.081337690E0
1.268854752E1,9.433154464E-1,-8.760383606E0,2.686294317E0
1.269053117E1,8.762778044E-1,-8.719682693E0,2.310404539E0
1.269254533E1,8.116343617E-1,-8.700529099E0,1.948880196E0
1.269449845E1,7.445967197E-1,-8.707711220E0,1.620874524E0
1.269648209E1,7.038952708E-1,-8.736441612E0,1.369483352E0
1.269843522E1,6.703764796E-1,-8.798690796E0,1.165976286E0
1.270044938E1,6.129156351E-1,-8.913613319E0,9.888052940E-1
1.270240250E1,5.434837937E-1,-9.054870605E0,8.307880163E-1
1.270441666E1,4.668693244E-1,-9.229647636E0,6.823474765E-1
1.270636979E1,3.830722570E-1,-9.445125580E0,5.315127969E-1
1.270835343E1,2.873041928E-1,-9.701305389E0,3.519476354E-1
1.271033707E1,1.747767180E-1,-1.001733971E1,1.484405100E-1
1.271235123E1,4.788403213E-2,-1.036928749E1,-8.140286058E-2
1.271430436E1,-7.900865376E-2,-1.073081207E1,-3.567360640E-1
1.271628800E1,-1.867477298E-1,-1.110670185E1,-6.727706790E-1
1.271824113E1,-2.442085743E-1,-1.146822643E1,-1.012747288E0
1.272025529E1,-2.657563984E-1,-1.180580902E1,-1.379060149E0
1.272220841E1,-3.160346150E-1,-1.215057373E1,-1.774103403E0
1.272422257E1,-4.022258818E-1,-1.250012684E1,-2.183511972E0
1.272614518E1,-5.291185975E-1,-1.283052731E1,-2.612074137E0
1.272815934E1,-6.871358752E-1,-1.313698483E1,-3.074155092E0
1.273011247E1,-8.667010069E-1,-1.343386555E1,-3.507505417E0
1.273209611E1,-1.065419793E0,-1.371877575E1,-3.861847401E0
1.273407975E1,-1.266532660E0,-1.399410915E1,-4.096478939E0
1.273606339E1,-1.467645645E0,-1.426704788E1,-4.240131378E0
1.273801652E1,-1.656787634E0,-1.453280449E1,-4.307168961E0
1.274003068E1,-1.812410712E0,-1.477222443E1,-4.295197964E0
1.274198380E1,-1.903390408E0,-1.499249077E1,-4.175487995E0
1.274396745E1,-1.953668594E0,-1.518642139E1,-3.974374771E0
1.274595109E1,-2.006340981E0,-1.532767963E1,-3.687070608E0
1.274793473E1,-2.082955360E0,-1.540908241E1,-3.342305660E0
1.274991837E1,-2.138022184E0,-1.541387081E1,-2.995146275E0
1.275190202E1,-2.178723574E0,-1.534443855E1,-2.578555346E0
1.275388566E1,-2.221819162E0,-1.519839191E1,-2.008735180E0
1.275583878E1,-2.288856745E0,-1.499249077E1,-1.331176162E0
1.275782243E1,-2.370259762E0,-1.475785923E1,-5.793967843E-1
1.275980607E1,-2.454056740E0,-1.447773743E1,2.801215947E-1
1.276172868E1,-2.509123325E0,-1.432929707E1,7.469909191E-1
1.276374284E1,-2.659958124E0,-1.403720474E1,1.740584612E0
1.276572648E1,-2.846705914E0,-1.374990082E1,2.806004286E0
1.276771012E1,-3.016694069E0,-1.347456741E1,3.969586372E0
1.276966325E1,-3.172317266E0,-1.318247414E1,5.147533417E0
1.277164689E1,-3.292027235E0,-1.284010410E1,6.227318764E0
1.277363053E1,-3.359065056E0,-1.246421432E1,7.103596210E0
1.277561417E1,-3.339911461E0,-1.207635307E1,7.778761387E0
1.277756730E1,-3.160346270E0,-1.165497398E1,8.259995461E0
1.277958146E1,-2.820369720E0,-1.119768143E1,8.516175270E0
1.278153458E1,-2.458845139E0,-1.072362900E1,8.523358345E0
1.278354874E1,-2.164358377E0,-1.026154804E1,8.300697327E0
1.278550187E1,-1.922544003E0,-9.830592155E0,7.881711960E0
1.278748551E1,-1.754949808E0,-9.461885452E0,7.275979042E0
1.278943864E1,-1.680729628E0,-9.162610054E0,6.483498096E0
1.279142228E1,-1.663970232E0,-8.904036522E0,5.528211594E0
1.279340592E1,-1.683123827E0,-8.669404030E0,4.446032524E0
1.279538956E1,-1.704671621E0,-8.461109161E0,3.275267839E0
1.279734269E1,-1.726219416E0,-8.276755333E0,2.063801765E0
1.279935685E1,-1.728613615E0,-8.078036308E0,8.403648138E-1
1.280130998E1,-1.685518026E0,-7.852981567E0,-3.734954596E-1
1.280326310E1,-1.630451322E0,-7.632715225E0,-1.563413739E0
1.280524674E1,-1.611297727E0,-7.419631004E0,-2.724601507E0
1.280723038E1,-1.604115129E0,-7.206547260E0,-3.785232782E0
1.280918351E1,-1.620874524E0,-7.029376030E0,-4.632780075E0
1.281116715E1,-1.683123827E0,-6.873753071E0,-5.284003258E0
1.281315080E1,-1.817199111E0,-6.734889507E0,-5.762843609E0
1.281510392E1,-1.970427990E0,-6.600813866E0,-6.066906929E0
1.281708756E1,-2.082955360E0,-6.447585106E0,-6.284779549E0
1.281910172E1,-2.128445387E0,-6.268020153E0,-6.526593685E0
1.282105485E1,-2.178723574E0,-6.081272125E0,-6.792350292E0
1.282303849E1,-2.312798738E0,-5.923254967E0,-7.029376030E0
1.282502213E1,-2.513911724E0,-5.810727596E0,-7.196970463E0
1.282700578E1,-2.762908697E0,-5.760449409E0,-7.237671852E0
1.282895890E1,-2.999934673E0,-5.774814606E0,-7.113173485E0
1.283094254E1,-3.215412855E0,-5.865794182E0,-6.830657482E0
1.283292619E1,-3.469198227E0,-6.019022942E0,-6.433219910E0
1.283490983E1,-3.746925592E0,-6.184223175E0,-6.002263546E0
1.283686295E1,-4.003105164E0,-6.358999729E0,-5.580883980E0
1.283887711E1,-4.235342979E0,-6.536170483E0,-5.181052685E0
1.284083024E1,-4.419696331E0,-6.727706909E0,-4.800374508E0
1.284281388E1,-4.522646904E0,-6.921637058E0,-4.460397720E0
1.284473649E1,-4.534617901E0,-7.103596210E0,-4.170699596E0
1.284675065E1,-4.477157116E0,-7.275979042E0,-3.924096584E0
1.284873429E1,-4.465186119E0,-7.431602001E0,-3.639186621E0
1.285071793E1,-4.458003521E0,-7.584830761E0,-3.325546265E0
1.285270158E1,-4.378994942E0,-7.747636795E0,-3.040636063E0
1.285468522E1,-4.240131378E0,-7.915230751E0,-2.786850691E0
1.285663834E1,-4.077325344E0,-8.087613106E0,-2.525882721E0
1.285862199E1,-3.900154591E0,-8.267178535E0,-2.260126352E0
1.286060563E1,-3.694253206E0,-8.453926086E0,-1.991975784E0
1.286261979E1,-3.447650433E0,-8.628703117E0,-1.690306425E0
1.286454240E1,-3.167528868E0,-8.793902397E0,-1.379060149E0
1.286655656E1,-2.846705914E0,-8.956708908E0,-1.063025594E0
1.286854020E1,-2.489969730E0,-9.112331390E0,-7.206547260E-1
1.287052384E1,-2.116474390E0,-9.270348549E0,-3.782838583E-1
1.287244645E1,-1.721431017E0,-9.418789864E0,-2.633621916E-2
1.287446061E1,-1.326387763E0,-9.552865028E0,3.543418646E-1
1.287641373E1,-9.457096457E-1,-9.703699112E0,7.757213712E-1
1.287839738E1,-5.219359994E-1,-9.859322548E0,1.187524080E0
1.288038102E1,4.548983276E-2,-1.001733971E1,1.520318031E0
1.288236466E1,7.015010715E-1,-1.022084713E1,1.747767210E0
1.288428727E1,1.331176162E0,-1.048420906E1,1.872265697E0
1.288630143E1,1.903390408E0,-1.076911926E1,1.968033791E0
1.288825456E1,2.358288765E0,-1.105402946E1,2.130839586E0
1.289026872E1,2.691082716E0,-1.134372807E1,2.358288765E0
1.289222184E1,3.002328873E0,-1.162384892E1,2.588132143E0
1.289423600E1,3.349488258E0,-1.186566353E1,2.779668093E0
1.289615861E1,3.718195200E0,-1.205480576E1,2.882618904E0
1.289817277E1,4.082113743E0,-1.220563984E1,2.918531895E0
1.290012589E1,4.431667328E0,-1.231816769E1,2.908955097E0
1.290207902E1,4.774038315E0,-1.238999367E1,2.865859509E0
1.290406266E1,5.104437828E0,-1.241872406E1,2.779668093E0
1.290607682E1,5.406107426E0,-1.240914726E1,2.645592928E0
1.290802995E1,5.542576790E0,-1.239478207E1,2.566584110E0
1.291004410E1,5.858611584E0,-1.233492756E1,2.195482969E0
1.291199723E1,5.930437565E0,-1.230380249E1,2.023100376E0
1.291401139E1,6.121973515E0,-1.215296745E1,1.403002143E0
1.291593400E1,6.222530365E0,-1.208353615E1,1.182735682E0
1.291794816E1,6.438008308E0,-1.193748951E1,7.829039693E-1
1.291993180E1,6.617573261E0,-1.178665543E1,4.429273009E-1
1.292191544E1,6.732495308E0,-1.163342571E1,1.340752989E-1
1.292386857E1,6.703764915E0,-1.149456215E1,-1.436520964E-1
1.292588273E1,6.478709698E0,-1.139161205E1,-3.830722570E-1
1.292783585E1,6.138733387E0,-1.127668953E1,-5.913678408E-1
1.292981950E1,5.805939198E0,-1.112824917E1,-8.140285611E-1
1.293174210E1,5.530605793E0,-1.093431950E1,-1.074996591E0
1.293375626E1,5.303156853E0,-1.072123528E1,-1.345541358E0
1.293570939E1,5.128379822E0,-1.049139214E1,-1.592144132E0
1.293769303E1,4.989516258E0,-1.026394272E1,-1.781286120E0
1.293967667E1,4.848258495E0,-1.004607010E1,-1.910573006E0
1.294166032E1,4.699818134E0,-9.837775230E0,-2.001552582E0
1.294361344E1,4.525041103E0,-9.655815125E0,-2.094926596E0
1.294559708E1,4.323928356E0,-9.478644371E0,-2.200271368E0
1.294755021E1,4.118026733E0,-9.296685219E0,-2.317587137E0
1.294956437E1,3.914519787E0,-9.117119789E0,-2.413355350E0
1.295151749E1,3.677493811E0,-8.954314232E0,-2.477998734E0
1.295350114E1,3.406949043E0,-8.803479195E0,-2.489969730E0
1.295548478E1,3.117250681E0,-8.690952301E0,-2.444479942E0
1.295746842E1,2.832340717E0,-8.609549522E0,-2.351106167E0
1.295939103E1,2.564189911E0,-8.540117264E0,-2.188300371E0
1.296140519E1,2.293645144E0,-8.513781548E0,-1.975216389E0
1.296338883E1,1.970427990E0,-8.525752068E0,-1.759738207E0
1.296537248E1,1.604115129E0,-8.566453934E0,-1.611297727E0
1.296732560E1,1.230619669E0,-8.621520042E0,-1.565807939E0
1.296930924E1,8.690952063E-1,-8.678980827E0,-1.572990537E0
1.297129288E1,5.530605912E-1,-8.738836288E0,-1.580173135E0
1.297327653E1,2.873041928E-1,-8.810662270E0,-1.558625340E0
1.297522965E1,1.915361360E-2,-8.916007042E0,-1.467645645E0
1.297724381E1,-2.418143749E-1,-9.042900085E0,-1.314416766E0
1.297919694E1,-4.788403511E-1,-9.184157372E0,-1.110909581E0
1.298115006E1,-7.038952708E-1,-9.330204010E0,-8.786720037E-1
1.298313370E1,-9.097966552E-1,-9.466673851E0,-6.536170840E-1
1.298514786E1,-1.103726983E0,-9.610325813E0,-4.357447028E-1
1.298710099E1,-1.295263171E0,-9.739612579E0,-2.130839527E-1
1.298911515E1,-1.472434044E0,-9.866505623E0,2.394201700E-3
1.299106828E1,-1.656787634E0,-9.995792389E0,1.987187415E-1
1.299308244E1,-1.857900500E0,-1.012029076E1,3.926490843E-1
1.299503556E1,-2.039859772E0,-1.023521233E1,5.961562395E-1
1.299701920E1,-2.140416384E0,-1.034295177E1,8.212111592E-1
1.299900285E1,-2.128445387E0,-1.043871975E1,1.051054597E0
1.300098649E1,-2.059013367E0,-1.050096893E1,1.261744261E0
1.300293961E1,-1.970427990E0,-1.053688145E1,1.436521053E0
1.300495377E1,-1.845929503E0,-1.053448772E1,1.568202138E0
1.300690690E1,-1.685518026E0,-1.047942066E1,1.618480325E0
1.300892106E1,-1.513135433E0,-1.041956615E1,1.570596337E0
1.301087418E1,-1.438915253E0,-1.042674828E1,1.508347034E0
1.301288834E1,-1.486799240E0,-1.046266174E1,1.644816518E0
1.301481095E1,-1.544260144E0,-1.048420906E1,1.996764183E0
1.301682511E1,-1.570596337E0,-1.047942066E1,2.394201756E0
1.301880875E1,-1.532289028E0,-1.045547867E1,2.717418909E0
1.302079240E1,-1.429338455E0,-1.041717148E1,2.913743496E0
1.302274552E1,-1.259350061E0,-1.035252857E1,3.002328873E0
1.302475968E1,-1.051054597E0,-1.027830791E1,3.023876667E0
1.302668229E1,-8.307880163E-1,-1.020169353E1,2.995146275E0
1.302869645E1,-6.512228847E-1,-1.011789608E1,2.925714493E0
1.303064957E1,-5.315127969E-1,-1.003649330E1,2.832340717E0
1.303263322E1,-4.381389022E-1,-9.950302124E0,2.703053713E0
1.303461686E1,-3.663128614E-1,-9.854534149E0,2.497152328E0
1.303660050E1,-3.160346150E-1,-9.749189377E0,2.207453966E0
1.303855363E1,-2.681505978E-1,-9.641449928E0,1.877054095E0
1.304053727E1,-1.891419291E-1,-9.552865028E0,1.556231141E0
1.304252091E1,-6.703764945E-2,-9.488221169E0,1.266532660E0
1.304450456E1,5.506663769E-2,-9.425971985E0,9.935936928E-1
1.304642716E1,1.364694983E-1,-9.349357605E0,7.254431248E-1
1.304844132E1,1.891419291E-1,-9.277531624E0,4.955997467E-1
1.305042497E1,2.346317619E-1,-9.210494041E0,3.232172430E-1
1.305240861E1,2.825157940E-1,-9.186552048E0,1.699883193E-1
1.305439225E1,2.920926213E-1,-9.208099365E0,-7.182605099E-3
1.305640641E1,2.298433632E-1,-9.208099365E0,-2.322375625E-1
1.305835954E1,1.316810995E-1,-9.200917244E0,-4.237737060E-1
1.306034318E1,3.351882473E-2,-9.196128845E0,-5.195417404E-1
1.306232682E1,-6.703764945E-2,-9.193734169E0,-5.530605912E-1
1.306431046E1,-1.867477298E-1,-9.167398453E0,-5.626373887E-1
1.306626359E1,-3.016694188E-1,-9.124302864E0,-5.506663918E-1
1.306824723E1,-4.046200812E-1,-9.076418877E0,-5.027823448E-1
1.307023087E1,-4.836287498E-1,-9.042900085E0,-4.309563041E-1
1.307218400E1,-5.291185975E-1,-9.021351814E0,-3.854664862E-1
1.307416764E1,-5.410895944E-1,-9.014169693E0,-3.902548850E-1
1.307618180E1,-5.626373887E-1,-9.011775017E0,-5.626373887E-1
1.307813493E1,-5.793967843E-1,-9.030928612E0,-6.560112834E-1
1.308011857E1,-6.105214357E-1,-9.083600998E0,-8.714894056E-1
1.308210221E1,-6.177040339E-1,-9.131484985E0,-1.110909581E0
1.308408585E1,-6.009446383E-1,-9.165003777E0,-1.347935557E0
1.308600846E1,-5.746083856E-1,-9.191340446E0,-1.565807939E0
1.308802262E1,-5.219359994E-1,-9.217676163E0,-1.769315004E0
1.308997575E1,-4.884171486E-1,-9.251194954E0,-1.939303398E0
1.309195939E1,-4.836287498E-1,-9.282320023E0,-2.073378563E0
1.309394303E1,-4.764461517E-1,-9.301473618E0,-2.178723574E0
1.309592667E1,-4.668693244E-1,-9.294290543E0,-2.243366957E0
1.309784928E1,-4.309563041E-1,-9.284713745E0,-2.293645144E0
1.309986344E1,-3.567360640E-1,-9.282320023E0,-2.317587137E0
1.310181657E1,-2.537853718E-1,-9.289502144E0,-2.310404539E0
1.310383073E1,-1.699883193E-1,-9.320627213E0,-2.260126352E0
1.310575333E1,-1.364694983E-1,-9.363722801E0,-2.185906172E0
1.310776749E1,-1.340752989E-1,-9.394847870E0,-2.099714994E0
1.310972062E1,-1.197100878E-1,-9.394847870E0,-2.035071373E0
1.311170426E1,-1.149216816E-1,-9.380482674E0,-1.994369984E0
1.311368790E1,-1.197100878E-1,-9.382876396E0,-1.968033791E0
1.311567155E1,-1.197100878E-1,-9.382876396E0,-1.960851192E0
1.311759415E1,-8.858546615E-2,-9.370905876E0,-1.965639591E0
1.311960831E1,-5.746084079E-2,-9.358934402E0,-1.946485996E0
1.312156144E1,-1.197100803E-2,-9.342175484E0,-1.929726601E0
1.312354508E1,4.309562966E-2,-9.318233490E0,-1.905784607E0
1.312552872E1,9.337386489E-2,-9.306262016E0,-1.855506301E0
1.312751237E1,1.604115069E-1,-9.294290543E0,-1.788468719E0
1.312946549E1,2.537853718E-1,-9.277531624E0,-1.699883223E0
1.313147965E1,3.447650373E-1,-9.267954826E0,-1.604115129E0
1.313343278E1,3.974374831E-1,-9.272743225E0,-1.493981838E0
1.313541642E1,4.309563041E-1,-9.284713745E0,-1.369483352E0
1.313740006E1,4.501099288E-1,-9.277531624E0,-1.244984865E0
1.313938370E1,4.548983276E-1,-9.267954826E0,-1.134851575E0
1.314133683E1,4.572925270E-1,-9.246406555E0,-1.036689281E0
1.314335099E1,4.668693244E-1,-9.229647636E0,-9.576807022E-1
1.314530412E1,4.788403511E-1,-9.208099365E0,-8.738836050E-1
1.314728776E1,4.955997467E-1,-9.179368973E0,-7.924807668E-1
1.314924088E1,5.363011956E-1,-9.153033257E0,-7.230489254E-1
1.315125504E1,5.889736414E-1,-9.131484985E0,-6.703764796E-1
1.315317765E1,6.464344859E-1,-9.102754593E0,-6.177040339E-1
1.315519181E1,6.823474765E-1,-9.081207275E0,-5.458779931E-1
1.315714494E1,7.158663273E-1,-9.069235802E0,-4.979939461E-1
1.315912858E1,7.781155705E-1,-9.057265282E0,-4.716577232E-1
1.316105119E1,8.499416113E-1,-9.050082207E0,-4.501099288E-1
1.316306535E1,9.193734527E-1,-9.040505409E0,-4.620809257E-1
1.316501847E1,9.768342972E-1,-9.035717010E0,-4.932055473E-1
1.316703263E1,1.029506683E0,-9.033323288E0,-5.195417404E-1
1.316898576E1,1.079784989E0,-9.021351814E0,-5.482721925E-1
1.317099992E1,1.120486379E0,-9.016563416E0,-5.722141862E-1
1.317295304E1,1.156399369E0,-9.006986618E0,-5.913678408E-1
1.317493668E1,1.199495077E0,-8.992621422E0,-5.770025849E-1
1.317692033E1,1.254561663E0,-8.985439301E0,-5.458779931E-1
1.317890397E1,1.300051570E0,-8.990227699E0,-5.458779931E-1
1.318085709E1,1.300051570E0,-8.990227699E0,-6.200982332E-1
1.318287125E1,1.242590666E0,-8.983044624E0,-7.469909191E-1
1.318482438E1,1.161187768E0,-8.968679428E0,-8.523358107E-1
1.318683854E1,1.098938584E0,-8.973467827E0,-9.265560508E-1
1.318879166E1,1.070208192E0,-8.995016098E0,-9.911994934E-1
1.319080582E1,1.070208192E0,-9.018958092E0,-1.063025594E0
1.319272843E1,1.048660398E0,-9.040505409E0,-1.127668977E0
1.319474259E1,9.768342972E-1,-9.064447403E0,-1.158793569E0
1.319672623E1,8.834604025E-1,-9.085995674E0,-1.161187768E0
1.319867936E1,8.020575643E-1,-9.102754593E0,-1.154005170E0
1.320066300E1,7.541735172E-1,-9.131484985E0,-1.146822572E0
1.320267716E1,7.445967197E-1,-9.184157372E0,-1.122880578E0
1.320463029E1,7.685387731E-1,-9.229647636E0,-1.096544385E0
1.320664445E1,7.829039693E-1,-9.258378029E0,-1.086967587E0
1.320859757E1,7.709329724E-1,-9.289502144E0,-1.086967587E0
1.321061173E1,7.517793179E-1,-9.318233490E0,-1.091755986E0
1.321253434E1,7.134721279E-1,-9.327810287E0,-1.091755986E0
1.321454850E1,6.751648784E-1,-9.332598686E0,-1.084573388E0
1.321650163E1,6.488286853E-1,-9.332598686E0,-1.082179189E0
1.321845475E1,6.560112834E-1,-9.342175484E0,-1.072602391E0
1.322043839E1,6.607996821E-1,-9.366117477E0,-1.065419793E0
1.322242204E1,6.607996821E-1,-9.378087997E0,-1.065419793E0
1.322437516E1,6.655880809E-1,-9.404424667E0,-1.070208192E0
1.322638932E1,6.703764796E-1,-9.425971985E0,-1.072602391E0
1.322834245E1,6.727706790E-1,-9.442731857E0,-1.070208192E0
1.323032609E1,6.655880809E-1,-9.454702377E0,-1.065419793E0
1.323227921E1,6.560112834E-1,-9.464279175E0,-1.070208192E0
1.323429337E1,6.512228847E-1,-9.483432770E0,-1.070208192E0
1.323624650E1,6.440402865E-1,-9.504981041E0,-1.065419793E0
1.323826066E1,6.320692301E-1,-9.526528358E0,-1.067813993E0
1.324021378E1,6.272808313E-1,-9.545681953E0,-1.079784989E0
1.324219743E1,6.224924326E-1,-9.574412346E0,-1.089361787E0
1.324418107E1,6.105214357E-1,-9.603142738E0,-1.089361787E0
1.324619523E1,6.057330370E-1,-9.629479408E0,-1.091755986E0
1.324814835E1,6.105214357E-1,-9.667786598E0,-1.096544385E0
1.325013200E1,5.961562395E-1,-9.706093788E0,-1.096544385E0
1.325208512E1,5.841852427E-1,-9.749189377E0,-1.091755986E0
1.325409928E1,5.746083856E-1,-9.789890289E0,-1.072602391E0
1.325605241E1,5.506663918E-1,-9.835380554E0,-1.048660398E0
1.325806657E1,5.267243981E-1,-9.878476143E0,-1.012747288E0
1.326001969E1,5.099649429E-1,-9.914389610E0,-9.959878922E-1
1.326200333E1,4.908113480E-1,-9.943120003E0,-1.000776291E0
1.326398698E1,4.812345505E-1,-9.969455719E0,-1.000776291E0
1.326600114E1,4.716577232E-1,-9.998186111E0,-9.816226959E-1
1.326795426E1,4.620809257E-1,-1.003170490E1,-9.696516991E-1
1.326993790E1,4.309563041E-1,-1.006761837E1,-9.648633003E-1
1.327192155E1,4.046200812E-1,-1.010353088E1,-9.576807022E-1
1.327390519E1,3.639186621E-1,-1.014183807E1,-9.361328483E-1
1.327585831E1,3.208230138E-1,-1.016578007E1,-9.121908545E-1
1.327787248E1,2.705447972E-1,-1.018972206E1,-8.834604025E-1
1.327982560E1,2.274491638E-1,-1.022084713E1,-8.307880163E-1
1.328180924E1,1.915361285E-1,-1.024239445E1,-7.805097699E-1
1.328379288E1,1.460463107E-1,-1.026394272E1,-7.230489254E-1
1.328580704E1,1.077390760E-1,-1.029506683E1,-6.512228847E-1
1.328776017E1,5.506663769E-2,-1.033576870E1,-5.722141862E-1
1.328974381E1,1.197100803E-2,-1.038125896E1,-5.027823448E-1
1.329172746E1,-1.197100803E-2,-1.042674828E1,-4.572925270E-1
1.329371110E1,-4.788403213E-2,-1.047942066E1,-4.189853072E-1
1.329563370E1,-9.576806426E-2,-1.053448772E1,-3.734954596E-1
1.329764786E1,-1.364694983E-1,-1.058237171E1,-3.375824392E-1
1.329960099E1,-1.628057212E-1,-1.063504410E1,-3.160346150E-1
1.330158463E1,-1.747767180E-1,-1.069489861E1,-3.064578176E-1
1.330356828E1,-1.987187415E-1,-1.074757099E1,-2.944868207E-1
1.330558244E1,-2.250549644E-1,-1.077869606E1,-2.753331959E-1
1.330753556E1,-2.442085743E-1,-1.078827286E1,-2.753331959E-1
1.330951920E1,-2.633621991E-1,-1.078827286E1,-2.729389966E-1
1.331150285E1,-2.849099934E-1,-1.077390766E1,-2.657563984E-1
1.331348649E1,-3.160346150E-1,-1.074038887E1,-2.657563984E-1
1.331540910E1,-3.663128614E-1,-1.069489861E1,-2.609679997E-1
1.331742326E1,-4.333505034E-1,-1.064940929E1,-2.370259613E-1
1.331937638E1,-5.003881454E-1,-1.058955383E1,-1.939303428E-1
1.332136002E1,-5.482721925E-1,-1.051533413E1,-1.388636976E-1
1.332331315E1,-5.770025849E-1,-1.043871975E1,-9.576806426E-2
1.332532731E1,-6.081272364E-1,-1.036210537E1,-5.985504389E-2
1.332728043E1,-6.296750307E-1,-1.029506683E1,-1.675941236E-2
1.332926408E1,-6.560112834E-1,-1.024239445E1,2.154781483E-2
1.333124772E1,-7.134721279E-1,-1.018493366E1,6.943184882E-2
1.333323136E1,-7.613561153E-1,-1.013944435E1,1.268926859E-1
1.333515397E1,-7.924807668E-1,-1.010113716E1,1.843535304E-1
1.333713761E1,-8.188169599E-1,-1.007958889E1,2.513911724E-1
1.333912125E1,-8.475474119E-1,-1.006522369E1,3.040636182E-1
1.334110490E1,-8.882488012E-1,-1.007480049E1,3.399766386E-1
1.334305802E1,-9.265560508E-1,-1.010113716E1,3.878606856E-1
1.334504166E1,-9.648633003E-1,-1.014183807E1,4.333505034E-1
1.334702531E1,-9.816226959E-1,-1.020408726E1,4.596867263E-1
1.334903947E1,-9.672574997E-1,-1.026873112E1,4.668693244E-1
1.335099259E1,-9.050082564E-1,-1.032619190E1,4.333505034E-1
1.335300675E1,-8.044517636E-1,-1.040280628E1,3.711012602E-1
1.335495988E1,-6.919242740E-1,-1.049139214E1,2.777273953E-1
1.335691300E1,-5.746083856E-1,-1.059673691E1,1.723825186E-1
1.335889664E1,-4.333505034E-1,-1.069968700E1,4.548983276E-2
1.336091081E1,-2.801215947E-1,-1.080742645E1,-9.097966552E-2
1.336286393E1,-1.173158810E-1,-1.092953110E1,-2.322375625E-1
1.336487809E1,5.267243832E-2,-1.104924107E1,-3.878606856E-1
1.336683122E1,2.346317619E-1,-1.115458584E1,-5.746083856E-1
1.336884538E1,4.165911078E-1,-1.125035381E1,-7.852981687E-1
1.337076798E1,5.793967843E-1,-1.134372807E1,-9.911994934E-1
1.337278214E1,7.374141216E-1,-1.143231297E1,-1.189918280E0
1.337476579E1,8.690952063E-1,-1.150892735E1,-1.379060149E0
1.337674943E1,9.792284966E-1,-1.158554173E1,-1.565807939E0
1.337870255E1,1.098938584E0,-1.165736771E1,-1.747767210E0
1.338068620E1,1.223437071E0,-1.172679996E1,-1.889025092E0
1.338266984E1,1.316810966E0,-1.179144382E1,-1.994369984E0
1.338468400E1,1.369483352E0,-1.184411621E1,-2.063801765E0
1.338663712E1,1.410184860E0,-1.189678860E1,-2.118868589E0
1.338862077E1,1.455674648E0,-1.194467258E1,-2.133233786E0
1.339060441E1,1.505952835E0,-1.198537350E1,-2.102109194E0
1.339258805E1,1.541865945E0,-1.200692177E1,-2.051830769E0
1.339454118E1,1.553836942E0,-1.200213337E1,-1.991975784E0
1.339655534E1,1.551442742E0,-1.197340298E1,-1.915361404E0
1.339850846E1,1.551442742E0,-1.195185471E1,-1.874659896E0
1.340049210E1,1.541865945E0,-1.188242340E1,-1.731007814E0
1.340247575E1,1.537077546E0,-1.185608673E1,-1.663970232E0
1.340448991E1,1.491587639E0,-1.178665543E1,-1.429338455E0
1.340644303E1,1.472434044E0,-1.176989555E1,-1.345541358E0
1.340842667E1,1.414973259E0,-1.173398209E1,-1.168370485E0
1.341037980E1,1.328781962E0,-1.170285797E1,-9.648633003E-1
1.341239396E1,1.213860273E0,-1.168609810E1,-7.445967197E-1
1.341434708E1,1.079784989E0,-1.168370438E1,-5.027823448E-1
1.341636124E1,9.313444495E-1,-1.168849277E1,-2.370259613E-1
1.341831437E1,7.781155705E-1,-1.171961689E1,2.633621916E-2
1.342029801E1,6.105214357E-1,-1.176271248E1,2.729389966E-1
1.342225114E1,4.429273009E-1,-1.181059742E1,5.147533417E-1
1.342426530E1,2.681505978E-1,-1.187045193E1,7.637503147E-1
1.342621842E1,1.101332754E-1,-1.193509579E1,1.003170490E0
1.342820206E1,-1.915361360E-2,-1.200692177E1,1.230619669E0
1.343018571E1,-1.340752989E-1,-1.208353615E1,1.448492050E0
1.343216935E1,-2.418143749E-1,-1.217451572E1,1.659181833E0
1.343409196E1,-3.280056417E-1,-1.228943729E1,1.853112102E0
1.343607560E1,-3.926490843E-1,-1.240196514E1,2.023100376E0
1.343805924E1,-4.381389022E-1,-1.250252151E1,2.171540976E0
1.344004288E1,-4.620809257E-1,-1.258871269E1,2.267308950E0
1.344199601E1,-4.716577232E-1,-1.266532707E1,2.312798738E0
1.344397965E1,-4.644751251E-1,-1.272039318E1,2.324769735E0
1.344596330E1,-4.596867263E-1,-1.276348972E1,2.312798738E0
1.344791642E1,-4.501099288E-1,-1.278982544E1,2.286462545E0
1.344990006E1,-4.357447028E-1,-1.280658531E1,2.250549555E0
1.345191422E1,-3.974374831E-1,-1.283052731E1,2.217030764E0
1.345386735E1,-3.615244627E-1,-1.284968090E1,2.195482969E0
1.345585099E1,-3.471592367E-1,-1.285446930E1,2.169146776E0
1.345783463E1,-3.399766386E-1,-1.285207462E1,2.145204782E0
1.345981828E1,-3.327940404E-1,-1.284968090E1,2.128445387E0
1.346174088E1,-3.232172430E-1,-1.284728622E1,2.121262789E0
1.346375504E1,-3.016694188E-1,-1.284010410E1,2.140416384E0
1.346570817E1,-2.681505978E-1,-1.282334423E1,2.195482969E0
1.346769181E1,-2.322375625E-1,-1.280897903E1,2.267308950E0
1.346967545E1,-2.035071403E-1,-1.281137371E1,2.358288765E0
1.347165910E1,-1.628057212E-1,-1.280419064E1,2.477998734E0
1.347358170E1,-1.197100878E-1,-1.279700851E1,2.631227732E0
1.347559586E1,-8.379705995E-2,-1.280658531E1,2.806004286E0
1.347754899E1,-4.788403213E-2,-1.281616211E1,2.997540474E0
1.347953263E1,-1.436521020E-2,-1.283052731E1,3.208230257E0
1.348151627E1,-2.394201700E-3,-1.286165142E1,3.426102638E0
1.348353043E1,9.576806799E-3,-1.292150688E1,3.675099611E0
1.348548356E1,2.394201607E-2,-1.301727486E1,3.878606796E0
1.348746720E1,4.548983276E-2,-1.312980175E1,4.173093796E0
1.348945084E1,4.309562966E-2,-1.327345467E1,4.513070107E0
1.349143449E1,2.633621916E-2,-1.343386555E1,4.783615112E0
1.349338761E1,1.197100803E-2,-1.361103630E1,5.006275654E0
1.349540177E1,-2.394201607E-2,-1.380017853E1,5.195417881E0
1.349735490E1,-7.182604820E-2,-1.396537876E1,5.353435040E0
1.349933854E1,-1.340752989E-1,-1.409227085E1,5.475539207E0
1.350132218E1,-1.915361285E-1,-1.419043350E1,5.585672379E0
1.350333634E1,-2.394201756E-1,-1.426465416E1,5.681440830E0
1.350528947E1,-2.968810201E-1,-1.430296135E1,5.722142220E0
1.350727311E1,-3.567360640E-1,-1.431972027E1,5.705382824E0
1.350925675E1,-4.285621047E-1,-1.428859615E1,5.640739441E0
1.351124039E1,-5.027823448E-1,-1.420958710E1,5.523423195E0
1.351319352E1,-5.770025849E-1,-1.410424232E1,5.401319027E0
1.351520768E1,-6.536170840E-1,-1.397016716E1,5.300762653E0
1.351716081E1,-7.278373241E-1,-1.381454372E1,5.200206280E0
1.351914445E1,-8.068459630E-1,-1.364455509E1,5.075707436E0
1.352109757E1,-8.930372596E-1,-1.345541382E1,4.929661274E0
1.352311173E1,-9.768342972E-1,-1.326148319E1,4.783615112E0
1.352506486E1,-1.048660398E0,-1.304839897E1,4.649539471E0
1.352704850E1,-1.106121182E0,-1.282095051E1,4.539406300E0
1.352903214E1,-1.175553083E0,-1.258152962E1,4.441244125E0
1.353101579E1,-1.240196466E0,-1.233013916E1,4.350264549E0
1.353293839E1,-1.312022567E0,-1.208353615E1,4.237737179E0
1.353492204E1,-1.379060149E0,-1.184172153E1,4.132391930E0
1.353690568E1,-1.441309452E0,-1.159272480E1,4.031835556E0
1.353888932E1,-1.520318031E0,-1.134372807E1,3.888183594E0
1.354084245E1,-1.589749932E0,-1.110430717E1,3.699041605E0
1.354282609E1,-1.613691926E0,-1.088643551E1,3.531447411E0
1.354480973E1,-1.608903527E0,-1.070926380E1,3.411737442E0
1.354679337E1,-1.596932530E0,-1.054166985E1,3.301604033E0
1.354874650E1,-1.580173135E0,-1.038125896E1,3.167528868E0
1.355076066E1,-1.561019540E0,-1.022802925E1,3.002328873E0
1.355271378E1,-1.549048543E0,-1.015620327E1,2.906560898E0
1.355466691E1,-1.508347034E0,-1.002931118E1,2.671929121E0
1.355665055E1,-1.446097851E0,-9.931148529E0,2.372653961E0
1.355863419E1,-1.362300754E0,-9.866505623E0,2.011129379E0
1.356058732E1,-1.247379065E0,-9.837775230E0,1.606509328E0
1.356257096E1,-1.120486379E0,-9.835380554E0,1.182735682E0
1.356455460E1,-1.000776291E0,-9.854534149E0,7.565677166E-1
1.356653825E1,-9.050082564E-1,-9.890447617E0,3.160346150E-1
1.356849137E1,-8.212111592E-1,-9.943120003E0,-1.340752989E-1
1.357050553E1,-7.182605267E-1,-1.000058079E1,-5.889736414E-1
1.357245866E1,-5.746083856E-1,-1.006282997E1,-1.012747288E0
1.357441178E1,-4.022258818E-1,-1.011550236E1,-1.367089152E0
1.357639542E1,-2.202665508E-1,-1.017056847E1,-1.644816518E0
1.357837907E1,-2.633621916E-2,-1.022084713E1,-1.860294700E0
1.358033219E1,1.388636976E-1,-1.026633644E1,-2.090138197E0
1.358231583E1,2.082955539E-1,-1.031900978E1,-2.420537949E0
1.358429948E1,1.723825186E-1,-1.038365269E1,-2.825158119E0
1.358628312E1,8.619125932E-2,-1.043871975E1,-3.205836058E0
1.358826676E1,-1.436521020E-2,-1.047223854E1,-3.531447411E0
1.359028092E1,-5.985504389E-2,-1.048660374E1,-3.746925592E0
1.359223405E1,-1.675941236E-2,-1.048899746E1,-3.859453201E0
1.359421769E1,7.422025502E-2,-1.047463226E1,-3.909731388E0
1.359620133E1,1.436520964E-1,-1.044350815E1,-3.938461781E0
1.359818498E1,1.795651317E-1,-1.039801788E1,-3.993528366E0
1.360010758E1,1.963245422E-1,-1.033098030E1,-4.082113743E0
1.360212174E1,2.298433632E-1,-1.025436592E1,-4.201824188E0
1.360407487E1,2.849099934E-1,-1.017775154E1,-4.307168961E0
1.360605851E1,3.208230138E-1,-1.012268448E1,-4.297592163E0
1.360804215E1,3.519476354E-1,-1.010831928E1,-4.151545525E0
1.361002580E1,4.022258818E-1,-1.013704967E1,-3.940855980E0
1.361194840E1,4.094084799E-1,-1.017535686E1,-3.739742994E0
1.361396256E1,3.687070608E-1,-1.021366405E1,-3.521870613E0
1.361591569E1,3.256114423E-1,-1.025197124E1,-3.268085241E0
1.361789933E1,3.136404157E-1,-1.030464458E1,-2.990357876E0
1.361985246E1,4.118026793E-1,-1.035252857E1,-2.758120298E0
1.362186662E1,6.392518282E-1,-1.039083576E1,-2.631227732E0
1.362381974E1,9.457096457E-1,-1.041238308E1,-2.592920542E0
1.362580338E1,1.302445769E0,-1.043632507E1,-2.573766708E0
1.362778703E1,1.738190413E0,-1.047942066E1,-2.573766708E0
1.362977067E1,2.233790159E0,-1.052730465E1,-2.585737944E0
1.363172379E1,2.681505919E0,-1.057040024E1,-2.537853718E0
1.363370744E1,3.007117271E0,-1.061110210E1,-2.410961151E0
1.363569108E1,3.253720045E0,-1.063264942E1,-2.217030764E0
1.363770524E1,3.402160645E0,-1.064940929E1,-2.003946781E0
1.363965836E1,3.478775024E0,-1.067335129E1,-1.776497602E0
1.364167252E1,3.538630009E0,-1.072123528E1,-1.553836942E0
1.364362565E1,3.586514235E0,-1.078827286E1,-1.343147159E0
1.364563981E1,3.665522814E0,-1.088643551E1,-1.144428372E0
1.364759293E1,3.818751812E0,-1.099896240E1,-1.005564690E0
1.364957658E1,4.003105164E0,-1.111627865E1,-8.882488012E-1
1.365156022E1,4.173093796E0,-1.124556541E1,-8.116343617E-1
1.365354386E1,4.278438568E0,-1.137964058E1,-7.613561153E-1
1.365549699E1,4.283226967E0,-1.153047562E1,-7.038952708E-1
1.365751115E1,4.220977783E0,-1.169567490E1,-6.320692301E-1
1.365946427E1,4.122815132E0,-1.184172153E1,-6.057330370E-1
1.366147843E1,3.960009575E0,-1.197100830E1,-6.440402865E-1
1.366343156E1,3.739742994E0,-1.210987186E1,-5.746083856E-1
1.366544572E1,3.457227230E0,-1.229183197E1,-2.873041928E-1
1.366739884E1,3.179499865E0,-1.247379112E1,3.830722719E-2
1.366941300E1,2.954444885E0,-1.261504841E1,2.418143749E-1
1.367139664E1,2.774879694E0,-1.269166279E1,3.327940404E-1
1.367334977E1,2.607285738E0,-1.268926907E1,3.064578176E-1
1.367533341E1,2.422932148E0,-1.266053867E1,1.292868853E-1
1.367731706E1,2.236184359E0,-1.266293240E1,-1.029506698E-1
1.367927018E1,2.011129379E0,-1.268926907E1,-2.346317619E-1
1.368125382E1,1.673547029E0,-1.272039318E1,-2.202665508E-1
1.368323747E1,1.211466074E0,-1.276348972E1,-3.830722719E-2
1.368519059E1,7.469909191E-1,-1.276588345E1,2.920926213E-1
1.368717423E1,3.303998411E-1,-1.270123959E1,7.134721279E-1
1.368918839E1,-8.379705995E-2,-1.260786629E1,1.134851575E0
1.369114152E1,-5.746083856E-1,-1.248576164E1,1.434126854E0
1.369312516E1,-1.149216771E0,-1.234210968E1,1.606509328E0
1.369510880E1,-1.683123827E0,-1.217451572E1,1.716642618E0
1.369709245E1,-2.111685991E0,-1.198776817E1,1.798045516E0
1.369904557E1,-2.427720547E0,-1.178426075E1,1.893813491E0
1.370102921E1,-2.636016130E0,-1.154723454E1,2.070984364E0
1.370301286E1,-2.770091295E0,-1.130063248E1,2.291250944E0
1.370502702E1,-2.853888512E0,-1.105642319E1,2.442085743E0
1.370698014E1,-2.928108692E0,-1.082897472E1,2.437297344E0
1.370899430E1,-2.968810081E0,-1.062546730E1,2.303221941E0
1.371094743E1,-2.956839085E0,-1.043153667E1,2.104503393E0
1.371293107E1,-2.911349297E0,-1.021605873E1,1.881842494E0
1.371491471E1,-2.849100113E0,-9.969455719E0,1.671152830E0
1.371689835E1,-2.796427488E0,-9.734824181E0,1.458068848E0
1.371885148E1,-2.782062292E0,-9.624691010E0,1.343147159E0
1.372083512E1,-2.750937700E0,-9.409213066E0,1.132457376E0
1.372281876E1,-2.693476915E0,-9.215282440E0,9.552865028E-1
1.372480241E1,-2.607285738E0,-9.014169693E0,7.948749661E-1
1.372675553E1,-2.485181332E0,-8.801085472E0,6.200982332E-1
1.372876969E1,-2.319981337E0,-8.604761124E0,3.806780577E-1
1.373072282E1,-2.145204782E0,-8.444349289E0,6.464344263E-2
1.373270646E1,-1.999158382E0,-8.307879448E0,-2.585737705E-1
1.373469010E1,-1.853112102E0,-8.176198959E0,-5.267243981E-1
1.373667374E1,-1.723825216E0,-8.063671112E0,-7.565677166E-1
1.373865739E1,-1.623268723E0,-7.967903137E0,-9.313444495E-1
1.374064103E1,-1.522712231E0,-7.888894558E0,-1.055842996E0
1.374256364E1,-1.422155857E0,-7.836222172E0,-1.132457376E0
1.374457780E1,-1.316810966E0,-7.795520782E0,-1.173158884E0
1.374653092E1,-1.218648672E0,-7.754819393E0,-1.161187768E0
1.374851456E1,-1.146822572E0,-7.718906403E0,-1.077390790E0
1.375049821E1,-1.118092179E0,-7.726089001E0,-9.313444495E-1
1.375248185E1,-1.122880578E0,-7.778761387E0,-7.661445141E-1
1.375446549E1,-1.120486379E0,-7.833827972E0,-6.153098345E-1
1.375644914E1,-1.089361787E0,-7.855375767E0,-4.644751251E-1
1.375843278E1,-1.048660398E0,-7.862558365E0,-3.232172430E-1
1.376041642E1,-1.010353088E0,-7.879317760E0,-1.580173075E-1
1.376233903E1,-9.672574997E-1,-7.903259754E0,4.070143029E-2
1.376435319E1,-9.169792533E-1,-7.927201748E0,2.274491638E-1
1.376630631E1,-8.690952063E-1,-7.951143742E0,3.878606856E-1
1.376828996E1,-8.164227605E-1,-7.979874134E0,5.339069963E-1
1.377027360E1,-7.398083210E-1,-8.008605003E0,6.919242740E-1
1.377228776E1,-6.296750307E-1,-8.034940720E0,8.475474119E-1
1.377424088E1,-5.410895944E-1,-8.068459511E0,9.624691010E-1
1.377622453E1,-4.932055473E-1,-8.111555099E0,9.744400978E-1
1.377820817E1,-4.548983276E-1,-8.133103371E0,9.002198577E-1
1.378022233E1,-4.165911078E-1,-8.145073891E0,8.475474119E-1
1.378217545E1,-3.543418646E-1,-8.145073891E0,7.805097699E-1
1.378415910E1,-2.729389966E-1,-8.116343498E0,6.009446383E-1
1.378614274E1,-1.939303428E-1,-8.066065788E0,3.615244627E-1
1.378812638E1,-1.125274822E-1,-8.001421928E0,1.723825186E-1
1.379007951E1,-5.985504389E-2,-7.929595947E0,4.070143029E-2
1.379209367E1,-5.746084079E-2,-7.855375767E0,-7.422025502E-2
1.379404679E1,-8.619125932E-2,-7.776367188E0,-1.915361285E-1
1.379603043E1,-1.268926859E-1,-7.680599213E0,-3.160346150E-1
1.379801408E1,-1.771709323E-1,-7.558494568E0,-3.687070608E-1
1.380002824E1,-2.322375625E-1,-7.426813602E0,-4.285621047E-1
1.380198136E1,-2.992752194E-1,-7.290344238E0,-4.477157295E-1
1.380396500E1,-3.854664862E-1,-7.153874874E0,-4.022258818E-1
1.380591813E1,-4.908113480E-1,-7.017405033E0,-3.423708379E-1
1.380793229E1,-6.200982332E-1,-6.871358871E0,-3.016694188E-1
1.380988541E1,-7.517793179E-1,-6.718130112E0,-2.777273953E-1
1.381189957E1,-8.714894056E-1,-6.564900875E0,-2.513911724E-1
1.381385270E1,-9.720458984E-1,-6.414066315E0,-2.106897533E-1
1.381583634E1,-1.063025594E0,-6.256049156E0,-1.484405100E-1
1.381781998E1,-1.151610970E0,-6.119579315E0,-8.858546615E-2
1.381983414E1,-1.237802267E0,-5.997475147E0,-3.351882473E-2
1.382178727E1,-1.307234168E0,-5.882553577E0,2.873042040E-2
1.382380143E1,-1.355118155E0,-5.777208805E0,1.053448766E-1
1.382575456E1,-1.398213744E0,-5.679046631E0,1.891419291E-1
1.382773820E1,-1.431732655E0,-5.580883980E0,2.657563984E-1
1.382972184E1,-1.484405041E0,-5.487510204E0,3.184288144E-1
1.383167497E1,-1.546654344E0,-5.418078423E0,3.112462163E-1
1.383365861E1,-1.592144132E0,-5.348646641E0,2.274491638E-1
1.383564225E1,-1.649604917E0,-5.276820660E0,8.619125932E-2
1.383759538E1,-1.733402014E0,-5.219359875E0,-8.140286058E-2
1.383957902E1,-1.817199111E0,-5.178658485E0,-2.561795712E-1
1.384156266E1,-1.886630893E0,-5.121197224E0,-4.046200812E-1
1.384354630E1,-1.948880196E0,-5.066130638E0,-5.243301988E-1
1.384546891E1,-2.013523579E0,-5.027823448E0,-6.105214357E-1
1.384748307E1,-2.087743998E0,-4.996698856E0,-6.871358752E-1
1.384943620E1,-2.171540976E0,-4.977545261E0,-7.493851185E-1
1.385141984E1,-2.264914751E0,-4.963180065E0,-7.900865674E-1
1.385340348E1,-2.370259762E0,-4.951209068E0,-8.116343617E-1
1.385538712E1,-2.485181332E0,-4.948814869E0,-8.307880163E-1
1.385734025E1,-2.592920542E0,-4.955997467E0,-8.355764151E-1
1.385935441E1,-2.698265314E0,-4.955997467E0,-8.331822157E-1
1.386133805E1,-2.820369720E0,-4.965574265E0,-8.355764151E-1
1.386332169E1,-2.954444885E0,-4.989516258E0,-8.355764151E-1
1.386530534E1,-3.069366693E0,-5.013458252E0,-8.259995580E-1
1.386728898E1,-3.184288263E0,-5.039794445E0,-8.188169599E-1
1.386921159E1,-3.303998232E0,-5.075707436E0,-8.092401624E-1
1.387122575E1,-3.397372246E0,-5.118803024E0,-7.852981687E-1
1.387317887E1,-3.466804028E0,-5.152322292E0,-7.445967197E-1
1.387516251E1,-3.536235809E0,-5.185841084E0,-6.895300746E-1
1.387714616E1,-3.591302633E0,-5.221754074E0,-6.224924326E-1
1.387916032E1,-3.629609823E0,-5.260061264E0,-5.530605912E-1
1.388111344E1,-3.665522814E0,-5.281609058E0,-4.908113480E-1
1.388309708E1,-3.713406801E0,-5.312733650E0,-4.453215301E-1
1.388508073E1,-3.768473387E0,-5.346252441E0,-4.046200812E-1
1.388706437E1,-3.816357613E0,-5.382165432E0,-3.495534360E-1
1.388898698E1,-3.830722809E0,-5.425261021E0,-2.849099934E-1
1.389100114E1,-3.837905407E0,-5.470750809E0,-2.346317619E-1
1.389295426E1,-3.849876404E0,-5.489904404E0,-2.154781520E-1
1.389493790E1,-3.878606796E0,-5.518634796E0,-1.819593310E-1
1.389692155E1,-3.888183594E0,-5.542576790E0,-1.580173075E-1
1.389893571E1,-3.835511208E0,-5.544970989E0,-1.077390760E-1
1.390088883E1,-3.809175014E0,-5.542576790E0,-9.097966552E-2
1.390287248E1,-3.751713991E0,-5.532999992E0,-5.267243832E-2
1.390485612E1,-3.687070608E0,-5.521028996E0,-1.436521020E-2
1.390683976E1,-3.632004023E0,-5.513846397E0,1.915361360E-2
1.390879288E1,-3.610456228E0,-5.521028996E0,2.394201607E-2
1.391080704E1,-3.603273630E0,-5.535394192E0,2.394201607E-2
1.391272965E1,-3.572149038E0,-5.552153587E0,3.591302410E-2
1.391474381E1,-3.526659012E0,-5.566518784E0,7.661445439E-2
1.391669694E1,-3.471592426E0,-5.564124584E0,1.388636976E-1
1.391868058E1,-3.392583847E0,-5.556941986E0,1.939303428E-1
1.392066422E1,-3.315969467E0,-5.542576790E0,2.466027737E-1
1.392261735E1,-3.248931646E0,-5.530605793E0,2.944868207E-1
1.392460099E1,-3.177105665E0,-5.516240597E0,3.567360640E-1
1.392661515E1,-3.110068083E0,-5.506663799E0,4.118026793E-1
1.392856828E1,-3.064578056E0,-5.497087002E0,4.572925270E-1
1.393055192E1,-3.026270866E0,-5.497087002E0,4.979939461E-1
1.393253556E1,-2.973598480E0,-5.511452198E0,5.410895944E-1
1.393451920E1,-2.916137695E0,-5.523423195E0,5.793967843E-1
1.393644181E1,-2.849100113E0,-5.542576790E0,6.272808313E-1
1.393845597E1,-2.772485495E0,-5.566518784E0,6.847416759E-1
1.394040910E1,-2.686294317E0,-5.602431774E0,7.374141216E-1
1.394239274E1,-2.600103140E0,-5.645527840E0,7.805097699E-1
1.394437638E1,-2.506729126E0,-5.686229229E0,8.259995580E-1
1.394636002E1,-2.394201756E0,-5.724536419E0,9.026140571E-1
1.394828263E1,-2.272097349E0,-5.760449409E0,1.019929886E0
1.395029679E1,-2.130839586E0,-5.808333397E0,1.142034173E0
1.395228043E1,-2.006340981E0,-5.872976780E0,1.280897856E0
1.395426408E1,-1.915361404E0,-5.961562157E0,1.434126854E0
1.395621720E1,-1.841141105E0,-6.074089527E0,1.594538331E0
1.395820084E1,-1.762132406E0,-6.205770969E0,1.766920805E0
1.396018449E1,-1.678335428E0,-6.339846134E0,1.948880196E0
1.396219865E1,-1.604115129E0,-6.490680695E0,2.126051188E0
1.396415177E1,-1.553836942E0,-6.663063526E0,2.255337954E0
1.396616593E1,-1.525106430E0,-6.859387875E0,2.377442360E0
1.396811906E1,-1.508347034E0,-7.074865818E0,2.533065319E0
1.397010270E1,-1.453280449E0,-7.283161640E0,2.710236311E0
1.397208634E1,-1.357512355E0,-7.472303391E0,2.899378300E0
1.397406998E1,-1.247379065E0,-7.663839817E0,3.102885485E0
1.397599259E1,-1.156399369E0,-7.876923561E0,3.313575268E0
1.397800675E1,-1.070208192E0,-8.101978302E0,3.524264812E0
1.397995988E1,-9.672574997E-1,-8.327033043E0,3.737348795E0
1.398194352E1,-8.355764151E-1,-8.547300339E0,3.964797974E0
1.398392716E1,-6.991068721E-1,-8.772355080E0,4.225766182E0
1.398591081E1,-5.626373887E-1,-8.999804497E0,4.513070107E0
1.398783341E1,-4.237737060E-1,-9.232041359E0,4.809951305E0
1.398984757E1,-2.729389966E-1,-9.469067574E0,5.094861031E0
1.399180070E1,-9.097966552E-2,-9.706093788E0,5.346252441E0
1.399378434E1,1.149216816E-1,-9.935936928E0,5.568912983E0
1.399576798E1,3.256114423E-1,-1.015620327E1,5.781997204E0
1.399778214E1,5.458779931E-1,-1.037168217E1,5.992686749E0
1.399973527E1,7.493851185E-1,-1.059194851E1,6.193799973E0
1.400171891E1,9.217676520E-1,-1.081939793E1,6.411672115E0
1.400370255E1,1.060631394E0,-1.105642319E1,6.648698330E0
1.400568620E1,1.177947283E0,-1.131499767E1,6.880935669E0
1.400763932E1,1.266532660E0,-1.158075333E1,7.125144482E0
1.400965348E1,1.345541358E0,-1.184890461E1,7.378929615E0
1.401160660E1,1.441309452E0,-1.211944866E1,7.632715225E0
1.401359025E1,1.553836942E0,-1.238041687E1,7.891288757E0
1.401557389E1,1.647210717E0,-1.265814400E1,8.159439087E0
1.401755753E1,1.731007814E0,-1.292390060E1,8.406042099E0
1.401948014E1,1.841141105E0,-1.318726254E1,8.621520042E0
1.402149430E1,1.970427990E0,-1.343386555E1,8.803479195E0
1.402344743E1,2.094926596E0,-1.365892029E1,8.939949036E0
1.402543107E1,2.231395960E0,-1.385285091E1,9.035717010E0
1.402741471E1,2.387019157E0,-1.401805115E1,9.090784073E0
1.402939835E1,2.554613113E0,-1.414973164E1,9.119514465E0
1.403135148E1,2.707842112E0,-1.425028896E1,9.112331390E0
1.403336564E1,2.820369720E0,-1.432211494E1,9.083600998E0
1.403531876E1,2.892195702E0,-1.437239265E1,9.071630478E0
1.403730241E1,2.961627483E0,-1.437239265E1,9.088389397E0
1.403922501E1,3.019088268E0,-1.433408546E1,9.117119789E0
1.404123917E1,3.062183857E0,-1.427183628E1,9.150638580E0
1.404319230E1,3.076549292E0,-1.423592377E1,9.167398453E0
1.404517594E1,3.074155092E0,-1.409227085E1,9.227252960E0
1.404715958E1,3.069366693E0,-1.403481007E1,9.258378029E0
1.404914323E1,3.059789658E0,-1.389594650E1,9.342175484E0
1.405109635E1,3.028665066E0,-1.374271774E1,9.442731857E0
1.405311051E1,2.971204281E0,-1.357512379E1,9.543288231E0
1.405506364E1,2.896984100E0,-1.339076996E1,9.627084732E0
1.405704728E1,2.829946518E0,-1.318965721E1,9.710882187E0
1.405900040E1,2.750937700E0,-1.297178459E1,9.787496567E0
1.406101456E1,2.650381327E0,-1.272518158E1,9.830592155E0
1.406293717E1,2.513911724E0,-1.249533844E1,9.835380554E0
1.406495133E1,2.329558372E0,-1.228704357E1,9.789890289E0
1.406690446E1,2.099714994E0,-1.210508347E1,9.696516991E0
1.406888810E1,1.841141105E0,-1.194706631E1,9.538499832E0
1.407087174E1,1.584961534E0,-1.180102062E1,9.327810287E0
1.407285538E1,1.328781962E0,-1.167173290E1,9.074024200E0
1.407480851E1,1.072602391E0,-1.153765774E1,8.779537201E0
1.407679215E1,8.307880163E-1,-1.139400578E1,8.453926086E0
1.407877580E1,5.913678408E-1,-1.124556541E1,8.099584579E0
1.408075944E1,3.423708379E-1,-1.109233665E1,7.721300602E0
1.408271256E1,8.379705995E-2,-1.094629002E1,7.314286232E0
1.408472672E1,-2.082955539E-1,-1.082179165E1,6.878541470E0
1.408667985E1,-5.195417404E-1,-1.072123528E1,6.416460514E0
1.408866349E1,-8.547300100E-1,-1.063743782E1,5.937620163E0
1.409064713E1,-1.187524080E0,-1.056561184E1,5.470750809E0
1.409263078E1,-1.491587639E0,-1.049378586E1,5.030217648E0
1.409458390E1,-1.759738207E0,-1.043153667E1,4.637568474E0
1.409656754E1,-2.006340981E0,-1.038365269E1,4.285621166E0
1.409855119E1,-2.238578558E0,-1.035252857E1,3.969586372E0
1.410053483E1,-2.449268341E0,-1.031422138E1,3.691859007E0
1.410248795E1,-2.621650934E0,-1.027112484E1,3.464409828E0
1.410450211E1,-2.743755102E0,-1.023281765E1,3.287238836E0
1.410645524E1,-2.820369720E0,-1.019929886E1,3.155557871E0
1.410843888E1,-2.894589901E0,-1.018972206E1,3.038241863E0
1.411042252E1,-3.009511471E0,-1.022084713E1,2.901772499E0
1.411240617E1,-3.114856482E0,-1.026394272E1,2.741360903E0
1.411435929E1,-3.201047659E0,-1.031182671E1,2.547430515E0
1.411634293E1,-3.241749048E0,-1.035971069E1,2.288856745E0
1.411832658E1,-3.198653460E0,-1.039562416E1,1.994369984E0
1.412031022E1,-3.078943491E0,-1.041238308E1,1.692700624E0
1.412226334E1,-2.906560898E0,-1.041717148E1,1.391031146E0
1.412424699E1,-2.669534922E0,-1.040998936E1,1.113303781E0
1.412623063E1,-2.398990154E0,-1.041477776E1,8.619126081E-1
1.412824479E1,-2.142810583E0,-1.046745014E1,5.722141862E-1
1.413016740E1,-1.900996208E0,-1.056082344E1,1.987187415E-1
1.413218156E1,-1.661576033E0,-1.068532181E1,-1.939303428E-1
1.413416520E1,-1.448492050E0,-1.084094524E1,-5.267243981E-1
1.413614884E1,-1.261744261E0,-1.100614548E1,-8.068459630E-1
1.413807145E1,-1.041477680E0,-1.115697956E1,-1.048660398E0
1.414008561E1,-7.829039693E-1,-1.127908421E1,-1.333570361E0
1.414203873E1,-5.410895944E-1,-1.138921738E1,-1.709460020E0
1.414402238E1,-3.998316824E-1,-1.152568722E1,-2.176329374E0
1.414600602E1,-3.663128614E-1,-1.168130970E1,-2.707842112E0
1.414798966E1,-4.070142806E-1,-1.186087513E1,-3.227383852E0
1.414991227E1,-4.932055473E-1,-1.205959415E1,-3.617638826E0
1.415192643E1,-6.248866320E-1,-1.227267838E1,-3.876212597E0
1.415387956E1,-8.164227605E-1,-1.250012684E1,-4.070142746E0
1.415586320E1,-1.039083481E0,-1.270602798E1,-4.223371983E0
1.415781632E1,-1.256955862E0,-1.287362289E1,-4.340687752E0
1.415983048E1,-1.465251446E0,-1.302924538E1,-4.431667328E0
1.416178361E1,-1.671152830E0,-1.314656162E1,-4.501099110E0
1.416376725E1,-1.860294700E0,-1.322796440E1,-4.489128113E0
1.416575089E1,-2.054224968E0,-1.326866627E1,-4.395754337E0
1.416773454E1,-2.240972757E0,-1.328781986E1,-4.266467571E0
1.416968766E1,-2.398990154E0,-1.324472427E1,-4.053383350E0
1.417167130E1,-2.564189911E0,-1.311304283E1,-3.758896589E0
1.417365495E1,-2.760514498E0,-1.294544888E1,-3.366247654E0
1.417566910E1,-2.956839085E0,-1.276348972E1,-2.863465309E0
1.417762223E1,-3.107673883E0,-1.251688671E1,-2.298433542E0
1.417960587E1,-3.191470861E0,-1.222000504E1,-1.735796213E0
1.418155900E1,-3.241749048E0,-1.188481712E1,-1.149216771E0
1.418354264E1,-3.248931646E0,-1.153765774E1,-5.099649429E-1
1.418552628E1,-3.210624456E0,-1.120486355E1,1.532289088E-1
1.418754044E1,-3.107673883E0,-1.088164711E1,7.948749661E-1
1.418949357E1,-2.944868088E0,-1.055842972E1,1.374271750E0
1.419147721E1,-2.746149302E0,-1.025915432E1,1.841141105E0
1.419346085E1,-2.501940727E0,-9.983820915E0,2.140416384E0
1.419544450E1,-2.226607561E0,-9.734824181E0,2.248155355E0
1.419739762E1,-2.080561161E0,-9.615114212E0,2.226607561E0
1.419938126E1,-1.762132406E0,-9.373299599E0,2.027888775E0
1.420133439E1,-1.441309452E0,-9.143456459E0,1.668758631E0
1.420331803E1,-1.146822572E0,-8.949525833E0,1.259350061E0
1.420530167E1,-8.738836050E-1,-8.801085472E0,8.140285611E-1
1.420731583E1,-6.105214357E-1,-8.693346024E0,3.064578176E-1
1.420926896E1,-3.974374831E-1,-8.621520042E0,-2.274491638E-1
1.421125260E1,-2.777273953E-1,-8.580819130E0,-7.398083210E-1
1.421323624E1,-2.418143749E-1,-8.532935143E0,-1.235408068E0
1.421525040E1,-2.226607651E-1,-8.453926086E0,-1.695094824E0
1.421720353E1,-1.915361285E-1,-8.358158112E0,-2.061407566E0
1.421921769E1,-1.771709323E-1,-8.279149055E0,-2.336740971E0
1.422120133E1,-1.747767180E-1,-8.190564156E0,-2.559401512E0
1.422318498E1,-1.819593310E-1,-8.080430984E0,-2.731784105E0
1.422516862E1,-1.963245422E-1,-7.970297337E0,-2.822763920E0
1.422715226E1,-2.274491638E-1,-7.860164165E0,-2.834734917E0
1.422907487E1,-2.801215947E-1,-7.757213593E0,-2.794033289E0
1.423108903E1,-3.734954596E-1,-7.666234016E0,-2.722207308E0
1.423304215E1,-4.979939461E-1,-7.572859764E0,-2.638410330E0
1.423505631E1,-6.296750307E-1,-7.467514992E0,-2.554613113E0
1.423700944E1,-7.493851185E-1,-7.350199223E0,-2.497152328E0
1.423902360E1,-8.690952063E-1,-7.232883453E0,-2.473210335E0
1.424100724E1,-9.888052940E-1,-7.137115479E0,-2.482787132E0
1.424299088E1,-1.113303781E0,-7.072471619E0,-2.504334927E0
1.424497453E1,-1.228225470E0,-7.031770229E0,-2.528276920E0
1.424695817E1,-1.321599364E0,-7.003039837E0,-2.552218914E0
1.424888078E1,-1.367089152E0,-6.981492043E0,-2.626439333E0
1.425089494E1,-1.335964561E0,-6.988674641E0,-2.750937700E0
1.425284806E1,-1.343147159E0,-7.024587631E0,-2.846705914E0
1.425483170E1,-1.426944256E0,-7.096413612E0,-2.908955097E0
1.425678483E1,-1.558625340E0,-7.189787865E0,-2.954444885E0
1.425879899E1,-1.683123827E0,-7.307103634E0,-3.009511471E0
1.426072160E1,-1.757344007E0,-7.429207802E0,-3.074155092E0
1.426273576E1,-1.769315004E0,-7.565677166E0,-3.138798475E0
1.426471940E1,-1.704671621E0,-7.716512203E0,-3.201047659E0
1.426667252E1,-1.556231141E0,-7.898471355E0,-3.227383852E0
1.426865617E1,-1.393425345E0,-8.128314972E0,-3.167528868E0
1.427063981E1,-1.273715258E0,-8.377311707E0,-3.021482468E0
1.427259293E1,-1.134851575E0,-8.647856712E0,-2.875436306E0
1.427457658E1,-9.840168953E-1,-8.932766914E0,-2.753331900E0
1.427656022E1,-8.834604025E-1,-9.215282440E0,-2.619256735E0
1.427854386E1,-8.259995580E-1,-9.502586365E0,-2.473210335E0
1.428046647E1,-7.565677166E-1,-9.789890289E0,-2.372653961E0
1.428248063E1,-6.200982332E-1,-1.006282997E1,-2.303221941E0
1.428443375E1,-3.902548850E-1,-1.032379818E1,-2.229001760E0
1.428641740E1,-1.173158810E-1,-1.056321812E1,-2.123656988E0
1.428840104E1,1.819593310E-1,-1.078587818E1,-2.020706177E0
1.429038468E1,5.363011956E-1,-1.102290440E1,-1.946485996E0
1.429233781E1,8.858546019E-1,-1.126232433E1,-1.867477298E0
1.429432145E1,1.091755986E0,-1.146583176E1,-1.704671621E0
1.429630509E1,1.295263171E0,-1.162145519E1,-1.522712231E0
1.429828873E1,1.596932530E0,-1.174834728E1,-1.369483352E0
1.430024186E1,1.968033791E0,-1.186566353E1,-1.249773264E0
1.430225602E1,2.382230759E0,-1.195903778E1,-1.161187768E0
1.430420914E1,2.832340717E0,-1.201649857E1,-1.082179189E0
1.430619279E1,3.268085241E0,-1.204044056E1,-1.015141487E0
1.430817643E1,3.562572241E0,-1.204283428E1,-9.050082564E-1
1.431016007E1,3.766079187E0,-1.200931549E1,-7.589619160E-1
1.431211320E1,3.988739967E0,-1.193988419E1,-6.105214357E-1
1.431409684E1,4.237737179E0,-1.183453941E1,-4.692635238E-1
1.431601945E1,4.460397720E0,-1.169806957E1,-3.208230138E-1
1.431803361E1,4.635174274E0,-1.154484081E1,-1.675941199E-1
1.431995622E1,4.762067318E0,-1.138442898E1,-1.436521020E-2
1.432197038E1,4.836287498E0,-1.122641182E1,1.436520964E-1
1.432395402E1,4.915296078E0,-1.105881786E1,2.633621991E-1
1.432593766E1,5.032611847E0,-1.087925243E1,3.399766386E-1
1.432789079E1,5.147533417E0,-1.071165848E1,3.950432837E-1
1.432990495E1,5.154716492E0,-1.057040024E1,4.764461517E-1
1.433185807E1,5.044582844E0,-1.043393135E1,5.961562395E-1
1.433387223E1,4.886565685E0,-1.031661510E1,7.398083210E-1
1.433582536E1,4.735731125E0,-1.021605873E1,8.738836050E-1
1.433783952E1,4.611232281E0,-1.012029076E1,9.816226959E-1
1.433976212E1,4.515464306E0,-1.003170490E1,1.065419793E0
1.434177628E1,4.431667328E0,-9.950302124E0,1.122880578E0
1.434375993E1,4.335899353E0,-9.861717224E0,1.151610970E0
1.434574357E1,4.185064793E0,-9.761159897E0,1.132457376E0
1.434766618E1,3.957615376E0,-9.679757118E0,1.146822572E0
1.434968034E1,3.691859007E0,-9.639056206E0,1.228225470E0
1.435166398E1,3.397372246E0,-9.631873131E0,1.331176162E0
1.435364762E1,3.095702887E0,-9.634267807E0,1.412579060E0
1.435557023E1,2.808398485E0,-9.629479408E0,1.450886250E0
1.435758439E1,2.545036316E0,-9.629479408E0,1.462857246E0
1.435953751E1,2.422932148E0,-9.634267807E0,1.467645645E0
1.436152116E1,2.178723574E0,-9.658209801E0,1.470039845E0
1.436350480E1,1.898601890E0,-9.694122314E0,1.479616642E0
1.436548844E1,1.577778935E0,-9.739612579E0,1.503558636E0
1.436741105E1,1.237802267E0,-9.809044838E0,1.549048543E0
1.436942521E1,8.906430602E-1,-9.895236015E0,1.608903527E0
1.437137833E1,5.506663918E-1,-9.974244118E0,1.668758631E0
1.437336198E1,2.035071403E-1,-1.005325317E1,1.731007814E0
1.437531510E1,-1.412578970E-1,-1.013465595E1,1.805228114E0
1.437732926E1,-4.620809257E-1,-1.019929886E1,1.881842494E0
1.437928239E1,-7.038952708E-1,-1.025436592E1,1.920149803E0
1.438126603E1,-8.571242094E-1,-1.029746151E1,1.908178806E0
1.438324967E1,-9.720458984E-1,-1.032619190E1,1.869871497E0
1.438523331E1,-1.077390790E0,-1.034774017E1,1.843535304E0
1.438718644E1,-1.168370485E0,-1.033098030E1,1.788468719E0
1.438920060E1,-1.254561663E0,-1.027112484E1,1.695094824E0
1.439115372E1,-1.391031146E0,-1.019929886E1,1.596932530E0
1.439316788E1,-1.589749932E0,-1.012747288E1,1.527500629E0
1.439512101E1,-1.798045516E0,-1.005564690E1,1.458068848E0
1.439713517E1,-1.965639591E0,-9.983820915E0,1.379060149E0
1.439905778E1,-2.073378563E0,-9.921571732E0,1.302445769E0
1.440107194E1,-2.116474390E0,-9.859322548E0,1.235408068E0
1.440305558E1,-2.106897593E0,-9.797073364E0,1.156399369E0
1.440503922E1,-2.063801765E0,-9.722852707E0,1.043871999E0
1.440699235E1,-2.011129379E0,-9.648633003E0,9.169792533E-1
1.440900651E1,-1.970427990E0,-9.579200745E0,8.092401624E-1
1.441095963E1,-1.934514999E0,-9.509769440E0,7.445967197E-1
1.441297379E1,-1.877054095E0,-9.445125580E0,7.086837292E-1
1.441495744E1,-1.817199111E0,-9.380482674E0,6.679822803E-1
1.441694108E1,-1.747767210E0,-9.311050415E0,6.248866320E-1
1.441892472E1,-1.654393315E0,-9.241618156E0,5.793967843E-1
1.442093888E1,-1.546654344E0,-9.162610054E0,5.219359994E-1
1.442289201E1,-1.434126854E0,-9.076418877E0,4.453215301E-1
1.442487565E1,-1.316810966E0,-9.016563416E0,3.830722570E-1
1.442685929E1,-1.170764685E0,-8.963891029E0,3.495534360E-1
1.442884293E1,-9.935936928E-1,-8.923190117E0,3.447650373E-1
1.443079606E1,-8.068459630E-1,-8.872911453E0,3.423708379E-1
1.443281022E1,-6.224924326E-1,-8.813055992E0,3.423708379E-1
1.443479386E1,-4.429273009E-1,-8.757989883E0,3.184288144E-1
1.443680802E1,-2.537853718E-1,-8.710105896E0,2.537853718E-1
1.443876115E1,-7.182604820E-2,-8.690952301E0,1.795651317E-1
1.444077531E1,5.027823523E-2,-8.693346024E0,1.221042871E-1
1.444272843E1,7.182604820E-2,-8.717288017E0,8.140286058E-2
1.444471207E1,3.351882473E-2,-8.748413086E0,4.309562966E-2
1.444669572E1,1.915361360E-2,-8.789113998E0,-7.182605099E-3
1.444867936E1,6.224924326E-2,-8.858546257E0,-6.703764945E-2
1.445063248E1,1.412578970E-1,-8.937555313E0,-1.244984865E-1
1.445261613E1,2.274491638E-1,-9.004592896E0,-1.604115069E-1
1.445459977E1,3.280056417E-1,-9.062053680E0,-1.651999205E-1
1.445661393E1,4.381389022E-1,-9.112331390E0,-1.508347094E-1
1.445856706E1,5.722141862E-1,-9.172186852E0,-1.484405100E-1
1.446058122E1,6.991068721E-1,-9.255983353E0,-1.771709323E-1
1.446253434E1,7.924807668E-1,-9.354146004E0,-2.513911724E-1
1.446451798E1,8.092401624E-1,-9.428366661E0,-3.495534360E-1
1.446650163E1,7.829039693E-1,-9.500192642E0,-4.189853072E-1
1.446848527E1,7.757213712E-1,-9.576807022E0,-4.477157295E-1
1.447043839E1,7.948749661E-1,-9.622296333E0,-4.908113480E-1
1.447242204E1,8.355764151E-1,-9.629479408E0,-6.177040339E-1
1.447440568E1,8.882488012E-1,-9.600749016E0,-8.092401624E-1
1.447641984E1,9.121908545E-1,-9.555258751E0,-9.816226959E-1
1.447837296E1,9.121908545E-1,-9.516951561E0,-1.101332784E0
1.448038712E1,9.169792533E-1,-9.495404243E0,-1.180341482E0
1.448234025E1,9.241618514E-1,-9.490615845E0,-1.199495077E0
1.448432389E1,9.337386489E-1,-9.493009567E0,-1.170764685E0
1.448630753E1,9.720458984E-1,-9.504981041E0,-1.120486379E0
1.448829118E1,1.012747288E0,-9.504981041E0,-1.067813993E0
1.449024430E1,1.046266198E0,-9.500192642E0,-1.029506683E0
1.449222794E1,1.058237195E0,-9.497797966E0,-9.911994934E-1
1.449421159E1,1.034295082E0,-9.466673851E0,-9.457096457E-1
1.449619523E1,1.015141487E0,-9.425971985E0,-9.169792533E-1
1.449814835E1,9.959878922E-1,-9.392453194E0,-9.097966552E-1
1.450016251E1,9.624691010E-1,-9.354146004E0,-9.026140571E-1
1.450211564E1,9.552865028E-1,-9.323021889E0,-8.810662031E-1
1.450409928E1,9.864110947E-1,-9.306262016E0,-8.619126081E-1
1.450608292E1,1.039083481E0,-9.294290543E0,-8.714894056E-1
1.450806657E1,1.096544385E0,-9.272743225E0,-9.074024558E-1
1.451001969E1,1.158793569E0,-9.244012833E0,-9.552865028E-1
1.451203385E1,1.209071875E0,-9.217676163E0,-9.720458984E-1
1.451398698E1,1.271321058E0,-9.179368973E0,-9.600749016E-1
1.451597062E1,1.343147159E0,-9.133879662E0,-9.600749016E-1
1.451792374E1,1.405396342E0,-9.095572472E0,-9.888052940E-1
1.451990739E1,1.474828243E0,-9.057265282E0,-1.034295082E0
1.452189103E1,1.549048543E0,-9.030928612E0,-1.079784989E0
1.452390519E1,1.616086125E0,-9.004592896E0,-1.130063176E0
1.452585831E1,1.671152830E0,-8.987833023E0,-1.173158884E0
1.452784196E1,1.719036818E0,-8.971074104E0,-1.216254473E0
1.452982560E1,1.759738207E0,-8.959102631E0,-1.247379065E0
1.453183976E1,1.800439715E0,-8.944737434E0,-1.271321058E0
1.453379288E1,1.845929503E0,-8.927978516E0,-1.276109457E0
1.453577653E1,1.891419291E0,-8.911218643E0,-1.259350061E0
1.453772965E1,1.941697598E0,-8.911218643E0,-1.247379065E0
1.453974381E1,1.975216389E0,-8.913613319E0,-1.235408068E0
1.454169694E1,1.996764183E0,-8.923190117E0,-1.244984865E0
1.454371110E1,1.999158382E0,-8.935160637E0,-1.271321058E0
1.454569474E1,1.987187386E0,-8.949525833E0,-1.295263171E0
1.454767838E1,1.953668594E0,-8.959102631E0,-1.316810966E0
1.454960099E1,1.905784607E0,-8.983044624E0,-1.328781962E0
1.455161515E1,1.857900500E0,-9.004592896E0,-1.343147159E0
1.455359879E1,1.805228114E0,-9.009381294E0,-1.383848548E0
1.455561295E1,1.757344007E0,-8.999804497E0,-1.431732655E0
1.455756608E1,1.687912226E0,-8.966285706E0,-1.453280449E0
1.455958024E1,1.592144132E0,-8.956708908E0,-1.458068848E0
1.456153336E1,1.489193439E0,-8.971074104E0,-1.448492050E0
1.456348649E1,1.443703651E0,-8.975862503E0,-1.431732655E0
1.456547013E1,1.362300754E0,-8.973467827E0,-1.376665950E0
1.456745377E1,1.295263171E0,-8.971074104E0,-1.288080573E0
1.456940690E1,1.218648672E0,-8.997409821E0,-1.201889277E0
1.457139054E1,1.144428372E0,-9.016563416E0,-1.139639974E0
1.457337418E1,1.070208192E0,-9.035717010E0,-1.082179189E0
1.457535783E1,9.888052940E-1,-9.081207275E0,-1.012747288E0
1.457731095E1,9.050082564E-1,-9.136273384E0,-9.385270476E-1
1.457932511E1,8.212111592E-1,-9.172186852E0,-8.690952063E-1
1.458127824E1,7.565677166E-1,-9.203310966E0,-8.116343617E-1
1.458326188E1,7.062895298E-1,-9.248801231E0,-7.685387731E-1
1.458524552E1,6.392518282E-1,-9.282320023E0,-7.469909191E-1
1.458722916E1,5.554547906E-1,-9.323021889E0,-7.350199223E-1
1.458915177E1,4.716577232E-1,-9.375694275E0,-7.206547260E-1
1.459116593E1,4.022258818E-1,-9.423578262E0,-7.110779285E-1
1.459314957E1,3.543418646E-1,-9.473855972E0,-7.015010715E-1
1.459513322E1,3.016694188E-1,-9.531316757E0,-6.919242740E-1
1.459711686E1,2.370259613E-1,-9.600749016E0,-6.703764796E-1
1.459913102E1,1.675941199E-1,-9.660603523E0,-6.440402865E-1
1.460108414E1,9.816227108E-2,-9.713275909E0,-6.224924326E-1
1.460306779E1,2.873042040E-2,-9.768342972E0,-6.224924326E-1
1.460505143E1,-4.309562966E-2,-9.813833237E0,-6.224924326E-1
1.460703507E1,-1.101332754E-1,-9.844957352E0,-6.272808313E-1
1.460898820E1,-1.795651317E-1,-9.873687744E0,-6.368576288E-1
1.461097184E1,-2.561795712E-1,-9.900024414E0,-6.392518282E-1
1.461289445E1,-3.423708379E-1,-9.928754807E0,-6.392518282E-1
1.461490861E1,-4.357447028E-1,-9.959878922E0,-6.392518282E-1
1.461686173E1,-5.171475410E-1,-9.981427193E0,-6.368576288E-1
1.461884538E1,-6.129156351E-1,-9.993397713E0,-6.368576288E-1
1.462082902E1,-7.134721279E-1,-1.000058079E1,-6.392518282E-1
1.462284318E1,-8.188169599E-1,-1.000536919E1,-6.392518282E-1
1.462479630E1,-9.241618514E-1,-9.986215591E0,-6.368576288E-1
1.462677995E1,-1.041477680E0,-9.962273598E0,-6.344634295E-1
1.462873307E1,-1.165976286E0,-9.945513725E0,-6.224924326E-1
1.463074723E1,-1.276109457E0,-9.911994934E0,-6.057330370E-1
1.463270036E1,-1.364694953E0,-9.880870819E0,-5.937620401E-1
1.463468400E1,-1.443703651E0,-9.849745750E0,-5.817909837E-1
1.463666764E1,-1.520318031E0,-9.825803757E0,-5.578489900E-1
1.463865128E1,-1.587355733E0,-9.804255486E0,-5.339069963E-1
1.464060441E1,-1.644816518E0,-9.780313492E0,-5.099649429E-1
1.464261857E1,-1.692700624E0,-9.753977776E0,-4.908113480E-1
1.464457169E1,-1.750161409E0,-9.732429504E0,-4.788403511E-1
1.464655534E1,-1.817199111E0,-9.694122314E0,-4.979939461E-1
1.464850846E1,-1.886630893E0,-9.648633003E0,-5.458779931E-1
1.465052262E1,-1.944091797E0,-9.603142738E0,-5.913678408E-1
1.465247575E1,-1.965639591E0,-9.572018623E0,-6.272808313E-1
1.465445939E1,-1.946485996E0,-9.557653427E0,-6.416460276E-1
1.465644303E1,-1.917755604E0,-9.562441826E0,-6.464344859E-1
1.465842667E1,-1.874659896E0,-9.572018623E0,-6.703764796E-1
1.466037980E1,-1.819593310E0,-9.588777542E0,-6.991068721E-1
1.466239396E1,-1.771709204E0,-9.600749016E0,-7.206547260E-1
1.466434708E1,-1.740584612E0,-9.600749016E0,-7.493851185E-1
1.466633073E1,-1.711854219E0,-9.588777542E0,-7.733271718E-1
1.466831437E1,-1.663970232E0,-9.576807022E0,-7.852981687E-1
1.467032853E1,-1.611297727E0,-9.579200745E0,-8.020575643E-1
1.467228165E1,-1.549048543E0,-9.581595421E0,-8.140285611E-1
1.467426530E1,-1.470039845E0,-9.581595421E0,-8.259995580E-1
1.467624894E1,-1.381454349E0,-9.586383820E0,-8.547300100E-1
1.467823258E1,-1.290474772E0,-9.588777542E0,-8.738836050E-1
1.468018571E1,-1.185129881E0,-9.598354340E0,-8.858546019E-1
1.468219987E1,-1.063025594E0,-9.617507935E0,-9.026140571E-1
1.468415299E1,-9.385270476E-1,-9.641449928E0,-9.337386489E-1
1.468613664E1,-8.020575643E-1,-9.667786598E0,-9.720458984E-1
1.468808976E1,-6.655880809E-1,-9.684545517E0,-1.019929886E0
1.469010392E1,-5.386953950E-1,-9.722852707E0,-1.058237195E0
1.469205704E1,-4.165911078E-1,-9.770736694E0,-1.082179189E0
1.469404069E1,-3.016694188E-1,-9.835380554E0,-1.082179189E0
1.469602433E1,-1.891419291E-1,-9.907206535E0,-1.079784989E0
1.469800797E1,-7.900865376E-2,-9.988609314E0,-1.082179189E0
1.469996110E1,3.112462163E-2,-1.007719517E1,-1.089361787E0
1.470197526E1,1.364694983E-1,-1.018014526E1,-1.086967587E0
1.470392838E1,2.154781520E-1,-1.027112484E1,-1.079784989E0
1.470591203E1,2.873041928E-1,-1.035492229E1,-1.084573388E0
1.470789567E1,3.495534360E-1,-1.043632507E1,-1.101332784E0
1.470990983E1,3.878606856E-1,-1.051293945E1,-1.118092179E0
1.471189347E1,4.213795066E-1,-1.057758331E1,-1.113303781E0
1.471387711E1,4.501099288E-1,-1.063743782E1,-1.096544385E0
1.471586076E1,4.668693244E-1,-1.069729328E1,-1.072602391E0
1.471787492E1,4.812345505E-1,-1.075714779E1,-1.048660398E0
1.471982804E1,4.788403511E-1,-1.080982113E1,-1.024718285E0
1.472181168E1,4.812345505E-1,-1.084333992E1,-9.864110947E-1
1.472373429E1,4.692635238E-1,-1.087207031E1,-9.121908545E-1
1.472574845E1,4.381389022E-1,-1.089601231E1,-8.259995580E-1
1.472770158E1,4.022258818E-1,-1.091277122E1,-7.182605267E-1
1.472971574E1,3.567360640E-1,-1.094150162E1,-5.961562395E-1
1.473166886E1,2.896983922E-1,-1.098938560E1,-4.620809257E-1
1.473368302E1,2.250549644E-1,-1.103487587E1,-3.112462163E-1
1.473563615E1,1.939303428E-1,-1.105881786E1,-2.298433632E-1
1.473761979E1,9.816227108E-2,-1.113303757E1,2.394201607E-2
1.473960343E1,6.464344263E-2,-1.115697956E1,1.005564705E-1
1.474158707E1,2.154781483E-2,-1.121204662E1,2.370259613E-1
1.474357072E1,1.197100803E-2,-1.126232433E1,3.543418646E-1
1.474555436E1,3.112462163E-2,-1.130781460E1,4.333505034E-1
1.474753800E1,8.140286058E-2,-1.134133339E1,4.740519226E-1
1.474952164E1,1.532289088E-1,-1.135809326E1,4.740519226E-1
1.475144425E1,2.609679997E-1,-1.136767006E1,4.309563041E-1
1.475345841E1,3.854664862E-1,-1.136288166E1,3.495534360E-1
1.475541154E1,5.195417404E-1,-1.135569859E1,2.418143749E-1
1.475739518E1,6.560112834E-1,-1.135330486E1,1.029506698E-1
1.475937882E1,7.852981687E-1,-1.136288166E1,-5.267243832E-2
1.476139298E1,9.121908545E-1,-1.137964058E1,-2.178723514E-1
1.476334611E1,1.031900883E0,-1.140837097E1,-3.830722570E-1
1.476532975E1,1.142034173E0,-1.144907284E1,-5.554547906E-1
1.476731339E1,1.247379065E0,-1.148977375E1,-7.398083210E-1
1.476929704E1,1.347935557E0,-1.154723454E1,-9.074024558E-1
1.477121964E1,1.450886250E0,-1.161187840E1,-1.043871999E0
1.477323380E1,1.556231141E0,-1.168609810E1,-1.156399369E0
1.477518693E1,1.668758631E0,-1.177229023E1,-1.242590666E0
1.477717057E1,1.781286120E0,-1.186566353E1,-1.314416766E0
1.477915421E1,1.889025092E0,-1.196382618E1,-1.350329757E0
1.478113786E1,1.999158382E0,-1.206917095E1,-1.340752959E0
1.478306046E1,2.104503393E0,-1.218888092E1,-1.292868972E0
1.478507462E1,2.193088770E0,-1.231337929E1,-1.221042871E0
1.478702775E1,2.255337954E0,-1.244745445E1,-1.137245774E0
1.478901139E1,2.284068346E0,-1.257674122E1,-1.063025594E0
1.479096452E1,2.274491549E0,-1.272039318E1,-9.648633003E-1
1.479297868E1,2.255337954E0,-1.288080502E1,-8.355764151E-1
1.479496232E1,2.236184359E0,-1.305079365E1,-7.086837292E-1
1.479694596E1,2.209848166E0,-1.321359921E1,-5.770025849E-1
1.479892960E1,2.176329374E0,-1.336682796E1,-4.261679053E-1
1.480091325E1,2.133233786E0,-1.349850941E1,-2.466027737E-1
1.480286637E1,2.080561161E0,-1.360145950E1,-7.182604820E-2
1.480488053E1,2.020706177E0,-1.369243908E1,1.053448766E-1
1.480683366E1,1.960851192E0,-1.376905441E1,2.801215947E-1
1.480881730E1,1.900996208E0,-1.381215000E1,4.357447028E-1
1.481073991E1,1.848323703E0,-1.383848572E1,5.961562395E-1
1.481275407E1,1.802833915E0,-1.385285091E1,7.637503147E-1
1.481470719E1,1.752555609E0,-1.385763931E1,9.313444495E-1
1.481669083E1,1.697489023E0,-1.387200451E1,1.108515382E0
1.481867448E1,1.644816518E0,-1.389355278E1,1.276109457E0
1.482065812E1,1.594538331E0,-1.391988850E1,1.441309452E0
1.482261124E1,1.549048543E0,-1.395340729E1,1.608903527E0
1.482459489E1,1.501164436E0,-1.397974396E1,1.762132406E0
1.482654801E1,1.455674648E0,-1.400607967E1,1.881842494E0
1.482856217E1,1.403002143E0,-1.403959846E1,1.958456993E0
1.483051530E1,1.345541358E0,-1.406593513E1,2.003946781E0
1.483249894E1,1.283292055E0,-1.409466553E1,2.003946781E0
1.483445206E1,1.209071875E0,-1.411142445E1,1.972822189E0
1.483646622E1,1.134851575E0,-1.412578964E1,1.920149803E0
1.483841935E1,1.048660398E0,-1.412100124E1,1.841141105E0
1.484043351E1,9.433154464E-1,-1.409466553E1,1.738190413E0
1.484238664E1,8.259995580E-1,-1.407072353E1,1.640028119E0
1.484437028E1,6.871358752E-1,-1.406832886E1,1.546654344E0
1.484635392E1,5.219359994E-1,-1.407790565E1,1.474828243E0
1.484836808E1,3.399766386E-1,-1.407551193E1,1.429338455E0
1.485032120E1,1.436520964E-1,-1.406593513E1,1.403002143E0
1.485230485E1,-6.464344263E-2,-1.405156994E1,1.400607944E0
1.485425797E1,-2.825157940E-1,-1.400607967E1,1.434126854E0
1.485624162E1,-5.003881454E-1,-1.392946529E1,1.498770237E0
1.485822526E1,-7.230489254E-1,-1.382412052E1,1.592144132E0
1.486020890E1,-9.361328483E-1,-1.370201588E1,1.731007814E0
1.486216203E1,-1.146822572E0,-1.356315231E1,1.903390408E0
1.486417619E1,-1.350329757E0,-1.340752983E1,2.104503393E0
1.486612931E1,-1.546654344E0,-1.324711800E1,2.322375536E0
1.486811295E1,-1.742978811E0,-1.308191776E1,2.542642117E0
1.487006608E1,-1.936909199E0,-1.289995861E1,2.753331900E0
1.487208024E1,-2.128445387E0,-1.271321106E1,2.973598480E0
1.487403336E1,-2.315192938E0,-1.251688671E1,3.186682463E0
1.487601701E1,-2.489969730E0,-1.229901409E1,3.399766445E0
1.487800065E1,-2.640804529E0,-1.207395935E1,3.617638826E0
1.487998429E1,-2.772485495E0,-1.185608673E1,3.811569214E0
1.488193742E1,-2.885013103E0,-1.164539719E1,3.960009575E0
1.488395158E1,-2.961627483E0,-1.143710136E1,4.065354347E0
1.488590470E1,-3.016694069E0,-1.123838234E1,4.127603531E0
1.488788834E1,-3.076549292E0,-1.105163479E1,4.127603531E0
1.488981095E1,-3.105279684E0,-1.095826149E1,4.110844135E0
1.489182511E1,-3.143586874E0,-1.076433086E1,4.067748547E0
1.489377824E1,-3.153163671E0,-1.058237171E1,4.031835556E0
1.489576188E1,-3.143586874E0,-1.040998936E1,3.995922565E0
1.489774552E1,-3.122039080E0,-1.024000072E1,3.940855980E0
1.489972916E1,-3.107673883E0,-1.007480049E1,3.864241600E0
1.490168229E1,-3.114856482E0,-9.926360130E0,3.758896589E0
1.490369645E1,-3.124433279E0,-9.770736694E0,3.620033026E0
1.490561906E1,-3.122039080E0,-9.622296333E0,3.471592426E0
1.490763322E1,-3.100491285E0,-9.483432770E0,3.327940464E0
1.490958634E1,-3.062183857E0,-9.363722801E0,3.198653460E0
1.491156998E1,-2.990357876E0,-9.260771751E0,3.095702887E0
1.491355363E1,-2.896984100E0,-9.165003777E0,3.002328873E0
1.491553727E1,-2.815581083E0,-9.085995674E0,2.887407303E0
1.491749039E1,-2.767697096E0,-9.028534889E0,2.734178305E0
1.491950456E1,-2.736572504E0,-8.975862503E0,2.540247917E0
1.492145768E1,-2.686294317E0,-8.932766914E0,2.310404539E0
1.492347184E1,-2.600103140E0,-8.911218643E0,2.085349798E0
1.492539445E1,-2.499546528E0,-8.906430244E0,1.867477298E0
1.492740861E1,-2.382230759E0,-8.916007042E0,1.654393315E0
1.492936173E1,-2.243366957E0,-8.930372238E0,1.398213744E0
1.493134538E1,-2.094926596E0,-8.959102631E0,1.072602391E0
1.493332902E1,-1.932120800E0,-9.002198219E0,6.967126727E-1
1.493531266E1,-1.735796213E0,-9.047688484E0,2.944868207E-1
1.493723527E1,-1.510741234E0,-9.100360870E0,-1.053448766E-1
1.493924943E1,-1.268926859E0,-9.179368973E0,-4.932055473E-1
1.494123307E1,-1.034295082E0,-9.275136948E0,-8.619126081E-1
1.494321671E1,-8.212111592E-1,-9.382876396E0,-1.216254473E0
1.494516984E1,-6.200982332E-1,-9.497797966E0,-1.549048543E0
1.494715348E1,-4.453215301E-1,-9.627084732E0,-1.865083098E0
1.494913712E1,-3.064578176E-1,-9.761159897E0,-2.145204782E0
1.495109025E1,-2.035071403E-1,-9.902418137E0,-2.379836559E0
1.495307389E1,-1.197100878E-1,-1.003170490E1,-2.578555346E0
1.495508805E1,-4.309562966E-2,-1.016338634E1,-2.767697096E0
1.495704118E1,3.112462163E-2,-1.030224991E1,-2.947262287E0
1.495899430E1,9.816227108E-2,-1.042435455E1,-3.088520288E0
1.496097794E1,1.604115069E-1,-1.051293945E1,-3.191470861E0
1.496296159E1,2.106897533E-1,-1.057997704E1,-3.275267839E0
1.496488419E1,2.442085743E-1,-1.062067890E1,-3.318363667E0
1.496689835E1,2.825157940E-1,-1.063983250E1,-3.327940464E0
1.496888200E1,3.064578176E-1,-1.063983250E1,-3.359065056E0
1.497086564E1,2.825157940E-1,-1.063504410E1,-3.454833031E0
1.497284928E1,2.753331959E-1,-1.063504410E1,-3.572149038E0
1.497483292E1,3.232172430E-1,-1.062307262E1,-3.610456228E0
1.497675553E1,4.070142806E-1,-1.059194851E1,-3.507505417E0
1.497876969E1,4.788403511E-1,-1.055364132E1,-3.318363667E0
1.498072282E1,5.339069963E-1,-1.051772785E1,-3.119644880E0
1.498270646E1,5.770025849E-1,-1.046745014E1,-2.964021683E0
1.498469010E1,6.607996821E-1,-1.038365269E1,-2.841917515E0
1.498670426E1,8.212111592E-1,-1.027591324E1,-2.703053713E0
1.498865739E1,1.113303781E0,-1.013704967E1,-2.571372509E0
1.499064103E1,1.472434044E0,-9.993397713E0,-2.430114746E0
1.499262467E1,1.721431017E0,-9.883264542E0,-2.264914751E0
1.499460831E1,1.910573006E0,-9.816226959E0,-2.140416384E0
1.499653092E1,1.972822189E0,-9.773131371E0,-2.051830769E0
1.499854508E1,1.941697598E0,-9.761159897E0,-1.980004787E0
1.500049821E1,1.905784607E0,-9.775525093E0,-1.948880196E0
1.500248185E1,1.886630893E0,-9.785101891E0,-1.958456993E0
1.500446549E1,1.831564307E0,-9.787496567E0,-1.891419291E0
1.500647965E1,1.651999116E0,-9.789890289E0,-1.675941229E0
1.500846330E1,1.503558636E0,-9.782708168E0,-1.441309452E0
1.501044694E1,1.527500629E0,-9.799467087E0,-1.359906554E0
1.501243058E1,1.580173135E0,-9.825803757E0,-1.450886250E0
1.501444474E1,1.539471745E0,-9.818621635E0,-1.575384736E0
1.501639786E1,1.438915253E0,-9.782708168E0,-1.604115129E0
1.501838151E1,1.388636947E0,-9.744400978E0,-1.520318031E0
1.502033463E1,1.431732655E0,-9.722852707E0,-1.350329757E0
1.502234879E1,1.534683347E0,-9.710882187E0,-1.108515382E0
1.502433244E1,1.572990537E0,-9.696516991E0,-7.996633649E-1
1.502631608E1,1.515529633E0,-9.689333916E0,-4.381389022E-1
1.502823869E1,1.434126854E0,-9.718064308E0,-1.173158810E-1
1.503025285E1,1.333570361E0,-9.773131371E0,9.337386489E-2
1.503220597E1,1.235408068E0,-9.835380554E0,1.628057212E-1
1.503418961E1,1.177947283E0,-9.902418137E0,1.101332754E-1
1.503617326E1,1.156399369E0,-9.971850395E0,-3.591302410E-2
1.503815690E1,1.197100878E0,-1.004367638E1,-2.537853718E-1
1.504011002E1,1.264138460E0,-1.013944435E1,-4.788403511E-1
1.504212418E1,1.316810966E0,-1.024718285E1,-6.607996821E-1
1.504407731E1,1.343147159E0,-1.035731697E1,-8.140285611E-1
1.504609147E1,1.347935557E0,-1.046026707E1,-9.672574997E-1
1.504804459E1,1.312022567E0,-1.054885292E1,-1.098938584E0
1.505005875E1,1.201889277E0,-1.062786102E1,-1.110909581E0
1.505198136E1,1.108515382E0,-1.066856289E1,-1.058237195E0
1.505399552E1,6.895300746E-1,-1.083615685E1,-7.493851185E-1
1.505594865E1,5.339069963E-1,-1.089601231E1,-6.368576288E-1
1.505790177E1,3.351882398E-1,-1.090319443E1,-4.764461517E-1
1.505988541E1,3.256114423E-1,-1.075714779E1,-4.405331016E-1
1.506186906E1,3.016694188E-1,-1.064940929E1,-4.309563041E-1
1.506382218E1,1.556231081E-1,-1.065659142E1,-3.950432837E-1
1.506580582E1,-7.422025502E-2,-1.074517727E1,-2.777273953E-1
1.506778947E1,-2.801215947E-1,-1.084094524E1,-1.221042871E-1
1.506977311E1,-4.501099288E-1,-1.088164711E1,-9.576806799E-3
1.507172623E1,-6.009446383E-1,-1.087207031E1,3.830722719E-2
1.507374039E1,-7.900865674E-1,-1.083376312E1,8.140286058E-2
1.507569352E1,-1.137245774E0,-1.079306126E1,1.149216816E-1
1.507767716E1,-1.491587639E0,-1.073799419E1,2.777273953E-1
1.507966081E1,-1.520318031E0,-1.062786102E1,6.464344859E-1
1.508164445E1,-1.393425345E0,-1.055842972E1,9.145850539E-1
1.508359757E1,-1.364694953E0,-1.056082344E1,1.036689281E0
1.508558122E1,-1.489193439E0,-1.058237171E1,1.055842996E0
1.508756486E1,-1.642422318E0,-1.057279491E1,9.935936928E-1
1.508954850E1,-1.759738207E0,-1.052491093E1,9.169792533E-1
1.509150163E1,-1.819593310E0,-1.045308495E1,8.690952063E-1
1.509351579E1,-1.853112102E0,-1.038125896E1,8.523358107E-1
1.509546891E1,-1.893813491E0,-1.030224991E1,8.451532125E-1
1.509742204E1,-1.898601890E0,-1.019690514E1,8.044517636E-1
1.509940568E1,-1.843535304E0,-1.007480049E1,7.326257229E-1
1.510138932E1,-1.747767210E0,-9.916783333E0,6.631938815E-1
1.510334245E1,-1.659181833E0,-9.746794701E0,5.674257874E-1
1.510532609E1,-1.613691926E0,-9.591172218E0,4.477157295E-1
1.510730973E1,-1.565807939E0,-9.493009567E0,3.256114423E-1
1.510929337E1,-1.510741234E0,-9.425971985E0,2.274491638E-1
1.511124650E1,-1.472434044E0,-9.356540680E0,1.604115069E-1
1.511326066E1,-1.431732655E0,-9.287108421E0,1.197100878E-1
1.511521378E1,-1.393425345E0,-9.232041359E0,1.053448766E-1
1.511719743E1,-1.362300754E0,-9.186552048E0,1.173158810E-1
1.511912003E1,-1.350329757E0,-9.138668060E0,1.388636976E-1
1.512113419E1,-1.393425345E0,-9.093177795E0,1.651999205E-1
1.512308732E1,-1.453280449E0,-9.074024200E0,2.298433632E-1
1.512507096E1,-1.496376038E0,-9.057265282E0,3.064578176E-1
1.512699357E1,-1.503558636E0,-9.006986618E0,3.519476354E-1
1.512900773E1,-1.429338455E0,-8.927978516E0,3.543418646E-1
1.513096085E1,-1.271321058E0,-8.851364136E0,3.351882398E-1
1.513294450E1,-1.051054597E0,-8.769960403E0,3.040636182E-1
1.513492814E1,-8.283938169E-1,-8.690952301E0,3.088520169E-1
1.513691178E1,-6.320692301E-1,-8.623914719E0,3.830722570E-1
1.513886491E1,-4.668693244E-1,-8.583212852E0,4.548983276E-1
1.514084855E1,-3.711012602E-1,-8.576030731E0,4.932055473E-1
1.514283219E1,-3.064578176E-1,-8.580819130E0,5.410895944E-1
1.514481583E1,-2.585737705E-1,-8.621520042E0,5.913678408E-1
1.514673844E1,-2.059013397E-1,-8.667010307E0,6.392518282E-1
1.514875260E1,-1.460463107E-1,-8.724471092E0,6.823474765E-1
1.515070573E1,-9.816227108E-2,-8.791508675E0,7.445967197E-1
1.515268937E1,-8.379705995E-2,-8.904036522E0,8.595184088E-1
1.515467301E1,-7.661445439E-2,-9.028534889E0,9.935936928E-1
1.515665665E1,-5.267243832E-2,-9.109937668E0,1.079784989E0
1.515860978E1,-1.915361360E-2,-9.143456459E0,1.094150186E0
1.516062394E1,-1.197100803E-2,-9.176975250E0,1.067813993E0
1.516257706E1,-2.873042040E-2,-9.215282440E0,1.036689281E0
1.516456071E1,-9.576806799E-3,-9.232041359E0,9.768342972E-1
1.516648331E1,4.070143029E-2,-9.239224434E0,9.026140571E-1
1.516849748E1,1.053448766E-1,-9.234436035E0,8.236053586E-1
1.517045060E1,1.699883193E-1,-9.186552048E0,7.661445141E-1
1.517243424E1,2.681505978E-1,-9.081207275E0,7.206547260E-1
1.517441788E1,3.519476354E-1,-8.975862503E0,6.991068721E-1
1.517640153E1,4.022258818E-1,-8.882488251E0,7.445967197E-1
1.517835465E1,4.501099288E-1,-8.789113998E0,8.212111592E-1
1.518036881E1,5.027823448E-1,-8.671798706E0,8.714894056E-1
1.518232194E1,5.075707436E-1,-8.611943245E0,8.930372596E-1
1.518433610E1,4.357447028E-1,-8.418013573E0,1.012747288E0
1.518628922E1,4.070142806E-1,-8.343792915E0,1.055842996E0
1.518830338E1,3.495534360E-1,-8.090007782E0,1.120486379E0
1.519022599E1,3.208230138E-1,-8.008605003E0,1.122880578E0
1.519224015E1,2.346317619E-1,-7.867346764E0,1.113303781E0
1.519422379E1,1.364694983E-1,-7.750030994E0,1.096544385E0
1.519620744E1,5.746084079E-2,-7.627926826E0,1.082179189E0
1.519816056E1,-2.394201700E-3,-7.481880188E0,1.029506683E0
1.520017472E1,-7.661445439E-2,-7.338228226E0,9.433154464E-1
1.520209733E1,-1.723825186E-1,-7.232883453E0,8.379706144E-1
1.520411149E1,-2.825157940E-1,-7.134721279E0,7.230489254E-1
1.520609513E1,-3.758896589E-1,-7.005434036E0,6.224924326E-1
1.520807877E1,-4.548983276E-1,-6.854599476E0,5.434837937E-1
1.521006242E1,-5.339069963E-1,-6.715735912E0,4.620809257E-1
1.521207658E1,-6.368576288E-1,-6.612784863E0,3.998316824E-1
1.521402970E1,-7.661445141E-1,-6.548141479E0,3.519476354E-1
1.521601334E1,-8.690952063E-1,-6.476315498E0,2.992752194E-1
1.521799699E1,-9.433154464E-1,-6.382941723E0,2.537853718E-1
1.521998063E1,-9.959878922E-1,-6.287173748E0,2.059013397E-1
1.522193375E1,-1.053448796E0,-6.212953568E0,1.580173075E-1
1.522391740E1,-1.118092179E0,-6.162675381E0,1.125274822E-1
1.522587052E1,-1.199495077E0,-6.126761913E0,8.619125932E-2
1.522788468E1,-1.292868972E0,-6.066906929E0,8.619125932E-2
1.522983781E1,-1.369483352E0,-5.975927353E0,6.943184882E-2
1.523185197E1,-1.436521053E0,-5.887341976E0,4.070143029E-2
1.523380509E1,-1.513135433E0,-5.820304394E0,-2.394201700E-3
1.523578873E1,-1.611297727E0,-5.786785603E0,-4.309562966E-2
1.523777238E1,-1.726219416E0,-5.791574001E0,-5.027823523E-2
1.523975602E1,-1.826775908E0,-5.781997204E0,-3.830722719E-2
1.524167863E1,-1.936909199E0,-5.774814606E0,-2.633621916E-2
1.524369279E1,-2.044648170E0,-5.774814606E0,-1.915361360E-2
1.524567643E1,-2.118868589E0,-5.758055210E0,-1.915361360E-2
1.524766007E1,-2.190694571E0,-5.750872612E0,-1.915361360E-2
1.524964372E1,-2.293645144E0,-5.786785603E0,-7.182605099E-3
1.525165788E1,-2.387019157E0,-5.841852188E0,1.197100803E-2
1.525361100E1,-2.432508945E0,-5.870582581E0,3.112462163E-2
1.525559464E1,-2.437297344E0,-5.863399982E0,4.788403213E-2
1.525754777E1,-2.442085743E0,-5.851428986E0,5.267243832E-2
1.525953141E1,-2.470816135E0,-5.861005783E0,8.619125932E-2
1.526151505E1,-2.513911724E0,-5.884947777E0,1.364694983E-1
1.526352921E1,-2.549824715E0,-5.916072369E0,1.963245422E-1
1.526548234E1,-2.564189911E0,-5.940014362E0,2.537853718E-1
1.526746598E1,-2.573766708E0,-5.966350555E0,3.064578176E-1
1.526944962E1,-2.568978310E0,-5.992686749E0,3.615244627E-1
1.527143327E1,-2.549824715E0,-6.014234543E0,4.165911078E-1
1.527335587E1,-2.537853718E0,-6.035782337E0,4.501099288E-1
1.527537003E1,-2.537853718E0,-6.042964935E0,4.668693244E-1
1.527732316E1,-2.523488522E0,-6.023811340E0,5.051765442E-1
1.527930680E1,-2.506729126E0,-6.021417141E0,5.530605912E-1
1.528129044E1,-2.487575531E0,-6.040570736E0,5.865794420E-1
1.528330460E1,-2.451662540E0,-6.057330132E0,6.153098345E-1
1.528525773E1,-2.420537949E0,-6.076483727E0,6.512228847E-1
1.528724137E1,-2.391807556E0,-6.102819920E0,6.871358752E-1
1.528922501E1,-2.346317768E0,-6.119579315E0,6.991068721E-1
1.529120866E1,-2.284068346E0,-6.121973515E0,7.254431248E-1
1.529313126E1,-2.236184359E0,-6.155492783E0,7.445967197E-1
1.529514542E1,-2.169146776E0,-6.184223175E0,7.350199223E-1
1.529709855E1,-2.102109194E0,-6.193799973E0,7.230489254E-1
1.529908219E1,-2.035071373E0,-6.210559368E0,7.086837292E-1
1.530106583E1,-1.972822189E0,-6.234501362E0,7.086837292E-1
1.530304948E1,-1.936909199E0,-6.268020153E0,7.062895298E-1
1.530500260E1,-1.910573006E0,-6.308721542E0,6.871358752E-1
1.530701676E1,-1.855506301E0,-6.363788128E0,6.823474765E-1
1.530893937E1,-1.790862918E0,-6.421248913E0,6.655880809E-1
1.531095353E1,-1.766920805E0,-6.452373505E0,6.488286853E-1
1.531293717E1,-1.766920805E0,-6.476315498E0,6.631938815E-1
1.531492081E1,-1.757344007E0,-6.505045891E0,6.991068721E-1
1.531687394E1,-1.728613615E0,-6.533776283E0,7.517793179E-1
1.531888810E1,-1.680729628E0,-6.557718277E0,7.972691655E-1
1.532084122E1,-1.620874524E0,-6.581660271E0,8.331822157E-1
1.532285538E1,-1.556231141E0,-6.598419666E0,8.738836050E-1
1.532480851E1,-1.496376038E0,-6.624756336E0,9.050082564E-1
1.532682267E1,-1.426944256E0,-6.643909931E0,9.409212470E-1
1.532877580E1,-1.364694953E0,-6.665457726E0,9.816226959E-1
1.533075944E1,-1.314416766E0,-6.698976517E0,1.010353088E0
1.533274308E1,-1.278503656E0,-6.725312710E0,1.022324085E0
1.533472672E1,-1.235408068E0,-6.746860504E0,1.031900883E0
1.533664933E1,-1.204283476E0,-6.756437302E0,1.060631394E0
1.533866349E1,-1.173158884E0,-6.756437302E0,1.110909581E0
1.534061662E1,-1.132457376E0,-6.751648903E0,1.165976286E0
1.534260026E1,-1.079784989E0,-6.737283707E0,1.218648672E0
1.534455338E1,-1.019929886E0,-6.737283707E0,1.254561663E0
1.534656754E1,-9.576807022E-1,-6.737283707E0,1.285686255E0
1.534855119E1,-9.050082564E-1,-6.732495308E0,1.319205165E0
1.535053483E1,-8.499416113E-1,-6.744466305E0,1.355118155E0
1.535251847E1,-7.876923680E-1,-6.763619900E0,1.383848548E0
1.535450211E1,-7.230489254E-1,-6.777985096E0,1.405396342E0
1.535642472E1,-6.488286853E-1,-6.787561893E0,1.412579060E0
1.535843888E1,-5.674257874E-1,-6.804321289E0,1.431732655E0
1.536039201E1,-5.243301988E-1,-6.813898087E0,1.448492050E0
1.536237565E1,-4.405331016E-1,-6.833051682E0,1.508347034E0
1.536432877E1,-3.639186621E-1,-6.856993675E0,1.592144132E0
1.536634293E1,-2.825157940E-1,-6.880935669E0,1.675941229E0
1.536832658E1,-1.891419291E-1,-6.890512466E0,1.766920805E0
1.537031022E1,-9.097966552E-2,-6.912060261E0,1.893813491E0
1.537229386E1,-1.675941236E-2,-6.967126846E0,2.044648170E0
1.537427750E1,4.309562966E-2,-7.048529625E0,2.209848166E0
1.537623063E1,9.576806426E-2,-7.156269073E0,2.394201756E0
1.537824479E1,1.532289088E-1,-7.278373241E0,2.568978310E0
1.538019791E1,2.202665508E-1,-7.400477409E0,2.703053713E0
1.538221207E1,2.992752194E-1,-7.527369976E0,2.839523315E0
1.538416520E1,3.926490843E-1,-7.659051418E0,3.011905670E0
1.538617936E1,5.027823448E-1,-7.802703381E0,3.205836058E0
1.538813248E1,6.177040339E-1,-7.953537941E0,3.399766445E0
1.539011613E1,7.278373241E-1,-8.106766701E0,3.588908434E0
1.539209977E1,8.379706144E-1,-8.262390137E0,3.787626982E0
1.539408341E1,9.289502501E-1,-8.434772491E0,3.967192173E0
1.539603654E1,1.010353088E0,-8.638279915E0,4.125209332E0
1.539805070E1,1.082179189E0,-8.865729332E0,4.266467571E0
1.540000382E1,1.156399369E0,-9.081207275E0,4.414907932E0
1.540198747E1,1.254561663E0,-9.299078941E0,4.565742493E0
1.540397111E1,1.386242747E0,-9.509769440E0,4.747702122E0
1.540592423E1,1.515529633E0,-9.742006302E0,4.944026470E0
1.540790788E1,1.623268723E0,-1.000058079E1,5.118803024E0
1.540992204E1,1.738190413E0,-1.026873112E1,5.286397457E0
1.541187516E1,1.872265697E0,-1.052491093E1,5.477933407E0
1.541385880E1,2.025494576E0,-1.077390766E1,5.702988625E0
1.541581193E1,2.195482969E0,-1.102769279E1,5.944802761E0
1.541779557E1,2.370259762E0,-1.129105568E1,6.210559368E0
1.541977921E1,2.564189911E0,-1.155920601E1,6.509834290E0
1.542179337E1,2.762908697E0,-1.185848141E1,6.813898087E0
1.542374650E1,2.932897091E0,-1.217451572E1,7.117961884E0
1.542573014E1,3.078943491E0,-1.247857952E1,7.407660007E0
1.542771378E1,3.203441858E0,-1.278264332E1,7.685387611E0
1.542969743E1,3.318363667E0,-1.308431244E1,7.946355343E0
1.543162003E1,3.430891037E0,-1.336443424E1,8.204929352E0
1.543360368E1,3.557783842E0,-1.361103630E1,8.449137688E0
1.543555680E1,3.691859007E0,-1.382172680E1,8.647856712E0
1.543757096E1,3.823540211E0,-1.400607967E1,8.822632790E0
1.543949357E1,3.936067581E0,-1.416888523E1,8.987833023E0
1.544150773E1,4.046200752E0,-1.429817295E1,9.165003777E0
1.544346085E1,4.149151325E0,-1.437957573E1,9.351752281E0
1.544544450E1,4.235342979E0,-1.442985344E1,9.531316757E0
1.544742814E1,4.304774761E0,-1.447055531E1,9.715670586E0
1.544941178E1,4.355052948E0,-1.449689102E1,9.907206535E0
1.545133439E1,4.374206543E0,-1.449210262E1,1.009156036E1
1.545334855E1,4.357447147E0,-1.446816063E1,1.024957752E1
1.545530167E1,4.352658749E0,-1.442745972E1,1.036689377E1
1.545728532E1,4.347870350E0,-1.437478733E1,1.044829655E1
1.545923844E1,4.335899353E0,-1.429577827E1,1.050336266E1
1.546125260E1,4.311957359E0,-1.419282722E1,1.051772785E1
1.546320573E1,4.252102375E0,-1.406593513E1,1.048420906E1
1.546518937E1,4.161122322E0,-1.391988850E1,1.041238308E1
1.546717301E1,4.046200752E0,-1.376905441E1,1.028309631E1
1.546915665E1,3.881000996E0,-1.360145950E1,1.009395409E1
1.547110978E1,3.679888010E0,-1.340752983E1,9.864110947E0
1.547312394E1,3.469198227E0,-1.318965721E1,9.579200745E0
1.547507706E1,3.229778051E0,-1.297896767E1,9.227252960E0
1.547706071E1,2.995146275E0,-1.274433517E1,8.834604263E0
1.547901383E1,2.789244890E0,-1.249055004E1,8.418013573E0
1.548102799E1,2.588132143E0,-1.220563984E1,7.994239330E0
1.548298112E1,2.384624958E0,-1.188002872E1,7.546523571E0
1.548496476E1,2.159569979E0,-1.153286934E1,7.041347027E0
1.548694840E1,1.898601890E0,-1.117613316E1,6.512228489E0
1.548893204E1,1.587355733E0,-1.082658005E1,6.009446144E0
1.549088517E1,1.233013868E0,-1.048420906E1,5.542576790E0
1.549289933E1,8.427590132E-1,-1.015380955E1,5.109226227E0
1.549485246E1,4.285621047E-1,-9.844957352E0,4.692635536E0
1.549683610E1,9.576806799E-3,-9.569623947E0,4.290409565E0
1.549881974E1,-4.046200812E-1,-9.323021889E0,3.902548790E0
1.550080338E1,-8.116343617E-1,-9.088389397E0,3.519476414E0
1.550278703E1,-1.223437071E0,-8.882488251E0,3.148375273E0
1.550480119E1,-1.611297727E0,-8.707711220E0,2.820369720E0
1.550675431E1,-1.980004787E0,-8.568847656E0,2.547430515E0
1.550876847E1,-2.319981337E0,-8.465897560E0,2.346317768E0
1.551075211E1,-2.645592928E0,-8.410830498E0,2.193088770E0
1.551273576E1,-2.949656487E0,-8.394071579E0,2.068590164E0
1.551468888E1,-3.213018656E0,-8.413225174E0,1.982398987E0
1.551670304E1,-3.416525841E0,-8.453926086E0,1.889025092E0
1.551865617E1,-3.574543238E0,-8.523358345E0,1.754949808E0
1.552067033E1,-3.722983599E0,-8.621520042E0,1.582567334E0
1.552262345E1,-3.857059002E0,-8.726864815E0,1.367089152E0
1.552463761E1,-3.921702385E0,-8.813055992E0,1.074996591E0
1.552659074E1,-3.921702385E0,-8.892065048E0,6.967126727E-1
1.552857438E1,-3.890577793E0,-8.980650902E0,3.040636182E-1
1.553055802E1,-3.806780815E0,-9.059659004E0,-4.548983276E-2
1.553254166E1,-3.648763418E0,-9.136273384E0,-3.711012602E-1
1.553449479E1,-3.555389643E0,-9.184157372E0,-5.410895944E-1
1.553647843E1,-3.380612850E0,-9.330204010E0,-9.313444495E-1
1.553846207E1,-3.277662039E0,-9.564835548E0,-1.352723956E0
1.554044572E1,-3.239354849E0,-9.873687744E0,-1.733402014E0
1.554242936E1,-3.256114244E0,-1.022324085E1,-2.054224968E0
1.554441300E1,-3.289633036E0,-1.060631371E1,-2.360682964E0
1.554636613E1,-3.349488258E0,-1.102051067E1,-2.753331900E0
1.554838029E1,-3.440467834E0,-1.143470764E1,-3.241749048E0
1.555033341E1,-3.490746021E0,-1.180580902E1,-3.806780815E0
1.555234757E1,-3.485957623E0,-1.215775585E1,-4.434061527E0
1.555430070E1,-3.452438831E0,-1.251928043E1,-5.003881454E0
1.555628434E1,-3.411737442E0,-1.287362289E1,-5.456385612E0
1.555826798E1,-3.409343243E0,-1.319205093E1,-5.827486992E0
1.556025163E1,-3.406949043E0,-1.346020222E1,-6.098031521E0
1.556217423E1,-3.375824451E0,-1.369483376E1,-6.289567947E0
1.556418839E1,-3.296815634E0,-1.390312958E1,-6.411672115E0
1.556614152E1,-3.234566450E0,-1.407790565E1,-6.459556103E0
1.556812516E1,-3.201047659E0,-1.424550056E1,-6.392518520E0
1.557010880E1,-3.189076662E0,-1.442267132E1,-6.215347767E0
1.557209245E1,-3.229778051E0,-1.456632328E1,-6.004657745E0
1.557404557E1,-3.327940464E0,-1.467885017E1,-5.772420406E0
1.557605973E1,-3.454833031E0,-1.477940750E1,-5.482721806E0
1.557801286E1,-3.608062029E0,-1.481532001E1,-5.154716492E0
1.558002702E1,-3.756502390E0,-1.479137802E1,-4.807557106E0
1.558198014E1,-3.885789394E0,-1.472912884E1,-4.484339714E0
1.558399430E1,-3.976768970E0,-1.464293766E1,-4.129997730E0
1.558594743E1,-4.027047157E0,-1.452801609E1,-3.725377798E0
1.558793107E1,-4.060565948E0,-1.436999893E1,-3.229778051E0
1.558991471E1,-4.086902142E0,-1.420001030E1,-2.657563925E0
1.559189835E1,-4.108449936E0,-1.401805115E1,-2.013523579E0
1.559385148E1,-4.134786129E0,-1.381933212E1,-1.256955862E0
1.559586564E1,-4.074931145E0,-1.360864258E1,-4.094084799E-1
1.559781876E1,-3.907337189E0,-1.338358784E1,4.860229492E-1
1.559980241E1,-3.660734415E0,-1.314656162E1,1.403002143E0
1.560172501E1,-3.375824451E0,-1.289995861E1,2.288856745E0
1.560373917E1,-3.069366693E0,-1.261983681E1,3.045424461E0
1.560569230E1,-2.736572504E0,-1.228704357E1,3.584120035E0
1.560767594E1,-2.334346771E0,-1.186805820E1,3.845088005E0
1.560965958E1,-1.893813491E0,-1.138203526E1,3.823540211E0
1.561164323E1,-1.484405041E0,-1.087925243E1,3.531447411E0
1.561362687E1,-1.125274777E0,-1.037886429E1,3.035847664E0
1.561561051E1,-8.236053586E-1,-9.904812813E0,2.389413357E0
1.561756364E1,-5.985504389E-1,-9.473855972E0,1.628057122E0
1.561954728E1,-4.668693244E-1,-9.078812599E0,8.020575643E-1
1.562153092E1,-4.381389022E-1,-8.729259491E0,-5.027823523E-2
1.562351456E1,-4.979939461E-1,-8.439560890E0,-9.265560508E-1
1.562549821E1,-6.057330370E-1,-8.195352554E0,-1.805228114E0
1.562751237E1,-7.685387731E-1,-7.963114738E0,-2.595314741E0
1.562946549E1,-1.039083481E0,-7.723694801E0,-3.239354849E0
1.563144914E1,-1.328781962E0,-7.493851185E0,-3.744531393E0
1.563343278E1,-1.534683347E0,-7.307103634E0,-4.120420933E0
1.563541642E1,-1.628057122E0,-7.163451672E0,-4.371812344E0
1.563733903E1,-1.613691926E0,-7.034164429E0,-4.486733913E0
1.563935319E1,-1.587355733E0,-6.904877663E0,-4.462791920E0
1.564130631E1,-1.577778935E0,-6.782773495E0,-4.357447147E0
1.564328996E1,-1.582567334E0,-6.675034523E0,-4.211400986E0
1.564527360E1,-1.599326730E0,-6.584054470E0,-4.015076160E0
1.564725724E1,-1.587355733E0,-6.531382084E0,-3.725377798E0
1.564917985E1,-1.479616642E0,-6.536170483E0,-3.289633036E0
1.565119401E1,-1.268926859E0,-6.593631268E0,-2.724601507E0
1.565314713E1,-1.053448796E0,-6.667851925E0,-2.149993181E0
1.565513078E1,-8.810662031E-1,-6.737283707E0,-1.695094824E0
1.565711442E1,-7.254431248E-1,-6.801927090E0,-1.395819545E0
1.565912858E1,-5.554547906E-1,-6.883329868E0,-1.216254473E0
1.566108170E1,-3.854664862E-1,-7.000645638E0,-1.110909581E0
1.566306535E1,-2.346317619E-1,-7.177816868E0,-1.036689281E0
1.566504899E1,-9.097966552E-2,-7.426813602E0,-1.007958889E0
1.566703263E1,6.703764945E-2,-7.682993412E0,-1.027112484E0
1.566895524E1,1.987187415E-1,-7.920019150E0,-1.074996591E0
1.567096940E1,2.489969730E-1,-8.166622162E0,-1.094150186E0
1.567292252E1,2.250549644E-1,-8.477868080E0,-1.108515382E0
1.567490617E1,2.226607651E-1,-8.815450668E0,-1.149216771E0
1.567688981E1,3.112462163E-1,-9.109937668E0,-1.266532660E0
1.567890397E1,4.908113480E-1,-9.354146004E0,-1.462857246E0
1.568085709E1,7.493851185E-1,-9.562441826E0,-1.695094824E0
1.568284074E1,9.720458984E-1,-9.753977776E0,-1.869871497E0
1.568482438E1,1.060631394E0,-9.914389610E0,-1.970427990E0
1.568680802E1,1.139639974E0,-1.006282997E1,-2.094926596E0
1.568876115E1,1.273715258E0,-1.022324085E1,-2.264914751E0
1.569077531E1,1.458068848E0,-1.038125896E1,-2.468421936E0
1.569272843E1,1.659181833E0,-1.052969933E1,-2.643198729E0
1.569471207E1,1.848323703E0,-1.065898609E1,-2.758120298E0
1.569669572E1,2.008735180E0,-1.077390766E1,-2.815581083E0
1.569870988E1,2.161964178E0,-1.087685871E1,-2.817975283E0
1.570066300E1,2.226607561E0,-1.092713642E1,-2.806004286E0
1.570264664E1,2.351106167E0,-1.103487587E1,-2.760514498E0
1.570463029E1,2.394201756E0,-1.106599998E1,-2.731784105E0
1.570661393E1,2.537853718E0,-1.113782597E1,-2.621650934E0
1.570856706E1,2.698265314E0,-1.118810463E1,-2.466027737E0
1.571055070E1,2.851494312E0,-1.121204662E1,-2.279279947E0
1.571253434E1,3.011905670E0,-1.119768143E1,-2.037465572E0
1.571451798E1,3.148375273E0,-1.115937424E1,-1.747767210E0
1.571647111E1,3.234566450E0,-1.110191345E1,-1.465251446E0
1.571845475E1,3.313575268E0,-1.101093388E1,-1.242590666E0
1.572043839E1,3.450044632E0,-1.090319443E1,-1.051054597E0
1.572242204E1,3.653551817E0,-1.077630138E1,-8.834604025E-1
1.572437516E1,3.919308186E0,-1.063264942E1,-7.350199223E-1
1.572638932E1,4.204218388E0,-1.048420906E1,-6.105214357E-1
1.572834245E1,4.460397720E0,-1.035492229E1,-5.027823448E-1
1.573029557E1,4.668693542E0,-1.022802925E1,-4.046200812E-1
1.573227921E1,4.831499100E0,-1.010113716E1,-3.280056417E-1
1.573429337E1,4.934449673E0,-9.974244118E0,-3.064578176E-1
1.573624650E1,4.982333660E0,-9.861717224E0,-3.256114423E-1
1.573826066E1,4.960785866E0,-9.763554573E0,-3.806780577E-1
1.574021378E1,4.843470097E0,-9.703699112E0,-4.620809257E-1
1.574222794E1,4.630385876E0,-9.691728592E0,-5.578489900E-1
1.574415055E1,4.362235546E0,-9.701305389E0,-6.703764796E-1
1.574616471E1,4.065354347E0,-9.722852707E0,-7.924807668E-1
1.574814835E1,3.711012602E0,-9.749189377E0,-8.906430602E-1
1.575013200E1,3.342305660E0,-9.744400978E0,-9.935936928E-1
1.575205460E1,3.004723072E0,-9.684545517E0,-1.139639974E0
1.575406876E1,2.652775526E0,-9.610325813E0,-1.261744261E0
1.575602189E1,2.281674147E0,-9.569623947E0,-1.295263171E0
1.575800553E1,1.958456993E0,-9.595960617E0,-1.261744261E0
1.575995866E1,1.661576033E0,-9.627084732E0,-1.235408068E0
1.576197282E1,1.326387763E0,-9.593565941E0,-1.213860273E0
1.576389542E1,9.696516991E-1,-9.521739960E0,-1.189918280E0
1.576590958E1,6.033388376E-1,-9.471462250E0,-1.091755986E0
1.576789323E1,2.585737705E-1,-9.440337181E0,-8.714894056E-1
1.576984635E1,-9.576806799E-3,-9.392453194E0,-6.153098345E-1
1.577182999E1,-2.705447972E-1,-9.325415611E0,-3.878606856E-1
1.577384415E1,-5.937620401E-1,-9.296685219E0,-2.130839527E-1
1.577579728E1,-9.481038451E-1,-9.294290543E0,-6.703764945E-2
1.577778092E1,-1.283292055E0,-9.267954826E0,5.506663769E-2
1.577976456E1,-1.606509328E0,-9.210494041E0,1.651999205E-1
1.578177872E1,-1.929726601E0,-9.148244858E0,2.825157940E-1
1.578373185E1,-2.238578558E0,-9.114726067E0,3.519476354E-1
1.578574601E1,-2.509123325E0,-9.074024200E0,3.471592367E-1
1.578772965E1,-2.726995707E0,-8.995016098E0,3.208230138E-1
1.578971330E1,-2.892195702E0,-8.882488251E0,3.280056417E-1
1.579166642E1,-3.021482468E0,-8.784325600E0,4.118026793E-1
1.579368058E1,-3.129221678E0,-8.734047890E0,4.405331016E-1
1.579560319E1,-3.251325846E0,-8.760383606E0,2.729389966E-1
1.579761735E1,-3.394978046E0,-8.846575737E0,-1.197100803E-2
1.579957047E1,-3.531447411E0,-8.920795441E0,-3.734954596E-1
1.580155412E1,-3.627215624E0,-8.932766914E0,-7.493851185E-1
1.580353776E1,-3.663128614E0,-8.860940933E0,-1.007958889E0
1.580552140E1,-3.639186621E0,-8.767566681E0,-1.055842996E0
1.580744401E1,-3.550601006E0,-8.702922821E0,-9.241618514E-1
1.580945817E1,-3.442862034E0,-8.678980827E0,-7.541735172E-1
1.581141129E1,-3.351882458E0,-8.683769226E0,-6.464344859E-1
1.581339494E1,-3.275267839E0,-8.688557625E0,-5.315127969E-1
1.581534806E1,-3.177105665E0,-8.726864815E0,-3.064578176E-1
1.581736222E1,-3.004723072E0,-8.808267593E0,1.675941236E-2
1.581931535E1,-2.803610086E0,-8.899248123E0,3.160346150E-1
1.582129899E1,-2.602497339E0,-8.980650902E0,5.291185975E-1
1.582328263E1,-2.384624958E0,-9.071630478E0,6.655880809E-1
1.582526627E1,-2.133233786E0,-9.157821655E0,7.134721279E-1
1.582718888E1,-1.881842494E0,-9.220070839E0,6.871358752E-1
1.582920304E1,-1.666364431E0,-9.272743225E0,5.985504389E-1
1.583115617E1,-1.467645645E0,-9.318233490E0,4.237737060E-1
1.583313981E1,-1.252167463E0,-9.349357605E0,1.412578970E-1
1.583512345E1,-1.027112484E0,-9.368511200E0,-1.723825186E-1
1.583713761E1,-8.092401624E-1,-9.399636269E0,-4.477157295E-1
1.583909074E1,-6.200982332E-1,-9.430760384E0,-6.536170840E-1
1.584107438E1,-4.620809257E-1,-9.464279175E0,-7.900865674E-1
1.584302750E1,-3.327940404E-1,-9.514557838E0,-8.786720037E-1
1.584504166E1,-2.130839527E-1,-9.562441826E0,-9.121908545E-1
1.584699479E1,-9.576806426E-2,-9.595960617E0,-8.930372596E-1
1.584900895E1,4.070143029E-2,-9.641449928E0,-8.451532125E-1
1.585096207E1,1.747767180E-1,-9.667786598E0,-7.829039693E-1
1.585294572E1,3.112462163E-1,-9.677363396E0,-6.847416759E-1
1.585492936E1,4.429273009E-1,-9.708487511E0,-5.626373887E-1
1.585694352E1,5.410895944E-1,-9.751583099E0,-4.620809257E-1
1.585889664E1,6.105214357E-1,-9.794678688E0,-4.094084799E-1
1.586088029E1,6.679822803E-1,-9.809044838E0,-3.998316824E-1
1.586286393E1,7.302315235E-1,-9.816226959E0,-4.381389022E-1
1.586484757E1,7.900865674E-1,-9.830592155E0,-5.051765442E-1
1.586677018E1,8.212111592E-1,-9.835380554E0,-5.506663918E-1
1.586878434E1,8.643068075E-1,-9.840168953E0,-6.655880809E-1
1.587073747E1,8.786720037E-1,-9.821015358E0,-7.781155705E-1
1.587272111E1,8.834604025E-1,-9.809044838E0,-8.595184088E-1
1.587470475E1,8.954314590E-1,-9.804255486E0,-9.217676520E-1
1.587671891E1,8.978256583E-1,-9.792284966E0,-9.792284966E-1
1.587867204E1,8.906430602E-1,-9.773131371E0,-1.036689281E0
1.588065568E1,8.619126081E-1,-9.744400978E0,-1.072602391E0
1.588260880E1,8.092401624E-1,-9.710882187E0,-1.089361787E0
1.588462296E1,7.326257229E-1,-9.684545517E0,-1.094150186E0
1.588657609E1,6.440402865E-1,-9.662998199E0,-1.098938584E0
1.588859025E1,5.578489900E-1,-9.648633003E0,-1.089361787E0
1.589054337E1,4.740519226E-1,-9.622296333E0,-1.055842996E0
1.589252702E1,3.734954596E-1,-9.586383820E0,-9.983820915E-1
1.589451066E1,2.657563984E-1,-9.562441826E0,-9.265560508E-1
1.589649430E1,1.723825186E-1,-9.528923035E0,-8.619126081E-1
1.589841691E1,1.005564705E-1,-9.478644371E0,-7.924807668E-1
1.590043107E1,4.788403213E-2,-9.425971985E0,-7.182605267E-1
1.590235368E1,-2.154781483E-2,-9.373299599E0,-6.416460276E-1
1.590436784E1,-8.379705995E-2,-9.323021889E0,-5.865794420E-1
1.590635148E1,-1.364694983E-1,-9.267954826E0,-5.482721925E-1
1.590830460E1,-1.891419291E-1,-9.227252960E0,-5.171475410E-1
1.591028825E1,-2.202665508E-1,-9.196128845E0,-5.051765442E-1
1.591230241E1,-2.489969730E-1,-9.172186852E0,-5.147533417E-1
1.591425553E1,-2.657563984E-1,-9.160215378E0,-5.386953950E-1
1.591626969E1,-2.705447972E-1,-9.155426979E0,-5.626373887E-1
1.591822282E1,-2.466027737E-1,-9.150638580E0,-6.033388376E-1
1.592023698E1,-2.154781520E-1,-9.157821655E0,-6.607996821E-1
1.592222062E1,-1.699883193E-1,-9.162610054E0,-7.445967197E-1
1.592420426E1,-1.197100878E-1,-9.172186852E0,-8.451532125E-1
1.592618790E1,-6.943184882E-2,-9.181763649E0,-9.720458984E-1
1.592817155E1,2.394201700E-3,-9.179368973E0,-1.098938584E0
1.593012467E1,9.097966552E-2,-9.162610054E0,-1.204283476E0
1.593210831E1,1.939303428E-1,-9.131484985E0,-1.278503656E0
1.593409196E1,3.064578176E-1,-9.107542992E0,-1.323993564E0
1.593610612E1,4.165911078E-1,-9.112331390E0,-1.359906554E0
1.593805924E1,5.195417404E-1,-9.119514465E0,-1.412579060E0
1.594004288E1,6.248866320E-1,-9.143456459E0,-1.496376038E0
1.594202653E1,7.326257229E-1,-9.150638580E0,-1.582567334E0
1.594401017E1,8.595184088E-1,-9.150638580E0,-1.654393315E0
1.594593278E1,9.792284966E-1,-9.160215378E0,-1.721431017E0
1.594794694E1,1.051054597E0,-9.176975250E0,-1.790862918E0
1.594990006E1,1.079784989E0,-9.193734169E0,-1.836352706E0
1.595188370E1,1.072602391E0,-9.224859238E0,-1.877054095E0
1.595386735E1,1.084573388E0,-9.236829758E0,-1.912967205E0
1.595588151E1,1.137245774E0,-9.234436035E0,-1.934514999E0
1.595783463E1,1.199495077E0,-9.244012833E0,-1.963245392E0
1.595981828E1,1.252167463E0,-9.267954826E0,-2.001552582E0
1.596177140E1,1.319205165E0,-9.258378029E0,-2.030282974E0
1.596375504E1,1.403002143E0,-9.229647636E0,-2.035071373E0
1.596573869E1,1.470039845E0,-9.210494041E0,-2.018311977E0
1.596775285E1,1.491587639E0,-9.208099365E0,-2.006340981E0
1.596970597E1,1.486799240E0,-9.215282440E0,-1.982398987E0
1.597168961E1,1.465251446E0,-9.210494041E0,-1.948880196E0
1.597367326E1,1.426944256E0,-9.200917244E0,-1.903390408E0
1.597568742E1,1.393425345E0,-9.188945770E0,-1.831564307E0
1.597764054E1,1.369483352E0,-9.165003777E0,-1.762132406E0
1.597962418E1,1.328781962E0,-9.138668060E0,-1.671152830E0
1.598160783E1,1.266532660E0,-9.131484985E0,-1.546654344E0
1.598359147E1,1.189918280E0,-9.138668060E0,-1.426944256E0
1.598551408E1,1.101332784E0,-9.160215378E0,-1.331176162E0
1.598752824E1,1.007958889E0,-9.184157372E0,-1.252167463E0
1.598948136E1,9.050082564E-1,-9.200917244E0,-1.187524080E0
1.599149552E1,7.852981687E-1,-9.217676163E0,-1.118092179E0
1.599344865E1,6.560112834E-1,-9.241618156E0,-1.046266198E0
1.599543229E1,5.051765442E-1,-9.275136948E0,-9.816226959E-1
1.599735490E1,3.375824392E-1,-9.325415611E0,-9.193734527E-1
1.599936906E1,1.556231081E-1,-9.373299599E0,-8.643068075E-1
1.600132218E1,-2.394201607E-2,-9.425971985E0,-8.140285611E-1
1.600330582E1,-1.939303428E-1,-9.478644371E0,-7.565677166E-1
1.600528947E1,-3.591302633E-1,-9.538499832E0,-7.015010715E-1
1.600727311E1,-5.051765442E-1,-9.593565941E0,-6.368576288E-1
1.600922623E1,-6.200982332E-1,-9.639056206E0,-5.770025849E-1
1.601124039E1,-7.278373241E-1,-9.679757118E0,-5.171475410E-1
1.601319352E1,-8.331822157E-1,-9.720458984E0,-4.548983276E-1
1.601520768E1,-9.145850539E-1,-9.751583099E0,-3.950432837E-1
1.601716080E1,-9.720458984E-1,-9.773131371E0,-3.519476354E-1
1.601917496E1,-1.015141487E0,-9.794678688E0,-3.303998411E-1
1.602112809E1,-1.048660398E0,-9.809044838E0,-3.280056417E-1
1.602311173E1,-1.063025594E0,-9.813833237E0,-3.375824392E-1
1.602509538E1,-1.051054597E0,-9.809044838E0,-3.495534360E-1
1.602704850E1,-1.022324085E0,-9.801861763E0,-3.615244627E-1
1.602903214E1,-9.696516991E-1,-9.789890289E0,-3.734954596E-1
1.603104630E1,-9.241618514E-1,-9.785101891E0,-3.854664862E-1
1.603299943E1,-8.786720037E-1,-9.773131371E0,-3.854664862E-1
1.603498307E1,-8.236053586E-1,-9.753977776E0,-3.758896589E-1
1.603696671E1,-7.661445141E-1,-9.746794701E0,-3.639186621E-1
1.603898087E1,-7.086837292E-1,-9.744400978E0,-3.423708379E-1
1.604090348E1,-6.320692301E-1,-9.737217903E0,-3.184288144E-1
1.604291764E1,-5.434837937E-1,-9.722852707E0,-2.873041928E-1
1.604487077E1,-5.027823448E-1,-9.718064308E0,-2.705447972E-1
1.604682389E1,-4.285621047E-1,-9.706093788E0,-2.418143749E-1
1.604880753E1,-3.543418646E-1,-9.710882187E0,-2.202665508E-1
1.605082169E1,-2.753331959E-1,-9.703699112E0,-1.915361285E-1
1.605277482E1,-1.939303428E-1,-9.701305389E0,-1.604115069E-1
1.605478898E1,-1.005564705E-1,-9.715670586E0,-1.412578970E-1
1.605674210E1,-9.576806799E-3,-9.737217903E0,-1.556231081E-1
1.605875626E1,7.661445439E-2,-9.758766174E0,-1.915361285E-1
1.606070939E1,1.604115069E-1,-9.777919769E0,-2.418143749E-1
1.606269303E1,2.489969730E-1,-9.789890289E0,-3.064578176E-1
1.606467667E1,3.327940404E-1,-9.797073364E0,-3.854664862E-1
1.606666032E1,3.950432837E-1,-9.797073364E0,-4.884171486E-1
1.606861344E1,4.525041282E-1,-9.799467087E0,-6.009446383E-1
1.607062760E1,5.075707436E-1,-9.809044838E0,-7.038952708E-1
1.607258073E1,5.530605912E-1,-9.825803757E0,-8.092401624E-1
1.607456437E1,5.817909837E-1,-9.842563629E0,-9.193734527E-1
1.607651749E1,5.841852427E-1,-9.866505623E0,-1.029506683E0
1.607853165E1,5.650315881E-1,-9.890447617E0,-1.125274777E0
1.608051530E1,5.219359994E-1,-9.931148529E0,-1.192312479E0
1.608249894E1,4.596867263E-1,-9.983820915E0,-1.237802267E0
1.608448258E1,3.878606856E-1,-1.003409958E1,-1.276109457E0
1.608646623E1,2.753331959E-1,-1.007480049E1,-1.288080573E0
1.608841935E1,1.364694983E-1,-1.011071396E1,-1.268926859E0
1.609043351E1,-1.436521020E-2,-1.014662647E1,-1.216254473E0
1.609238664E1,-1.819593310E-1,-1.017775154E1,-1.122880578E0
1.609437028E1,-3.495534360E-1,-1.020169353E1,-9.935936928E-1
1.609635392E1,-5.075707436E-1,-1.020887566E1,-8.427590132E-1
1.609833756E1,-6.416460276E-1,-1.021845245E1,-6.991068721E-1
1.610032120E1,-7.541735172E-1,-1.022563553E1,-5.530605912E-1
1.610233537E1,-8.451532125E-1,-1.022802925E1,-3.998316824E-1
1.610428849E1,-9.097966552E-1,-1.023281765E1,-2.681505978E-1
1.610627213E1,-9.552865028E-1,-1.024239445E1,-1.747767180E-1
1.610825578E1,-9.648633003E-1,-1.024957752E1,-1.292868853E-1
1.611023942E1,-9.528923035E-1,-1.026154804E1,-1.197100878E-1
1.611219254E1,-9.145850539E-1,-1.028309631E1,-1.460463107E-1
1.611417619E1,-8.403648138E-1,-1.032379818E1,-2.106897533E-1
1.611615983E1,-7.230489254E-1,-1.036210537E1,-3.160346150E-1
1.611814347E1,-5.626373887E-1,-1.040041256E1,-4.333505034E-1
1.612009660E1,-3.734954596E-1,-1.043871975E1,-5.578489900E-1
1.612211076E1,-1.819593310E-1,-1.047463226E1,-6.895300746E-1
1.612406388E1,1.675941236E-2,-1.050815105E1,-8.212111592E-1
1.612604752E1,2.154781520E-1,-1.054885292E1,-9.481038451E-1
1.612800065E1,4.094084799E-1,-1.059434223E1,-1.058237195E0
1.613001481E1,6.033388376E-1,-1.064701462E1,-1.137245774E0
1.613196793E1,7.924807668E-1,-1.068532181E1,-1.180341482E0
1.613398209E1,9.792284966E-1,-1.071644688E1,-1.189918280E0
1.613593522E1,1.156399369E0,-1.074038887E1,-1.173158884E0
1.613794938E1,1.321599364E0,-1.077151299E1,-1.130063176E0
1.613990250E1,1.467645645E0,-1.080024433E1,-1.058237195E0
1.614188615E1,1.580173135E0,-1.082897472E1,-9.720458984E-1
1.614386979E1,1.685518026E0,-1.085291672E1,-8.714894056E-1
1.614585343E1,1.776497602E0,-1.086967564E1,-7.517793179E-1
1.614783707E1,1.841141105E0,-1.089122391E1,-6.129156351E-1
1.614982072E1,1.896207690E0,-1.090558910E1,-4.692635238E-1
1.615180436E1,1.944091797E0,-1.091755962E1,-3.256114423E-1
1.615378800E1,1.977610588E0,-1.093431950E1,-1.867477298E-1
1.615571061E1,1.970427990E0,-1.095586681E1,-5.506663769E-2
1.615772477E1,1.927332401E0,-1.098220348E1,9.097966552E-2
1.615967789E1,1.836352706E0,-1.100614548E1,2.585737705E-1
1.616166154E1,1.714248419E0,-1.103487587E1,4.525041282E-1
1.616364518E1,1.580173135E0,-1.107318306E1,6.751648784E-1
1.616562882E1,1.436521053E0,-1.110909557E1,8.978256583E-1
1.616758195E1,1.276109457E0,-1.114979744E1,1.108515382E0
1.616959611E1,1.108515382E0,-1.119768143E1,1.304839969E0
1.617157975E1,9.361328483E-1,-1.125753593E1,1.482010841E0
1.617356339E1,7.661445141E-1,-1.132936287E1,1.644816518E0
1.617551652E1,5.913678408E-1,-1.141555405E1,1.793257117E0
1.617750016E1,4.237737060E-1,-1.153765774E1,1.924938202E0
1.617945328E1,2.849099934E-1,-1.168130970E1,2.027888775E0
1.618143693E1,1.723825186E-1,-1.183214474E1,2.097320795E0
1.618342057E1,7.422025502E-2,-1.198297977E1,2.140416384E0
1.618543473E1,-1.197100803E-2,-1.214339066E1,2.152387381E0
1.618738786E1,-8.858546615E-2,-1.228704357E1,2.128445387E0
1.618937150E1,-1.628057212E-1,-1.241393566E1,2.066195965E0
1.619132462E1,-2.298433632E-1,-1.254082870E1,1.996764183E0
1.619333878E1,-2.777273953E-1,-1.265096188E1,1.927332401E0
1.619532243E1,-3.112462163E-1,-1.274912453E1,1.872265697E0
1.619730607E1,-3.447650373E-1,-1.282813263E1,1.853112102E0
1.619928971E1,-3.734954596E-1,-1.288319969E1,1.879448295E0
1.620130387E1,-3.926490843E-1,-1.291911221E1,1.953668594E0
1.620325700E1,-4.094084799E-1,-1.291911221E1,2.068590164E0
1.620524064E1,-4.477157295E-1,-1.288319969E1,2.205059767E0
1.620719376E1,-4.955997467E-1,-1.284728622E1,2.372653961E0
1.620920792E1,-5.578489900E-1,-1.280658531E1,2.580949545E0
1.621116105E1,-6.368576288E-1,-1.276348972E1,2.806004286E0
1.621314469E1,-7.062895298E-1,-1.273236465E1,3.038241863E0
1.621509782E1,-7.565677166E-1,-1.271799946E1,3.280056238E0
1.621711198E1,-7.781155705E-1,-1.271799946E1,3.514688015E0
1.621909562E1,-7.829039693E-1,-1.273954678E1,3.732560396E0
1.622107926E1,-7.757213712E-1,-1.276348972E1,3.928884983E0
1.622306290E1,-7.445967197E-1,-1.279940224E1,4.098873138E0
1.622504655E1,-7.110779285E-1,-1.285686302E1,4.228160381E0
1.622696915E1,-6.871358752E-1,-1.294305420E1,4.311957359E0
1.622898331E1,-6.440402865E-1,-1.310107136E1,4.374206543E0
1.623093644E1,-5.961562395E-1,-1.331655025E1,4.419696331E0
1.623292008E1,-5.865794420E-1,-1.342668343E1,4.429273129E0
1.623487321E1,-6.129156351E-1,-1.362300777E1,4.390965939E0
1.623688737E1,-6.655880809E-1,-1.380975533E1,4.319139957E0
1.623884049E1,-7.254431248E-1,-1.399171448E1,4.244919777E0
1.624082414E1,-7.900865674E-1,-1.416170311E1,4.165910721E0
1.624280778E1,-8.667010069E-1,-1.432211494E1,4.060565948E0
1.624479142E1,-9.576807022E-1,-1.443943024E1,3.928884983E0
1.624671403E1,-1.051054597E0,-1.451125622E1,3.797203779E0
1.624872819E1,-1.134851575E0,-1.455195808E1,3.689464808E0
1.625068131E1,-1.201889277E0,-1.456153488E1,3.610456228E0
1.625266496E1,-1.247379065E0,-1.453759289E1,3.529053211E0
1.625461808E1,-1.290474772E0,-1.449449730E1,3.414131641E0
1.625663224E1,-1.362300754E0,-1.441788292E1,3.289633036E0
1.625858537E1,-1.462857246E0,-1.431972027E1,3.167528868E0
1.626056901E1,-1.580173135E0,-1.420001030E1,3.043030262E0
1.626255265E1,-1.692700624E0,-1.405156994E1,2.894589901E0
1.626453629E1,-1.810016513E0,-1.387679291E1,2.698265314E0
1.626645890E1,-1.927332401E0,-1.368525696E1,2.489969730E0
1.626847306E1,-2.020706177E0,-1.348414421E1,2.336740971E0
1.627042619E1,-2.097320795E0,-1.327105999E1,2.236184359E0
1.627244035E1,-2.164358377E0,-1.305797577E1,2.147598982E0
1.627439347E1,-2.240972757E0,-1.285207462E1,2.027888775E0
1.627640763E1,-2.336740971E0,-1.263899040E1,1.845929503E0
1.627833024E1,-2.437297344E0,-1.243308926E1,1.611297727E0
1.628034440E1,-2.518700123E0,-1.222718811E1,1.343147159E0
1.628232804E1,-2.580949545E0,-1.203565216E1,1.086967587E0
1.628428117E1,-2.626439333E0,-1.187763500E1,8.571242094E-1
1.628626481E1,-2.686294317E0,-1.176271248E1,6.464344859E-1
1.628824845E1,-2.762908697E0,-1.166215611E1,4.620809257E-1
1.629020158E1,-2.873042107E0,-1.157117653E1,2.801215947E-1
1.629221574E1,-3.011905670E0,-1.148738003E1,8.858546615E-2
1.629416886E1,-3.165134668E0,-1.142752457E1,-1.005564705E-1
1.629615250E1,-3.303998232E0,-1.140597725E1,-2.489969730E-1
1.629813615E1,-3.416525841E0,-1.141794777E1,-3.351882398E-1
1.630011979E1,-3.493140221E0,-1.145146656E1,-3.734954596E-1
1.630207291E1,-3.526659012E0,-1.149456215E1,-3.806780577E-1
1.630408707E1,-3.533841610E0,-1.153526402E1,-4.094084799E-1
1.630604020E1,-3.545812607E0,-1.156638813E1,-5.195417404E-1
1.630802384E1,-3.572149038E0,-1.160709000E1,-6.967126727E-1
1.630997697E1,-3.617638826E0,-1.166694450E1,-9.121908545E-1
1.631199113E1,-3.651157618E0,-1.174595356E1,-1.137245774E0
1.631394425E1,-3.658340216E0,-1.185129833E1,-1.362300754E0
1.631592789E1,-3.639186621E0,-1.197340298E1,-1.594538331E0
1.631791154E1,-3.593696833E0,-1.208832455E1,-1.826775908E0
1.631989518E1,-3.502717018E0,-1.216733265E1,-2.061407566E0
1.632184830E1,-3.380612850E0,-1.221042824E1,-2.310404539E0
1.632386246E1,-3.239354849E0,-1.223197651E1,-2.568978310E0
1.632584611E1,-3.090914488E0,-1.220803452E1,-2.820369720E0
1.632782975E1,-2.937685490E0,-1.214817905E1,-3.026270866E0
1.632978288E1,-2.782062292E0,-1.205241108E1,-3.191470861E0
1.633176652E1,-2.647987127E0,-1.192551899E1,-3.332728863E0
1.633375016E1,-2.540247917E0,-1.176750088E1,-3.481169224E0
1.633573380E1,-2.477998734E0,-1.158314800E1,-3.670311213E0
1.633768693E1,-2.456450939E0,-1.138921738E1,-3.895366192E0
1.633970109E1,-2.449268341E0,-1.118092155E1,-4.108449936E0
1.634165421E1,-2.437297344E0,-1.096783829E1,-4.247313976E0
1.634363786E1,-2.398990154E0,-1.077151299E1,-4.283226967E0
1.634562150E1,-2.322375536E0,-1.058476543E1,-4.261679173E0
1.634760514E1,-2.221819162E0,-1.039562416E1,-4.220977783E0
1.634952775E1,-2.123656988E0,-1.020408726E1,-4.153939724E0
1.635154191E1,-2.032677174E0,-1.001973438E1,-4.048594952E0
1.635352555E1,-1.929726601E0,-9.835380554E0,-3.931279182E0
1.635550919E1,-1.742978811E0,-9.634267807E0,-3.830722809E0
1.635749284E1,-1.323993564E0,-9.421183586E0,-3.773261786E0
1.635950700E1,-3.471592367E-1,-9.239224434E0,-3.830722809E0
1.636146012E1,7.613561153E-1,-9.138668060E0,-3.926490784E0
1.636344376E1,1.185129881E0,-9.074024200E0,-3.828328609E0
1.636542741E1,1.082179189E0,-9.062053680E0,-3.526659012E0
1.636741105E1,1.060631394E0,-9.085995674E0,-3.263296843E0
1.636933366E1,1.266532660E0,-9.109937668E0,-3.107673883E0
1.637134782E1,1.532289028E0,-9.136273384E0,-3.002328873E0
1.637330094E1,1.845929503E0,-9.184157372E0,-3.007117271E0
1.637528458E1,2.260126352E0,-9.191340446E0,-3.098097086E0
1.637726823E1,2.511517525E0,-9.097966194E0,-3.062183857E0
1.637925187E1,2.317587137E0,-8.987833023E0,-2.712630510E0
1.638117448E1,1.912967205E0,-8.963891029E0,-2.138022184E0
1.638318864E1,1.666364431E0,-9.014169693E0,-1.553836942E0
1.638514176E1,1.613691926E0,-9.033323288E0,-1.307234168E0
1.638712540E1,1.546654344E0,-9.028534889E0,-7.996633649E-1
1.638910905E1,1.534683347E0,-9.018958092E0,-6.775590777E-1
1.639109269E1,1.534683347E0,-9.016563416E0,-4.237737060E-1
1.639307633E1,1.517923832E0,-9.045293808E0,-1.771709323E-1
1.639505998E1,1.467645645E0,-9.097966194E0,3.830722719E-2
1.639704362E1,1.369483352E0,-9.155426979E0,2.513911724E-1
1.639905778E1,1.209071875E0,-9.205705643E0,4.716577232E-1
1.640101090E1,9.959878922E-1,-9.303867340E0,6.943184733E-1
1.640299455E1,7.637503147E-1,-9.447520256E0,8.762778044E-1
1.640491715E1,6.200982332E-1,-9.548076630E0,9.672574997E-1
1.640693131E1,5.650315881E-1,-9.603142738E0,9.840168953E-1
1.640891496E1,5.626373887E-1,-9.646238327E0,9.696516991E-1
1.641089860E1,5.985504389E-1,-9.672574997E0,9.409212470E-1
1.641282120E1,5.985504389E-1,-9.715670586E0,9.385270476E-1
1.641483537E1,5.770025849E-1,-9.777919769E0,1.000776291E0
1.641678849E1,6.057330370E-1,-9.806650162E0,1.096544385E0
1.641877213E1,6.655880809E-1,-9.844957352E0,1.209071875E0
1.642075578E1,7.038952708E-1,-9.911994934E0,1.326387763E0
1.642273942E1,7.422025204E-1,-9.947908401E0,1.438915253E0
1.642469254E1,7.326257229E-1,-9.962273598E0,1.486799240E0
1.642670670E1,6.200982332E-1,-9.998186111E0,1.414973259E0
1.642865983E1,2.537853718E-1,-1.008916569E1,1.276109457E0
1.643064347E1,-6.703764945E-2,-1.012747288E1,1.312022567E0
1.643259660E1,-1.077390760E-1,-1.007240677E1,1.501164436E0
1.643461076E1,-8.140286058E-2,-1.001255131E1,1.608903527E0
1.643656388E1,-1.077390760E-1,-9.967061996E0,1.594538331E0
1.643854752E1,-2.442085743E-1,-9.983820915E0,1.472434044E0
1.644053117E1,-4.094084799E-1,-1.003170490E1,1.249773264E0
1.644251481E1,-5.003881454E-1,-1.002691650E1,9.792284966E-1
1.644446793E1,-4.932055473E-1,-9.947908401E0,7.350199223E-1
1.644648209E1,-4.333505034E-1,-9.842563629E0,5.817909837E-1
1.644843522E1,-3.567360640E-1,-9.722852707E0,5.363011956E-1
1.645044938E1,-2.657563984E-1,-9.586383820E0,5.363011956E-1
1.645240250E1,-1.915361285E-1,-9.452308655E0,5.267243981E-1
1.645441666E1,-9.337386489E-2,-9.294290543E0,4.692635238E-1
1.645636979E1,-3.830722719E-2,-9.138668060E0,4.165911078E-1
1.645835343E1,9.576806799E-3,-8.992621422E0,3.591302633E-1
1.646033707E1,6.464344263E-2,-8.863334656E0,2.322375625E-1
1.646232072E1,3.112462163E-2,-8.805873871E0,6.943184882E-2
1.646427384E1,-2.394201607E-2,-8.765172005E0,-8.140286058E-2
1.646628800E1,-9.097966552E-2,-8.724471092E0,-2.202665508E-1
1.646824113E1,-1.891419291E-1,-8.714894295E0,-3.375824392E-1
1.647022477E1,-2.513911724E-1,-8.686163902E0,-4.381389022E-1
1.647217789E1,-3.112462163E-1,-8.655038834E0,-5.195417404E-1
1.647419206E1,-3.974374831E-1,-8.664615631E0,-6.009446383E-1
1.647611466E1,-5.027823448E-1,-8.700529099E0,-6.655880809E-1
1.647812882E1,-6.488286853E-1,-8.774748802E0,-7.015010715E-1
1.648011246E1,-7.852981687E-1,-8.834604263E0,-7.709329724E-1
1.648209611E1,-8.762778044E-1,-8.868123055E0,-8.954314590E-1
1.648404923E1,-8.571242094E-1,-8.846575737E0,-1.043871999E0
1.648606339E1,-7.565677166E-1,-8.777143478E0,-1.163581967E0
1.648798600E1,-7.015010715E-1,-8.743624687E0,-1.235408068E0
1.649000016E1,-6.775590777E-1,-8.738836288E0,-1.266532660E0
1.649195328E1,-5.889736414E-1,-8.702922821E0,-1.266532660E0
1.649393693E1,-4.333505034E-1,-8.619126320E0,-1.221042871E0
1.649592057E1,-2.849099934E-1,-8.544905663E0,-1.165976286E0
1.649790421E1,-1.508347094E-1,-8.492233276E0,-1.110909581E0
1.649982682E1,-1.915361360E-2,-8.420407295E0,-1.029506683E0
1.650184098E1,5.985504389E-2,-8.348581314E0,-9.265560508E-1
1.650379410E1,9.337386489E-2,-8.281543732E0,-7.805097699E-1
1.650577775E1,6.224924326E-2,-8.250418663E0,-5.985504389E-1
1.650776139E1,-4.548983276E-2,-8.262390137E0,-3.974374831E-1
1.650977555E1,-1.412578970E-1,-8.238448143E0,-2.082955539E-1
1.651172868E1,-1.963245422E-1,-8.176198959E0,-3.351882473E-2
1.651371232E1,-2.226607651E-1,-8.109161377E0,1.244984865E-1
1.651569596E1,-2.896983922E-1,-8.075642586E0,2.609679997E-1
1.651767960E1,-3.758896589E-1,-8.034940720E0,4.022258818E-1
1.651960221E1,-4.333505034E-1,-7.982268333E0,5.506663918E-1
1.652161637E1,-4.884171486E-1,-7.943961143E0,6.943184733E-1
1.652360001E1,-5.315127969E-1,-7.908048153E0,8.523358107E-1
1.652558366E1,-5.650315881E-1,-7.857769966E0,9.935936928E-1
1.652750626E1,-5.865794420E-1,-7.797914982E0,1.103726983E0
1.652952042E1,-5.841852427E-1,-7.718906403E0,1.199495077E0
1.653150407E1,-5.746083856E-1,-7.642292023E0,1.280897856E0
1.653348771E1,-6.081272364E-1,-7.599195957E0,1.333570361E0
1.653547135E1,-6.631938815E-1,-7.575253963E0,1.347935557E0
1.653748551E1,-6.991068721E-1,-7.541735172E0,1.352723956E0
1.653943864E1,-7.517793179E-1,-7.517793179E0,1.362300754E0
1.654139176E1,-7.852981687E-1,-7.484274387E0,1.345541358E0
1.654337540E1,-7.829039693E-1,-7.419631004E0,1.297657371E0
1.654535905E1,-7.924807668E-1,-7.359776020E0,1.242590666E0
1.654731217E1,-8.259995580E-1,-7.345410824E0,1.211466074E0
1.654929581E1,-9.816226959E-1,-7.345410824E0,1.132457376E0
1.655127946E1,-1.031900883E0,-7.350199223E0,1.115697980E0
1.655326310E1,-1.173158884E0,-7.352593422E0,1.034295082E0
1.655524674E1,-1.194706678E0,-7.340622425E0,9.983820915E-1
1.655726090E1,-1.240196466E0,-7.287950039E0,8.738836050E-1
1.655921403E1,-1.273715258E0,-7.283161640E0,8.403648138E-1
1.656119767E1,-1.352723956E0,-7.280767441E0,7.805097699E-1
1.656318131E1,-1.441309452E0,-7.295132637E0,6.847416759E-1
1.656516496E1,-1.522712231E0,-7.268796444E0,5.746083856E-1
1.656714860E1,-1.572990537E0,-7.216124058E0,4.932055473E-1
1.656913224E1,-1.640028119E0,-7.184999466E0,4.309563041E-1
1.657111588E1,-1.728613615E0,-7.156269073E0,3.734954596E-1
1.657306901E1,-1.829170108E0,-7.141903877E0,3.160346150E-1
1.657505265E1,-1.929726601E0,-7.127538681E0,2.633621991E-1
1.657706681E1,-1.999158382E0,-7.082048416E0,2.082955539E-1
1.657901994E1,-2.059013367E0,-7.029376030E0,1.580173075E-1
1.658100358E1,-2.104503393E0,-6.983886242E0,1.053448766E-1
1.658298722E1,-2.142810583E0,-6.967126846E0,6.464344263E-2
1.658497086E1,-2.138022184E0,-6.933608055E0,3.830722719E-2
1.658692399E1,-2.128445387E0,-6.902483463E0,7.182605099E-3
1.658893815E1,-2.106897593E0,-6.845022678E0,-2.154781483E-2
1.659089127E1,-2.102109194E0,-6.785167694E0,-4.070143029E-2
1.659287492E1,-2.126051188E0,-6.737283707E0,-5.267243832E-2
1.659482804E1,-2.185906172E0,-6.718130112E0,-5.506663769E-2
1.659684220E1,-2.248155355E0,-6.718130112E0,-1.915361360E-2
1.659879533E1,-2.293645144E0,-6.718130112E0,5.267243832E-2
1.660080949E1,-2.327163935E0,-6.708553314E0,1.173158810E-1
1.660273209E1,-2.327163935E0,-6.672640324E0,1.508347094E-1
1.660474625E1,-2.327163935E0,-6.634333134E0,1.699883193E-1
1.660669938E1,-2.341529369E0,-6.615179062E0,1.915361285E-1
1.660868302E1,-2.360682964E0,-6.607996464E0,2.322375625E-1
1.661063615E1,-2.372653961E0,-6.596025467E0,2.920926213E-1
1.661265031E1,-2.353500366E0,-6.567295074E0,3.447650373E-1
1.661460343E1,-2.322375536E0,-6.528987885E0,3.878606856E-1
1.661658707E1,-2.312798738E0,-6.493074894E0,4.165911078E-1
1.661857072E1,-2.305616140E0,-6.464344501E0,4.237737060E-1
1.662055436E1,-2.291250944E0,-6.423643112E0,4.309563041E-1
1.662247697E1,-2.281674147E0,-6.385335922E0,4.453215301E-1
1.662449113E1,-2.279279947E0,-6.349422932E0,4.525041282E-1
1.662644425E1,-2.288856745E0,-6.311115742E0,4.668693244E-1
1.662842789E1,-2.315192938E0,-6.291962147E0,5.051765442E-1
1.663038102E1,-2.317587137E0,-6.263231754E0,5.363011956E-1
1.663239518E1,-2.291250944E0,-6.222530365E0,5.410895944E-1
1.663431779E1,-2.250549555E0,-6.181828976E0,5.219359994E-1
1.663633195E1,-2.236184359E0,-6.148310184E0,4.860229492E-1
1.663831559E1,-2.248155355E0,-6.114790916E0,4.453215301E-1
1.664029923E1,-2.262520552E0,-6.076483727E0,4.213795066E-1
1.664225236E1,-2.274491549E0,-6.050147533E0,3.902548850E-1
1.664426652E1,-2.300827742E0,-6.026205540E0,3.423708379E-1
1.664621964E1,-2.329558372E0,-5.990292549E0,2.849099934E-1
1.664820328E1,-2.343923569E0,-5.949591160E0,2.442085743E-1
1.665015641E1,-2.341529369E0,-5.911283970E0,2.130839527E-1
1.665217057E1,-2.329558372E0,-5.880159378E0,1.675941199E-1
1.665412370E1,-2.298433542E0,-5.853823185E0,1.101332754E-1
1.665610734E1,-2.272097349E0,-5.834669590E0,4.548983276E-2
1.665809098E1,-2.269703150E0,-5.808333397E0,-2.154781483E-2
1.666007462E1,-2.279279947E0,-5.798756599E0,-8.140286058E-2
1.666199723E1,-2.279279947E0,-5.813121796E0,-1.292868853E-1
1.666401139E1,-2.269703150E0,-5.820304394E0,-1.699883193E-1
1.666596452E1,-2.260126352E0,-5.829881191E0,-1.987187415E-1
1.666794816E1,-2.236184359E0,-5.861005783E0,-2.106897533E-1
1.666990128E1,-2.224213362E0,-5.877765179E0,-2.274491638E-1
1.667191544E1,-2.212242365E0,-5.889736176E0,-2.322375625E-1
1.667386857E1,-2.181117773E0,-5.913678169E0,-2.082955539E-1
1.667585221E1,-2.140416384E0,-5.963956356E0,-1.628057212E-1
1.667783585E1,-2.097320795E0,-6.030993938E0,-1.125274822E-1
1.667978898E1,-2.059013367E0,-6.093243122E0,-6.464344263E-2
1.668177262E1,-2.030282974E0,-6.150704384E0,-1.436521020E-2
1.668378678E1,-2.001552582E0,-6.186617374E0,2.873042040E-2
1.668573991E1,-1.944091797E0,-6.222530365E0,8.379705995E-2
1.668772355E1,-1.853112102E0,-6.277596951E0,1.604115069E-1
1.668967667E1,-1.747767210E0,-6.339846134E0,2.274491638E-1
1.669169083E1,-1.659181833E0,-6.382941723E0,2.873041928E-1
1.669361344E1,-1.608903527E0,-6.423643112E0,3.495534360E-1
1.669562760E1,-1.580173135E0,-6.478709698E0,4.261679053E-1
1.669758073E1,-1.549048543E0,-6.533776283E0,5.219359994E-1
1.669956437E1,-1.505952835E0,-6.588842869E0,6.296750307E-1
1.670151749E1,-1.448492050E0,-6.643909931E0,7.374141216E-1
1.670350114E1,-1.405396342E0,-6.706159115E0,8.547300100E-1
1.670548478E1,-1.374271750E0,-6.763619900E0,9.792284966E-1
1.670749894E1,-1.335964561E0,-6.818686485E0,1.115697980E0
1.670945206E1,-1.319205165E0,-6.849811077E0,1.177947283E0
1.671143571E1,-1.280897856E0,-6.912060261E0,1.312022567E0
1.671341935E1,-1.244984865E0,-6.974309444E0,1.455674648E0
1.671540299E1,-1.175553083E0,-7.029376030E0,1.604115129E0
1.671732560E1,-1.098938584E0,-7.091625214E0,1.752555609E0
1.671933976E1,-1.012747288E0,-7.163451672E0,1.908178806E0
1.672129288E1,-8.906430602E-1,-7.228095055E0,2.070984364E0
1.672327653E1,-7.445967197E-1,-7.290344238E0,2.219424963E0
1.672519914E1,-6.248866320E-1,-7.374141216E0,2.379836559E0
1.672721330E1,-5.458779931E-1,-7.465120792E0,2.547430515E0
1.672916642E1,-4.692635238E-1,-7.558494568E0,2.729389906E0
1.673115006E1,-3.543418646E-1,-7.639897823E0,2.932897091E0
1.673313370E1,-1.819593310E-1,-7.699752808E0,3.148375273E0
1.673511735E1,3.351882473E-2,-7.747636795E0,3.383007050E0
1.673707047E1,2.370259613E-1,-7.817068577E0,3.636792421E0
1.673908463E1,3.591302633E-1,-7.915230751E0,3.907337189E0
1.674103776E1,4.213795066E-1,-8.025363922E0,4.165910721E0
1.674302140E1,4.668693244E-1,-8.147468567E0,4.369418144E0
1.674500504E1,5.147533417E-1,-8.293514252E0,4.517858505E0
1.674701920E1,5.817909837E-1,-8.441955566E0,4.639962673E0
1.674897233E1,6.775590777E-1,-8.580819130E0,4.759673119E0
1.675095597E1,7.541735172E-1,-8.746018410E0,4.891354084E0
1.675293961E1,7.996633649E-1,-8.939949036E0,4.999093056E0
1.675492326E1,8.355764151E-1,-9.162610054E0,5.104437828E0
1.675687638E1,8.619126081E-1,-9.414001465E0,5.212177277E0
1.675889054E1,8.954314590E-1,-9.670180321E0,5.307945251E0
1.676084367E1,9.337386489E-1,-9.935936928E0,5.391742229E0
1.676285783E1,9.959878922E-1,-1.019451046E1,5.480327606E0
1.676478043E1,1.086967587E0,-1.044111347E1,5.619191170E0
1.676679459E1,1.213860273E0,-1.067095661E1,5.815515995E0
1.676874772E1,1.350329757E0,-1.089601231E1,6.062118530E0
1.677073136E1,1.513135433E0,-1.113543224E1,6.332663536E0
1.677271500E1,1.630451322E0,-1.139640045E1,6.634333134E0
1.677469865E1,1.692700624E0,-1.167412758E1,6.969521046E0
1.677662125E1,1.738190413E0,-1.199973869E1,7.314286232E0
1.677863541E1,1.800439715E0,-1.236605167E1,7.642292023E0
1.678058854E1,1.927332401E0,-1.273954678E1,7.929595947E0
1.678260270E1,2.130839586E0,-1.310346603E1,8.197746277E0
1.678455582E1,2.379836559E0,-1.344583702E1,8.422801971E0
1.678653947E1,2.643198729E0,-1.375229454E1,8.592789650E0
1.678852311E1,2.930502892E0,-1.402762794E1,8.719682693E0
1.679050675E1,3.229778051E0,-1.426944256E1,8.791508675E0
1.679245988E1,3.495534420E0,-1.448492050E1,8.786720276E0
1.679447404E1,3.742137194E0,-1.465969658E1,8.746018410E0
1.679642716E1,3.897760391E0,-1.482010841E1,8.705317497E0
1.679841080E1,3.983951569E0,-1.495178986E1,8.688557625E0
1.680033341E1,4.024652958E0,-1.505952835E1,8.710105896E0
1.680234757E1,4.058171749E0,-1.511698914E1,8.748413086E0
1.680430070E1,4.079719543E0,-1.512177753E1,8.801085472E0
1.680628434E1,4.043806553E0,-1.509304714E1,8.892065048E0
1.680823746E1,3.964797974E0,-1.503319263E1,9.016563416E0
1.681025162E1,3.859453201E0,-1.491827106E1,9.143456459E0
1.681217423E1,3.744531393E0,-1.473391724E1,9.251194954E0
1.681418839E1,3.639186621E0,-1.448013210E1,9.334992409E0
1.681617204E1,3.512293816E0,-1.420240402E1,9.375694275E0
1.681815568E1,3.356670856E0,-1.392228317E1,9.394847870E0
1.682010880E1,3.177105665E0,-1.363737297E1,9.368511200E0
1.682212296E1,2.973598480E0,-1.336922264E1,9.294290543E0
1.682407609E1,2.782062292E0,-1.310585976E1,9.162610054E0
1.682605973E1,2.602497339E0,-1.284010410E1,8.966285706E0
1.682801286E1,2.403778553E0,-1.259110641E1,8.731653214E0
1.683002702E1,2.169146776E0,-1.235168648E1,8.453926086E0
1.683198014E1,1.951274395E0,-1.211466026E1,8.125920296E0
1.683396378E1,1.762132406E0,-1.187763500E1,7.764396191E0
1.683594743E1,1.575384736E0,-1.164300251E1,7.400477409E0
1.683790055E1,1.369483352E0,-1.139640045E1,7.026981831E0
1.683988419E1,1.158793569E0,-1.113064384E1,6.627150536E0
1.684186784E1,9.409212470E-1,-1.085531044E1,6.210559368E0
1.684382096E1,6.655880809E-1,-1.060870743E1,5.793968201E0
1.684580460E1,3.495534360E-1,-1.038604736E1,5.389348030E0
1.684778825E1,4.070143029E-2,-1.017535686E1,4.984727859E0
1.684977189E1,-2.657563984E-1,-9.983820915E0,4.596867085E0
1.685172501E1,-5.937620401E-1,-9.787496567E0,4.242525578E0
1.685373917E1,-9.050082564E-1,-9.600749016E0,3.933673382E0
1.685569230E1,-1.053448796E0,-9.509769440E0,3.790021181E0
1.685767594E1,-1.343147159E0,-9.330204010E0,3.538630009E0
1.685965958E1,-1.635239720E0,-9.165003777E0,3.330334663E0
1.686164323E1,-1.939303398E0,-8.999804497E0,3.126827478E0
1.686359635E1,-2.264914751E0,-8.848969460E0,2.870647907E0
1.686557999E1,-2.585737944E0,-8.705317497E0,2.583343744E0
1.686756364E1,-2.913743496E0,-8.585607529E0,2.339135170E0
1.686954728E1,-3.248931646E0,-8.492233276E0,2.123656988E0
1.687146989E1,-3.586514235E0,-8.420407295E0,1.920149803E0
1.687348405E1,-3.892971992E0,-8.350975990E0,1.719036818E0
1.687543717E1,-4.180276394E0,-8.298302650E0,1.517923832E0
1.687742081E1,-4.465186119E0,-8.279149055E0,1.307234168E0
1.687940446E1,-4.718971729E0,-8.293514252E0,1.108515382E0
1.688138810E1,-4.910507679E0,-8.341399193E0,9.433154464E-1
1.688334123E1,-5.063736439E0,-8.451532364E0,7.996633649E-1
1.688532487E1,-5.209783077E0,-8.614337921E0,6.224924326E-1
1.688730851E1,-5.372588634E0,-8.875306129E0,4.596867263E-1
1.688926164E1,-5.516240597E0,-9.229647636E0,3.280056417E-1
1.689124528E1,-5.609614372E0,-9.636661530E0,2.466027737E-1
1.689325944E1,-5.643133640E0,-1.011310768E1,2.011129409E-1
1.689521256E1,-5.612008572E0,-1.067095661E1,1.819593310E-1
1.689719620E1,-5.504269600E0,-1.129584408E1,2.106897533E-1
1.689911881E1,-5.286397457E0,-1.194227791E1,2.585737705E-1
1.690113297E1,-5.015852451E0,-1.257674122E1,1.987187415E-1
1.690308610E1,-4.747702122E0,-1.319683933E1,-6.703764945E-2
1.690506974E1,-4.505887508E0,-1.383130360E1,-5.386953950E-1
1.690699235E1,-4.283226967E0,-1.446576691E1,-1.142034173E0
1.690900651E1,-4.024652958E0,-1.502122116E1,-1.762132406E0
1.691095963E1,-3.718195200E0,-1.550245571E1,-2.398990154E0
1.691294328E1,-3.397372246E0,-1.594777775E1,-3.047818661E0
1.691492692E1,-3.069366693E0,-1.641225243E1,-3.641580820E0
1.691691056E1,-2.753331900E0,-1.684799767E1,-4.151545525E0
1.691883317E1,-2.401384354E0,-1.721909904E1,-4.611232281E0
1.692084733E1,-2.032677174E0,-1.753992081E1,-4.975151062E0
1.692280045E1,-1.719036818E0,-1.784159088E1,-5.224148273E0
1.692478410E1,-1.467645645E0,-1.808580017E1,-5.403713226E0
1.692673722E1,-1.266532660E0,-1.826296997E1,-5.561730385E0
1.692875138E1,-1.103726983E0,-1.835155678E1,-5.676652431E0
1.693070451E1,-1.005564690E0,-1.839465141E1,-5.674258232E0
1.693268815E1,-9.576807022E-1,-1.836592102E1,-5.595249176E0
1.693467179E1,-9.744400978E-1,-1.824621201E1,-5.489904404E0
1.693665543E1,-1.051054597E0,-1.801636696E1,-5.327098846E0
1.693860856E1,-1.199495077E0,-1.768836212E1,-5.073313236E0
1.694059220E1,-1.414973259E0,-1.727895355E1,-4.716577530E0
1.694257584E1,-1.640028119E0,-1.678814316E1,-4.266467571E0
1.694455949E1,-1.843535304E0,-1.619677544E1,-3.794809580E0
1.694651261E1,-2.015917778E0,-1.552639771E1,-3.339911461E0
1.694849625E1,-2.123656988E0,-1.477222443E1,-2.916137695E0
1.695044938E1,-2.109291792E0,-1.392228317E1,-2.547430515E0
1.695243302E1,-1.965639591E0,-1.301727486E1,-2.205059767E0
1.695441666E1,-1.711854219E0,-1.213381386E1,-1.833958507E0
1.695643082E1,-1.371877551E0,-1.131499767E1,-1.414973259E0
1.695838395E1,-9.864110947E-1,-1.056321812E1,-9.289502501E-1
1.696036759E1,-6.081272364E-1,-9.876082420E0,-3.711012602E-1
1.696235123E1,-2.729389966E-1,-9.260771751E0,2.729389966E-1
1.696436539E1,-1.675941236E-2,-8.731653214E0,9.457096457E-1
1.696631852E1,1.747767180E-1,-8.288725853E0,1.498770237E0
1.696830216E1,3.806780577E-1,-7.912836552E0,1.810016513E0
1.697025529E1,6.105214357E-1,-7.608773232E0,1.819593310E0
1.697226945E1,7.900865674E-1,-7.395689011E0,1.549048543E0
1.697422257E1,8.858546019E-1,-7.271190643E0,1.072602391E0
1.697623673E1,8.978256583E-1,-7.218518257E0,4.525041282E-1
1.697818986E1,8.858546019E-1,-7.218518257E0,-2.968810201E-1
1.698017350E1,8.834604025E-1,-7.247248650E0,-1.125274777E0
1.698212662E1,9.193734527E-1,-7.290344238E0,-1.924938202E0
1.698414078E1,9.624691010E-1,-7.338228226E0,-2.645592928E0
1.698609391E1,9.768342972E-1,-7.383718014E0,-3.229778051E0
1.698807755E1,1.034295082E0,-7.412448406E0,-3.689464808E0
1.699006120E1,1.199495077E0,-7.436390400E0,-4.067748547E0
1.699204484E1,1.414973259E0,-7.457938194E0,-4.369418144E0
1.699396745E1,1.513135433E0,-7.469909191E0,-4.491522312E0
1.699595109E1,1.663970232E0,-7.510610580E0,-4.690241337E0
1.699793473E1,1.754949808E0,-7.582436562E0,-4.824316502E0
1.699994889E1,1.778891921E0,-7.690176010E0,-4.900930882E0
1.700190202E1,1.752555609E0,-7.814674377E0,-4.963180065E0
1.700388566E1,1.752555609E0,-7.946355343E0,-5.051765442E0
1.700586930E1,1.790862918E0,-8.080430984E0,-5.140350819E0
1.700788346E1,1.836352706E0,-8.202534676E0,-5.200206280E0
1.700980607E1,1.833958507E0,-8.346187592E0,-5.195417881E0
1.701182023E1,1.831564307E0,-8.518569946E0,-5.190629482E0
1.701377335E1,1.790862918E0,-8.686163902E0,-5.159504890E0
1.701572648E1,1.611297727E0,-8.798690796E0,-5.039794445E0
1.701771012E1,1.417367458E0,-8.865729332E0,-4.917690277E0
1.701969376E1,1.240196466E0,-8.913613319E0,-4.848258495E0
1.702164689E1,1.060631394E0,-8.975862503E0,-4.845864296E0
1.702363053E1,8.475474119E-1,-9.064447403E0,-4.819528103E0
1.702561417E1,6.631938815E-1,-9.131484985E0,-4.733336926E0
1.702759782E1,5.339069963E-1,-9.138668060E0,-4.642356873E0
1.702955094E1,4.477157295E-1,-9.119514465E0,-4.584896088E0
1.703156510E1,4.525041282E-1,-9.090784073E0,-4.515464306E0
1.703351823E1,5.339069963E-1,-9.054870605E0,-4.393360138E0
1.703550187E1,6.512228847E-1,-9.021351814E0,-4.273650169E0
1.703748551E1,7.757213712E-1,-9.004592896E0,-4.204218388E0
1.703946915E1,8.283938169E-1,-8.980650902E0,-4.199429989E0
1.704142228E1,8.403648138E-1,-8.961497307E0,-4.225766182E0
1.704340592E1,8.667010069E-1,-8.968679428E0,-4.225766182E0
1.704538956E1,7.996633649E-1,-9.016563416E0,-4.177882195E0
1.704737321E1,5.530605912E-1,-9.117119789E0,-4.048594952E0
1.704932633E1,2.489969730E-1,-9.277531624E0,-3.794809580E0
1.705134049E1,4.548983276E-2,-9.445125580E0,-3.418920040E0
1.705329362E1,1.915361360E-2,-9.603142738E0,-2.954444885E0
1.705524674E1,1.532289088E-1,-9.732429504E0,-2.475604534E0
1.705723038E1,3.399766386E-1,-9.823410034E0,-2.015917778E0
1.705921403E1,4.668693244E-1,-9.897629738E0,-1.517923832E0
1.706116715E1,5.291185975E-1,-9.969455719E0,-9.768342972E-1
1.706315080E1,5.650315881E-1,-1.003409958E1,-4.309563041E-1
1.706513444E1,6.153098345E-1,-1.008916569E1,7.422025502E-2
1.706711808E1,7.015010715E-1,-1.013944435E1,4.740519226E-1
1.706910172E1,8.403648138E-1,-1.019929886E1,7.398083210E-1
1.707111588E1,9.289502501E-1,-1.024718285E1,9.121908545E-1
1.707306901E1,9.026140571E-1,-1.028549004E1,1.134851575E0
1.707505265E1,8.403648138E-1,-1.032379818E1,1.398213744E0
1.707703629E1,8.140285611E-1,-1.034534550E1,1.551442742E0
1.707901994E1,8.331822157E-1,-1.034774017E1,1.508347034E0
1.708097306E1,8.762778044E-1,-1.033576870E1,1.343147159E0
1.708295670E1,8.834604025E-1,-1.030703831E1,1.187524080E0
1.708494035E1,8.259995580E-1,-1.027112484E1,1.127668977E0
1.708689347E1,7.422025204E-1,-1.024000072E1,1.182735682E0
1.708887711E1,7.015010715E-1,-1.022802925E1,1.271321058E0
1.709089127E1,7.374141216E-1,-1.020887566E1,1.316810966E0
1.709284440E1,8.331822157E-1,-1.016338634E1,1.304839969E0
1.709482804E1,9.481038451E-1,-1.009634876E1,1.259350061E0
1.709675065E1,1.039083481E0,-1.001015759E1,1.221042871E0
1.709876481E1,1.079784989E0,-9.938331604E0,1.228225470E0
1.710071793E1,1.039083481E0,-9.900024414E0,1.283292055E0
1.710270158E1,9.097966552E-1,-9.873687744E0,1.386242747E0
1.710462418E1,7.493851185E-1,-9.849745750E0,1.467645645E0
1.710663834E1,5.530605912E-1,-9.813833237E0,1.532289028E0
1.710859147E1,3.495534360E-1,-9.809044838E0,1.606509328E0
1.711057511E1,2.370259613E-1,-9.821015358E0,1.568202138E0
1.711255875E1,1.891419291E-1,-9.809044838E0,1.438915253E0
1.711454240E1,9.576806426E-2,-9.797073364E0,1.323993564E0
1.711652604E1,-6.943184882E-2,-9.782708168E0,1.254561663E0
1.711850968E1,-2.657563984E-1,-9.768342972E0,1.199495077E0
1.712049332E1,-4.692635238E-1,-9.751583099E0,1.142034173E0
1.712247697E1,-6.751648784E-1,-9.737217903E0,1.103726983E0
1.712439957E1,-9.026140571E-1,-9.746794701E0,1.086967587E0
1.712641373E1,-1.149216771E0,-9.768342972E0,1.046266198E0
1.712836686E1,-1.379060149E0,-9.789890289E0,9.624691010E-1
1.713035050E1,-1.558625340E0,-9.797073364E0,8.906430602E-1
1.713233414E1,-1.675941229E0,-9.763554573E0,8.714894056E-1
1.713431779E1,-1.747767210E0,-9.696516991E0,8.643068075E-1
1.713624039E1,-1.786074519E0,-9.662998199E0,8.547300100E-1
1.713825456E1,-1.884236693E0,-9.629479408E0,7.876923680E-1
1.714020768E1,-2.013523579E0,-9.631873131E0,6.584054828E-1
1.714219132E1,-2.188300371E0,-9.653421402E0,4.836287498E-1
1.714411393E1,-2.396595955E0,-9.672574997E0,2.346317619E-1
1.714612809E1,-2.621650934E0,-9.689333916E0,-1.125274822E-1
1.714805070E1,-2.813186884E0,-9.677363396E0,-4.788403511E-1
1.715006486E1,-2.920926094E0,-9.627084732E0,-7.613561153E-1
1.715201798E1,-2.975992680E0,-9.555258751E0,-9.289502501E-1
1.715397111E1,-3.002328873E0,-9.481039047E0,-9.959878922E-1
1.715595475E1,-2.992752075E0,-9.425971985E0,-1.029506683E0
1.715793839E1,-2.954444885E0,-9.394847870E0,-1.046266198E0
1.715989152E1,-2.904166698E0,-9.349357605E0,-1.036689281E0
1.716187516E1,-2.841917515E0,-9.296685219E0,-1.007958889E0
1.716385880E1,-2.772485495E0,-9.258378029E0,-9.720458984E-1
1.716584245E1,-2.691082716E0,-9.217676163E0,-9.217676520E-1
1.716779557E1,-2.568978310E0,-9.188945770E0,-8.714894056E-1
1.716980973E1,-2.418143749E0,-9.133879662E0,-8.451532125E-1
1.717176286E1,-2.245761156E0,-9.057265282E0,-8.212111592E-1
1.717371598E1,-2.054224968E0,-8.997409821E0,-8.068459630E-1
1.717569962E1,-1.848323703E0,-8.963891029E0,-8.020575643E-1
1.717768327E1,-1.613691926E0,-8.947132111E0,-7.924807668E-1
1.717963639E1,-1.357512355E0,-8.925583839E0,-7.900865674E-1
1.718165055E1,-1.103726983E0,-8.892065048E0,-7.996633649E-1
1.718360368E1,-8.619126081E-1,-8.872911453E0,-8.236053586E-1
1.718561784E1,-6.464344859E-1,-8.870517731E0,-8.690952063E-1
1.718754044E1,-4.405331016E-1,-8.865729332E0,-9.145850539E-1
1.718955460E1,-2.298433632E-1,-8.853757858E0,-9.504981041E-1
1.719150773E1,-2.873042040E-2,-8.827422142E0,-9.600749016E-1
1.719349137E1,1.771709323E-1,-8.779537201E0,-9.433154464E-1
1.719544450E1,3.782838583E-1,-8.738836288E0,-9.074024558E-1
1.719742814E1,5.482721925E-1,-8.690952301E0,-8.690952063E-1
1.719941178E1,6.895300746E-1,-8.647856712E0,-8.283938169E-1
1.720142594E1,8.188169599E-1,-8.628703117E0,-8.044517636E-1
1.720337907E1,9.265560508E-1,-8.619126320E0,-8.164227605E-1
1.720536271E1,1.019929886E0,-8.616731644E0,-8.738836050E-1
1.720731583E1,1.074996591E0,-8.599972725E0,-9.552865028E-1
1.720929948E1,1.108515382E0,-8.578424454E0,-1.027112484E0
1.721128312E1,1.134851575E0,-8.564059258E0,-1.070208192E0
1.721329728E1,1.180341482E0,-8.547300339E0,-1.108515382E0
1.721525040E1,1.247379065E0,-8.530540466E0,-1.173158884E0
1.721726456E1,1.331176162E0,-8.537723541E0,-1.264138460E0
1.721921769E1,1.417367458E0,-8.556877136E0,-1.359906554E0
1.722123185E1,1.510741234E0,-8.566453934E0,-1.467645645E0
1.722318498E1,1.582567334E0,-8.554482460E0,-1.589749932E0
1.722519914E1,1.623268723E0,-8.552088737E0,-1.697489023E0
1.722715226E1,1.630451322E0,-8.571242332E0,-1.778891921E0
1.722913590E1,1.623268723E0,-8.599972725E0,-1.841141105E0
1.723111955E1,1.601720929E0,-8.609549522E0,-1.889025092E0
1.723307267E1,1.580173135E0,-8.635885239E0,-1.920149803E0
1.723505631E1,1.575384736E0,-8.657433510E0,-1.944091797E0
1.723703996E1,1.563413739E0,-8.669404030E0,-1.956062794E0
1.723899308E1,1.539471745E0,-8.681375504E0,-1.948880196E0
1.724097672E1,1.522712231E0,-8.698134422E0,-1.927332401E0
1.724296037E1,1.510741234E0,-8.726864815E0,-1.903390408E0
1.724491349E1,1.498770237E0,-8.755595207E0,-1.865083098E0
1.724689713E1,1.472434044E0,-8.779537201E0,-1.826775908E0
1.724891129E1,1.438915253E0,-8.789113998E0,-1.778891921E0
1.725086442E1,1.400607944E0,-8.808267593E0,-1.733402014E0
1.725284806E1,1.364694953E0,-8.834604263E0,-1.692700624E0
1.725483170E1,1.319205165E0,-8.877699852E0,-1.651999116E0
1.725681535E1,1.276109457E0,-8.916007042E0,-1.618480325E0
1.725876847E1,1.249773264E0,-8.944737434E0,-1.587355733E0
1.726075211E1,1.213860273E0,-8.954314232E0,-1.565807939E0
1.726273576E1,1.165976286E0,-8.971074104E0,-1.551442742E0
1.726468888E1,1.115697980E0,-9.006986618E0,-1.551442742E0
1.726667252E1,1.070208192E0,-9.030928612E0,-1.565807939E0
1.726868668E1,1.017535686E0,-9.047688484E0,-1.580173135E0
1.727063981E1,9.481038451E-1,-9.076418877E0,-1.584961534E0
1.727262345E1,8.738836050E-1,-9.107542992E0,-1.587355733E0
1.727460709E1,7.924807668E-1,-9.136273384E0,-1.570596337E0
1.727659074E1,7.182605267E-1,-9.169792175E0,-1.529894829E0
1.727854386E1,6.440402865E-1,-9.205705643E0,-1.496376038E0
1.728052750E1,6.105214357E-1,-9.222464561E0,-1.486799240E0
1.728248063E1,5.506663918E-1,-9.267954826E0,-1.477222443E0
1.728446427E1,4.932055473E-1,-9.318233490E0,-1.465251446E0
1.728641740E1,4.429273009E-1,-9.351752281E0,-1.443703651E0
1.728840104E1,4.022258818E-1,-9.375694275E0,-1.422155857E0
1.729038468E1,3.758896589E-1,-9.385271072E0,-1.407790542E0
1.729239884E1,3.303998411E-1,-9.402029991E0,-1.374271750E0
1.729435197E1,2.777273953E-1,-9.423578262E0,-1.319205165E0
1.729633561E1,2.322375625E-1,-9.445125580E0,-1.266532660E0
1.729831925E1,1.819593310E-1,-9.459490776E0,-1.206677675E0
1.730030289E1,1.316810995E-1,-9.471462250E0,-1.158793569E0
1.730225602E1,8.379705995E-2,-9.476250648E0,-1.125274777E0
1.730423966E1,4.309562966E-2,-9.478644371E0,-1.098938584E0
1.730619279E1,0.000000000E0,-9.478644371E0,-1.067813993E0
1.730817643E1,-4.548983276E-2,-9.483432770E0,-1.039083481E0
1.731016007E1,-8.619125932E-2,-9.495404243E0,-1.022324085E0
1.731217423E1,-1.316810995E-1,-9.502586365E0,-1.012747288E0
1.731415788E1,-1.867477298E-1,-9.502586365E0,-1.010353088E0
1.731614152E1,-2.442085743E-1,-9.514557838E0,-1.022324085E0
1.731809464E1,-2.849099934E-1,-9.528923035E0,-1.041477680E0
1.732007828E1,-3.232172430E-1,-9.533711433E0,-1.048660398E0
1.732206193E1,-3.711012602E-1,-9.533711433E0,-1.051054597E0
1.732401505E1,-4.189853072E-1,-9.545681953E0,-1.043871999E0
1.732599870E1,-4.716577232E-1,-9.562441826E0,-1.043871999E0
1.732801286E1,-5.267243981E-1,-9.574412346E0,-1.041477680E0
1.732996598E1,-5.746083856E-1,-9.593565941E0,-1.048660398E0
1.733191910E1,-6.153098345E-1,-9.610325813E0,-1.058237195E0
1.733390275E1,-6.655880809E-1,-9.634267807E0,-1.065419793E0
1.733588639E1,-7.230489254E-1,-9.660603523E0,-1.077390790E0
1.733783952E1,-7.924807668E-1,-9.694122314E0,-1.082179189E0
1.733982316E1,-8.714894056E-1,-9.734824181E0,-1.074996591E0
1.734180680E1,-9.552865028E-1,-9.780313492E0,-1.058237195E0
1.734375993E1,-1.046266198E0,-9.828198433E0,-1.036689281E0
1.734574357E1,-1.134851575E0,-9.866505623E0,-1.019929886E0
1.734775773E1,-1.221042871E0,-9.902418137E0,-9.864110947E-1
1.734971085E1,-1.302445769E0,-9.940725327E0,-9.504981041E-1
1.735169450E1,-1.371877551E0,-9.976638794E0,-9.074024558E-1
1.735367814E1,-1.426944256E0,-9.998186111E0,-8.595184088E-1
1.735566178E1,-1.458068848E0,-1.001255131E1,-8.212111592E-1
1.735764542E1,-1.484405041E0,-1.001733971E1,-7.876923680E-1
1.735962907E1,-1.503558636E0,-1.003409958E1,-7.254431248E-1
1.736161271E1,-1.498770237E0,-1.004607010E1,-6.488286853E-1
1.736362687E1,-1.484405041E0,-1.006043530E1,-5.889736414E-1
1.736557999E1,-1.458068848E0,-1.007958889E1,-5.339069963E-1
1.736759415E1,-1.419761658E0,-1.011310768E1,-4.908113480E-1
1.736954728E1,-1.362300754E0,-1.014902115E1,-4.548983276E-1
1.737153092E1,-1.280897856E0,-1.019211674E1,-4.213795066E-1
1.737351456E1,-1.187524080E0,-1.023042393E1,-3.950432837E-1
1.737549821E1,-1.094150186E0,-1.026633644E1,-3.806780577E-1
1.737745133E1,-1.007958889E0,-1.030703831E1,-3.782838583E-1
1.737946549E1,-9.121908545E-1,-1.035252857E1,-3.806780577E-1
1.738141862E1,-7.900865674E-1,-1.040998936E1,-3.854664862E-1
1.738340226E1,-6.655880809E-1,-1.045787334E1,-4.022258818E-1
1.738538590E1,-5.458779931E-1,-1.048660374E1,-4.381389022E-1
1.738736955E1,-4.213795066E-1,-1.050096893E1,-4.836287498E-1
1.738929215E1,-2.849099934E-1,-1.050815105E1,-5.291185975E-1
1.739130631E1,-1.412578970E-1,-1.051293945E1,-5.817909837E-1
1.739325944E1,1.197100803E-2,-1.051293945E1,-6.368576288E-1
1.739524308E1,1.604115069E-1,-1.049378586E1,-6.943184733E-1
1.739722672E1,2.992752194E-1,-1.045787334E1,-7.565677166E-1
1.739924088E1,4.189853072E-1,-1.040280628E1,-8.283938169E-1
1.740119401E1,5.363011956E-1,-1.034055710E1,-9.074024558E-1
1.740317765E1,6.464344859E-1,-1.027830791E1,-9.792284966E-1
1.740513078E1,7.445967197E-1,-1.022324085E1,-1.036689281E0
1.740714494E1,8.164227605E-1,-1.017056847E1,-1.084573388E0
1.740909806E1,8.547300100E-1,-1.012986755E1,-1.113303781E0
1.741111222E1,8.619126081E-1,-1.010113716E1,-1.118092179E0
1.741306535E1,8.355764151E-1,-1.008437729E1,-1.086967587E0
1.741504899E1,7.852981687E-1,-1.008198357E1,-1.029506683E0
1.741703263E1,7.015010715E-1,-1.008916569E1,-9.624691010E-1
1.741904679E1,5.985504389E-1,-1.009874249E1,-8.619126081E-1
1.742099992E1,4.836287498E-1,-1.013226128E1,-7.206547260E-1
1.742298356E1,3.591302633E-1,-1.016817474E1,-5.530605912E-1
1.742493668E1,2.418143749E-1,-1.020408726E1,-3.711012602E-1
1.742695084E1,1.460463107E-1,-1.024239445E1,-1.939303428E-1
1.742890397E1,5.985504389E-2,-1.027591324E1,-1.675941236E-2
1.743091813E1,-1.915361360E-2,-1.030943298E1,1.484405100E-1
1.743287125E1,-7.661445439E-2,-1.034774017E1,2.657563984E-1
1.743485490E1,-1.005564705E-1,-1.038125896E1,3.471592367E-1
1.743683854E1,-8.379705995E-2,-1.040759468E1,3.782838583E-1
1.743885270E1,-2.873042040E-2,-1.043153667E1,3.567360640E-1
1.744080582E1,4.548983276E-2,-1.046984386E1,2.944868207E-1
1.744278947E1,1.316810995E-1,-1.051533413E1,2.011129409E-1
1.744477311E1,2.418143749E-1,-1.057040024E1,7.422025502E-2
1.744675675E1,3.902548850E-1,-1.062067890E1,-9.097966552E-2
1.744867936E1,5.698199868E-1,-1.066616821E1,-2.657563984E-1
1.745069352E1,7.374141216E-1,-1.070687008E1,-4.405331016E-1
1.745264664E1,9.002198577E-1,-1.073560047E1,-6.224924326E-1
1.745466080E1,1.065419793E0,-1.076193619E1,-7.852981687E-1
1.745658341E1,1.146822572E0,-1.077390766E1,-8.523358107E-1
1.745859757E1,1.302445769E0,-1.079784966E1,-9.576807022E-1
1.746055070E1,1.455674648E0,-1.082179165E1,-1.034295082E0
1.746253434E1,1.618480325E0,-1.084094524E1,-1.091755986E0
1.746451798E1,1.769315004E0,-1.086009884E1,-1.118092179E0
1.746650162E1,1.905784607E0,-1.087446404E1,-1.103726983E0
1.746842423E1,2.037465572E0,-1.088882923E1,-1.051054597E0
1.747043839E1,2.140416384E0,-1.090558910E1,-9.648633003E-1
1.747239152E1,2.202665567E0,-1.091755962E1,-8.475474119E-1
1.747440568E1,2.238578558E0,-1.092474270E1,-7.206547260E-1
1.747635880E1,2.240972757E0,-1.094868469E1,-5.937620401E-1
1.747834245E1,2.185906172E0,-1.098938560E1,-4.620809257E-1
1.748029557E1,2.097320795E0,-1.104445267E1,-3.351882398E-1
1.748230973E1,1.987187386E0,-1.111867237E1,-1.939303428E-1
1.748426286E1,1.855506301E0,-1.122880554E1,-3.591302410E-2
1.748624650E1,1.716642618E0,-1.136767006E1,1.173158810E-1
1.748823014E1,1.570596337E0,-1.153286934E1,2.825157940E-1
1.749021378E1,1.410184860E0,-1.172201157E1,4.477157295E-1
1.749213639E1,1.249773264E0,-1.192073059E1,6.057330370E-1
1.749415055E1,1.103726983E0,-1.211705494E1,7.517793179E-1
1.749610368E1,9.672574997E-1,-1.230140877E1,9.097966552E-1
1.749808732E1,8.355764151E-1,-1.246900272E1,1.070208192E0
1.750000993E1,7.062895298E-1,-1.261504841E1,1.221042871E0
1.750202409E1,5.817909837E-1,-1.275630665E1,1.374271750E0
1.750397721E1,4.740519226E-1,-1.288080502E1,1.513135433E0
1.750596085E1,3.926490843E-1,-1.297657299E1,1.649604917E0
1.750794450E1,3.423708379E-1,-1.305797577E1,1.776497602E0
1.750992814E1,3.064578176E-1,-1.311304283E1,1.886630893E0
1.751188126E1,2.825157940E-1,-1.314177322E1,1.975216389E0
1.751386491E1,2.729389966E-1,-1.314656162E1,2.044648170E0
1.751584855E1,2.729389966E-1,-1.312261963E1,2.111685991E0
1.751783219E1,2.705447972E-1,-1.307952404E1,2.178723574E0
1.751975480E1,2.585737705E-1,-1.303642845E1,2.257732153E0
1.752176896E1,2.370259613E-1,-1.298854446E1,2.336740971E0
1.752372208E1,2.154781520E-1,-1.293108368E1,2.418143749E0
1.752570573E1,2.059013397E-1,-1.286643982E1,2.509123325E0
1.752768937E1,1.867477298E-1,-1.281855583E1,2.621650934E0
1.752967301E1,1.460463107E-1,-1.280897903E1,2.753331900E0
1.753162614E1,8.379705995E-2,-1.284010410E1,2.899378300E0
1.753364030E1,9.576806799E-3,-1.290235329E1,3.057395458E0
1.753559342E1,-6.943184882E-2,-1.300530338E1,3.217807055E0
1.753757706E1,-1.556231081E-1,-1.315374374E1,3.378218651E0
1.753953019E1,-2.466027737E-1,-1.332612705E1,3.524264812E0
1.754154435E1,-3.543418646E-1,-1.351526833E1,3.648763418E0
1.754349748E1,-4.764461517E-1,-1.372835255E1,3.742137194E0
1.754548112E1,-6.009446383E-1,-1.397734928E1,3.801992416E0
1.754746476E1,-7.134721279E-1,-1.423592377E1,3.833117008E0
1.754941788E1,-8.212111592E-1,-1.447534370E1,3.823540211E0
1.755140153E1,-9.409212470E-1,-1.468842697E1,3.787626982E0
1.755338517E1,-1.060631394E0,-1.489432907E1,3.737348795E0
1.755533830E1,-1.192312479E0,-1.507868195E1,3.658340216E0
1.755732194E1,-1.290474772E0,-1.524388218E1,3.579331636E0
1.755930558E1,-1.362300754E0,-1.537795734E1,3.512293816E0
1.756131974E1,-1.436521053E0,-1.546414852E1,3.459621429E0
1.756324235E1,-1.520318031E0,-1.551682091E1,3.426102638E0
1.756525651E1,-1.594538331E0,-1.551203251E1,3.421314240E0
1.756720963E1,-1.678335428E0,-1.544738960E1,3.426102638E0
1.756916276E1,-1.783680320E0,-1.533965015E1,3.426102638E0
1.757114640E1,-1.922544003E0,-1.520078659E1,3.435679436E0
1.757313004E1,-2.078166962E0,-1.503798103E1,3.466804028E0
1.757508317E1,-2.221819162E0,-1.481292629E1,3.490746021E0
1.757706681E1,-2.365471363E0,-1.453759289E1,3.488351822E0
1.757905045E1,-2.511517525E0,-1.424310589E1,3.454833031E0
1.758106461E1,-2.643198729E0,-1.394622517E1,3.416525841E0
1.758301774E1,-2.748543501E0,-1.365652657E1,3.378218651E0
1.758503190E1,-2.829946518E0,-1.335725117E1,3.325546265E0
1.758701554E1,-2.908955097E0,-1.304839897E1,3.260902643E0
1.758899918E1,-2.983175278E0,-1.273236465E1,3.169923067E0
1.759095231E1,-3.052607059E0,-1.242590714E1,3.071760893E0
1.759293595E1,-3.088520288E0,-1.215536213E1,2.966415882E0
1.759491959E1,-3.088520288E0,-1.192791271E1,2.839523315E0
1.759693375E1,-3.078943491E0,-1.171482849E1,2.679111719E0
1.759888688E1,-3.066972494E0,-1.160709000E1,2.585737944E0
1.760087052E1,-2.987963676E0,-1.129105568E1,2.221819162E0
1.760285416E1,-2.954444885E0,-1.118331623E1,2.085349798E0
1.760483781E1,-2.894589901E0,-1.098459721E1,1.805228114E0
1.760679093E1,-2.841917515E0,-1.081460953E1,1.539471745E0
1.760880509E1,-2.801215887E0,-1.067095661E1,1.307234168E0
1.761075822E1,-2.762908697E0,-1.054166985E1,1.086967587E0
1.761274186E1,-2.710236311E0,-1.041717148E1,8.379706144E-1
1.761472550E1,-2.664746523E0,-1.030464458E1,5.434837937E-1
1.761673966E1,-2.643198729E0,-1.020408726E1,2.394201756E-1
1.761869279E1,-2.628833532E0,-1.012507915E1,-9.337386489E-2
1.762067643E1,-2.645592928E0,-1.008677197E1,-4.572925270E-1
1.762266007E1,-2.686294317E0,-1.010353088E1,-8.212111592E-1
1.762464372E1,-2.722207308E0,-1.016578007E1,-1.156399369E0
1.762656632E1,-2.717418909E0,-1.027591324E1,-1.453280449E0
1.762858048E1,-2.659958124E0,-1.041238308E1,-1.719036818E0
1.763053361E1,-2.549824715E0,-1.053927612E1,-1.939303398E0
1.763251725E1,-2.413355350E0,-1.065659142E1,-2.126051188E0
1.763450089E1,-2.272097349E0,-1.076193619E1,-2.281674147E0
1.763651505E1,-2.138022184E0,-1.086967564E1,-2.415749550E0
1.763846818E1,-2.030282974E0,-1.096783829E1,-2.552218914E0
1.764045182E1,-1.944091797E0,-1.104445267E1,-2.717418909E0
1.764243546E1,-1.865083098E0,-1.109951878E1,-2.906560898E0
1.764441910E1,-1.788468719E0,-1.112585545E1,-3.102885485E0
1.764634171E1,-1.707065821E0,-1.111867237E1,-3.296815634E0
1.764835587E1,-1.635239720E0,-1.109473038E1,-3.481169224E0
1.765030900E1,-1.556231141E0,-1.106839466E1,-3.653551817E0
1.765229264E1,-1.477222443E0,-1.101093388E1,-3.828328609E0
1.765427628E1,-1.410184860E0,-1.091516590E1,-4.034229755E0
1.765629044E1,-1.319205165E0,-1.081939793E1,-4.209006786E0
1.765824357E1,-1.242590666E0,-1.074757099E1,-4.268861771E0
1.766022721E1,-1.209071875E0,-1.069250488E1,-4.228160381E0
1.766218034E1,-1.180341482E0,-1.061349583E1,-4.127603531E0
1.766419450E1,-1.130063176E0,-1.050815105E1,-4.012681961E0
1.766614762E1,-1.082179189E0,-1.039083576E1,-3.885789394E0
1.766816178E1,-1.043871999E0,-1.028070164E1,-3.734954596E0
1.767011491E1,-1.015141487E0,-1.016578007E1,-3.526659012E0
1.767209855E1,-9.864110947E-1,-1.004128170E1,-3.275267839E0
1.767408219E1,-9.289502501E-1,-9.892841339E0,-3.009511471E0
1.767609635E1,-8.020575643E-1,-9.737217903E0,-2.707842112E0
1.767804948E1,-6.727706790E-1,-9.591172218E0,-2.360682964E0
1.768006364E1,-5.746083856E-1,-9.466673851E0,-2.018311977E0
1.768198624E1,-4.716577232E-1,-9.370905876E0,-1.728613615E0
1.768400040E1,-3.064578176E-1,-9.270348549E0,-1.561019540E0
1.768598405E1,2.394201700E-3,-9.136273384E0,-1.592144132E0
1.768796769E1,5.626373887E-1,-8.961497307E0,-1.795651317E0
1.768992081E1,1.407790542E0,-8.865729332E0,-2.054224968E0
1.769193498E1,1.989581585E0,-8.904036522E0,-2.114080191E0
1.769388810E1,1.975216389E0,-8.947132111E0,-1.903390408E0
1.769587174E1,1.891419291E0,-8.963891029E0,-1.644816518E0
1.769782487E1,2.142810583E0,-8.949525833E0,-1.539471745E0
1.769983903E1,2.645592928E0,-8.961497307E0,-1.508347034E0
1.770179215E1,3.153163671E0,-9.040505409E0,-1.525106430E0
1.770377580E1,3.481169224E0,-9.100360870E0,-1.561019540E0
1.770575944E1,3.517082214E0,-9.090784073E0,-1.379060149E0
1.770774308E1,3.318363667E0,-9.066842079E0,-9.959878922E-1
1.770966569E1,3.069366693E0,-9.040505409E0,-5.506663918E-1
1.771167985E1,2.841917515E0,-9.042900085E0,-1.675941199E-1
1.771363297E1,2.549824715E0,-9.085995674E0,1.125274822E-1
1.771561662E1,2.159569979E0,-9.176975250E0,3.112462163E-1
1.771753922E1,1.819593310E0,-9.342175484E0,5.410895944E-1
1.771955338E1,1.647210717E0,-9.531316757E0,8.092401624E-1
1.772147599E1,1.678335428E0,-9.682151794E0,9.983820915E-1
1.772349015E1,1.869871497E0,-9.761159897E0,1.170764685E0
1.772547379E1,2.138022184E0,-9.758766174E0,1.345541358E0
1.772745744E1,2.288856745E0,-9.742006302E0,1.422155857E0
1.772938004E1,2.327163935E0,-9.758766174E0,1.393425345E0
1.773139420E1,2.372653961E0,-9.813833237E0,1.328781962E0
1.773334733E1,2.494758129E0,-9.856928825E0,1.242590666E0
1.773533097E1,2.647987127E0,-9.888052940E0,1.139639974E0
1.773728410E1,2.779668093E0,-9.933543205E0,1.046266198E0
1.773929826E1,2.865859509E0,-9.959878922E0,9.600749016E-1
1.774125138E1,2.844311714E0,-9.981427193E0,8.619126081E-1
1.774323502E1,2.748543501E0,-1.001255131E1,7.589619160E-1
1.774521867E1,2.614468336E0,-1.005564690E1,6.416460276E-1
1.774720231E1,2.434903145E0,-1.009395409E1,5.363011956E-1
1.774915543E1,2.229001760E0,-1.013226128E1,4.525041282E-1
1.775116959E1,2.030282974E0,-1.015380955E1,3.567360640E-1
1.775312272E1,1.841141105E0,-1.014662647E1,2.513911724E-1
1.775510636E1,1.680729628E0,-1.013226128E1,1.628057212E-1
1.775705949E1,1.601720929E0,-1.012507915E1,1.292868853E-1
1.775907365E1,1.240196466E0,-1.015141487E1,5.027823523E-2
1.776099625E1,1.036689281E0,-1.018972206E1,2.633621916E-2
1.776301041E1,6.296750307E-1,-1.026873112E1,3.591302410E-2
1.776499406E1,4.261679053E-1,-1.027112484E1,1.316810995E-1
1.776697770E1,3.471592367E-1,-1.022563553E1,2.035071403E-1
1.776893082E1,2.801215947E-1,-1.021605873E1,2.920926213E-1
1.777094498E1,2.202665508E-1,-1.024000072E1,3.734954596E-1
1.777286759E1,1.819593310E-1,-1.026154804E1,3.447650373E-1
1.777488175E1,1.628057212E-1,-1.026394272E1,2.250549644E-1
1.777686539E1,2.082955539E-1,-1.021605873E1,8.140286058E-2
1.777884904E1,2.849099934E-1,-1.011550236E1,-3.591302410E-2
1.778083268E1,3.232172430E-1,-9.991003990E0,-1.244984865E-1
1.778284684E1,3.351882398E-1,-9.868899345E0,-1.915361285E-1
1.778479996E1,3.423708379E-1,-9.768342972E0,-2.705447972E-1
1.778675309E1,3.591302633E-1,-9.665391922E0,-3.663128614E-1
1.778873673E1,4.237737060E-1,-9.538499832E0,-4.740519226E-1
1.779072038E1,4.884171486E-1,-9.421183586E0,-5.841852427E-1
1.779267350E1,5.171475410E-1,-9.311050415E0,-6.584054828E-1
1.779465714E1,5.339069963E-1,-9.217676163E0,-6.799532771E-1
1.779664078E1,5.363011956E-1,-9.145850182E0,-6.081272364E-1
1.779862443E1,5.075707436E-1,-9.109937668E0,-4.860229492E-1
1.780057755E1,5.123591423E-1,-9.059659004E0,-4.046200812E-1
1.780259171E1,6.105214357E-1,-8.954314232E0,-4.309563041E-1
1.780454484E1,6.823474765E-1,-8.884882927E0,-5.937620401E-1
1.780652848E1,6.967126727E-1,-8.856152534E0,-7.374141216E-1
1.780851212E1,6.584054828E-1,-8.829815865E0,-7.709329724E-1
1.781049577E1,5.865794420E-1,-8.789113998E0,-7.350199223E-1
1.781241837E1,5.363011956E-1,-8.748413086E0,-6.560112834E-1
1.781443253E1,5.339069963E-1,-8.736441612E0,-5.746083856E-1
1.781641618E1,5.434837937E-1,-8.736441612E0,-4.860229492E-1
1.781843034E1,5.315127969E-1,-8.746018410E0,-3.758896589E-1
1.782038346E1,4.812345505E-1,-8.777143478E0,-2.657563984E-1
1.782239762E1,4.453215301E-1,-8.822632790E0,-1.508347094E-1
1.782435075E1,4.309563041E-1,-8.865729332E0,-1.915361360E-2
1.782633439E1,3.974374831E-1,-8.892065048E0,1.340752989E-1
1.782831803E1,3.447650373E-1,-8.923190117E0,3.088520169E-1
1.783030167E1,2.873041928E-1,-8.947132111E0,4.860229492E-1
1.783225480E1,2.298433632E-1,-8.978256226E0,6.536170840E-1
1.783423844E1,1.699883193E-1,-9.014169693E0,7.924807668E-1
1.783622208E1,8.379705995E-2,-9.054870605E0,9.145850539E-1
1.783820573E1,-1.675941236E-2,-9.074024200E0,1.036689281E0
1.784015885E1,-1.173158810E-1,-9.074024200E0,1.137245774E0
1.784217301E1,-2.082955539E-1,-9.083600998E0,1.194706678E0
1.784412614E1,-3.160346150E-1,-9.105149269E0,1.218648672E0
1.784610978E1,-4.620809257E-1,-9.138668060E0,1.204283476E0
1.784809342E1,-6.105214357E-1,-9.153033257E0,1.149216771E0
1.785007706E1,-7.445967197E-1,-9.162610054E0,1.070208192E0
1.785203019E1,-8.738836050E-1,-9.167398453E0,9.720458984E-1
1.785401383E1,-9.720458984E-1,-9.143456459E0,8.619126081E-1
1.785599748E1,-1.043871999E0,-9.102754593E0,7.469909191E-1
1.785798112E1,-1.127668977E0,-9.045293808E0,6.105214357E-1
1.785996476E1,-1.264138460E0,-8.983044624E0,4.501099288E-1
1.786197892E1,-1.436521053E0,-8.908824921E0,2.968810201E-1
1.786393205E1,-1.563413739E0,-8.817844391E0,2.035071403E-1
1.786591569E1,-1.623268723E0,-8.719682693E0,1.604115069E-1
1.786789933E1,-1.659181833E0,-8.607154846E0,3.830722719E-2
1.786988297E1,-1.704671621E0,-8.470685959E0,-1.556231081E-1
1.787183610E1,-1.783680320E0,-8.331821442E0,-3.112462163E-1
1.787381974E1,-1.879448295E0,-8.190564156E0,-4.189853072E-1
1.787574235E1,-1.922544003E0,-8.013393402E0,-5.291185975E-1
1.787775651E1,-1.963245392E0,-7.819462776E0,-6.153098345E-1
1.787970963E1,-2.013523579E0,-7.635109425E0,-6.607996821E-1
1.788169328E1,-2.094926596E0,-7.467514992E0,-6.679822803E-1
1.788367692E1,-2.176329374E0,-7.295132637E0,-6.464344859E-1
1.788566056E1,-2.221819162E0,-7.115567684E0,-6.153098345E-1
1.788758317E1,-2.255337954E0,-6.924031258E0,-5.698199868E-1
1.788959733E1,-2.310404539E0,-6.742072105E0,-5.003881454E-1
1.789155045E1,-2.375048161E0,-6.574477673E0,-4.046200812E-1
1.789353410E1,-2.473210335E0,-6.430825710E0,-2.968810201E-1
1.789548722E1,-2.583343744E0,-6.318298340E0,-2.298433632E-1
1.789750138E1,-2.655169725E0,-6.210559368E0,-1.915361285E-1
1.789945451E1,-2.705447912E0,-6.114790916E0,-1.628057212E-1
1.790143815E1,-2.786850691E0,-6.042964935E0,-1.340752989E-1
1.790342179E1,-2.863465309E0,-5.980715752E0,-1.221042871E-1
1.790540543E1,-2.913743496E0,-5.925649166E0,-1.292868853E-1
1.790735856E1,-2.944868088E0,-5.861005783E0,-1.460463107E-1
1.790934220E1,-2.973598480E0,-5.793968201E0,-1.580173075E-1
1.791132584E1,-3.026270866E0,-5.736507416E0,-1.604115069E-1
1.791334000E1,-3.119644880E0,-5.702988625E0,-1.484405100E-1
1.791529313E1,-3.220201254E0,-5.686229229E0,-1.340752989E-1
1.791727677E1,-3.320757866E0,-5.683835030E0,-1.197100878E-1
1.791922990E1,-3.368641853E0,-5.683835030E0,-1.125274822E-1
1.792124406E1,-3.478775024E0,-5.674258232E0,-8.379705995E-2
1.792319718E1,-3.517082214E0,-5.679046631E0,-6.943184882E-2
1.792521134E1,-3.632004023E0,-5.698200226E0,-9.576806799E-3
1.792716447E1,-3.679888010E0,-5.714959621E0,2.154781483E-2
1.792914811E1,-3.787626982E0,-5.762843609E0,9.576806426E-2
1.793113175E1,-3.888183594E0,-5.822698593E0,1.604115069E-1
1.793314591E1,-3.943250179E0,-5.875370979E0,2.202665508E-1
1.793509904E1,-3.948038578E0,-5.908889771E0,2.657563984E-1
1.793708268E1,-3.940855980E0,-5.940014362E0,3.040636182E-1
1.793903580E1,-3.950432777E0,-5.973533154E0,3.423708379E-1
1.794104996E1,-3.981557369E0,-6.002263546E0,3.687070608E-1
1.794300309E1,-4.031835556E0,-6.047753334E0,3.878606856E-1
1.794501725E1,-4.067748547E0,-6.095637321E0,4.094084799E-1
1.794700089E1,-4.053383350E0,-6.121973515E0,4.453215301E-1
1.794898454E1,-3.998316765E0,-6.138733387E0,4.836287498E-1
1.795096818E1,-3.952826977E0,-6.169857979E0,4.979939461E-1
1.795298234E1,-3.914519787E0,-6.193799973E0,4.836287498E-1
1.795493546E1,-3.873818398E0,-6.212953568E0,4.644751251E-1
1.795691910E1,-3.825934410E0,-6.234501362E0,4.620809257E-1
1.795887223E1,-3.775655985E0,-6.275202751E0,4.740519226E-1
1.796088639E1,-3.727771997E0,-6.332663536E0,4.788403511E-1
1.796283952E1,-3.677493811E0,-6.382941723E0,4.716577232E-1
1.796485368E1,-3.605667830E0,-6.423643112E0,4.668693244E-1
1.796680680E1,-3.502717018E0,-6.449979305E0,4.548983276E-1
1.796879044E1,-3.380612850E0,-6.481103897E0,4.261679053E-1
1.797074357E1,-3.241749048E0,-6.500257492E0,4.141969085E-1
1.797275773E1,-3.088520288E0,-6.514622688E0,4.237737060E-1
1.797471085E1,-2.949656487E0,-6.538564682E0,4.501099288E-1
1.797669450E1,-2.822763920E0,-6.579266071E0,4.955997467E-1
1.797867814E1,-2.700659513E0,-6.627150536E0,5.506663918E-1
1.798066178E1,-2.607285738E0,-6.677428722E0,6.177040339E-1
1.798261491E1,-2.530671120E0,-6.725312710E0,6.871358752E-1
1.798459855E1,-2.454056740E0,-6.775590897E0,7.398083210E-1
1.798658219E1,-2.384624958E0,-6.818686485E0,7.637503147E-1
1.798856583E1,-2.327163935E0,-6.852205276E0,7.709329724E-1
1.799051896E1,-2.262520552E0,-6.873753071E0,7.924807668E-1
1.799250260E1,-2.178723574E0,-6.883329868E0,8.451532125E-1
1.799448624E1,-2.094926596E0,-6.892906666E0,9.193734527E-1
1.799646989E1,-2.011129379E0,-6.895300865E0,1.000776291E0
1.799842301E1,-1.944091797E0,-6.890512466E0,1.055842996E0
1.800043717E1,-1.910573006E0,-6.902483463E0,1.096544385E0
1.800239030E1,-1.903390408E0,-6.928819656E0,1.137245774E0
1.800437394E1,-1.884236693E0,-6.955155849E0,1.180341482E0
1.800635758E1,-1.838746905E0,-6.967126846E0,1.233013868E0
1.800834123E1,-1.771709204E0,-6.971915245E0,1.283292055E0
1.801029435E1,-1.690306425E0,-6.976703644E0,1.352723956E0
1.801227799E1,-1.596932530E0,-6.979097843E0,1.441309452E0
1.801426164E1,-1.484405041E0,-6.986280441E0,1.541865945E0
1.801624528E1,-1.379060149E0,-7.003039837E0,1.651999116E0
1.801819840E1,-1.266532660E0,-7.031770229E0,1.766920805E0
1.802021256E1,-1.158793569E0,-7.077260017E0,1.889025092E0
1.802216569E1,-1.067813993E0,-7.137115479E0,1.989581585E0
1.802414933E1,-9.935936928E-1,-7.211335659E0,2.090138197E0
1.802613297E1,-9.145850539E-1,-7.290344238E0,2.188300371E0
1.802811662E1,-7.781155705E-1,-7.335834026E0,2.243366957E0
1.803006974E1,-6.200982332E-1,-7.374141216E0,2.284068346E0
1.803205338E1,-4.812345505E-1,-7.448361397E0,2.372653961E0
1.803403702E1,-3.711012602E-1,-7.560888767E0,2.506729126E0
1.803599015E1,-2.753331959E-1,-7.702147007E0,2.643198729E0
1.803797379E1,-2.035071403E-1,-7.860164165E0,2.750937700E0
1.803998795E1,-1.125274822E-1,-8.006210327E0,2.839523315E0
1.804194108E1,9.576806799E-3,-8.149862289E0,2.940079689E0
1.804392472E1,1.221042871E-1,-8.286332130E0,3.057395458E0
1.804590836E1,2.202665508E-1,-8.427590370E0,3.177105665E0
1.804789201E1,3.232172430E-1,-8.576030731E0,3.296815634E0
1.804984513E1,4.405331016E-1,-8.712499619E0,3.433285236E0
1.805185929E1,5.698199868E-1,-8.853757858E0,3.603273630E0
1.805384293E1,6.727706790E-1,-8.992621422E0,3.799597979E0
1.805582658E1,7.589619160E-1,-9.150638580E0,3.976768970E0
1.805781022E1,8.307880163E-1,-9.320627213E0,4.139574528E0
1.805979386E1,8.858546019E-1,-9.485827446E0,4.304774761E0
1.806171647E1,9.457096457E-1,-9.667786598E0,4.481945515E0
1.806373063E1,9.911994934E-1,-9.873687744E0,4.678270340E0
1.806568375E1,1.027112484E0,-1.008198357E1,4.879383087E0
1.806769791E1,1.070208192E0,-1.028788471E1,5.082890034E0
1.806962052E1,1.120486379E0,-1.050096893E1,5.300762653E0
1.807163468E1,1.185129881E0,-1.073081207E1,5.537788391E0
1.807361832E1,1.273715258E0,-1.097502041E1,5.793968201E0
1.807560197E1,1.369483352E0,-1.124317074E1,6.059724331E0
1.807758561E1,1.462857246E0,-1.152808094E1,6.330269337E0
1.807959977E1,1.568202138E0,-1.181538582E1,6.576871872E0
1.808155289E1,1.711854219E0,-1.210508347E1,6.804321289E0
1.808350602E1,1.869871497E0,-1.240675354E1,6.995857239E0
1.808548966E1,2.032677174E0,-1.271799946E1,7.153874874E0
1.808750382E1,2.209848166E0,-1.301966858E1,7.266402245E0
1.808945695E1,2.418143749E0,-1.331176186E1,7.362170219E0
1.809147111E1,2.633621931E0,-1.360385418E1,7.455543995E0
1.809342423E1,2.810792685E0,-1.388636971E1,7.536946774E0
1.809543839E1,2.973598480E0,-1.414015484E1,7.625532627E0
1.809739152E1,3.124433279E0,-1.436760426E1,7.721300602E0
1.809937516E1,3.241749048E0,-1.458068848E1,7.848193169E0
1.810135880E1,3.330334663E0,-1.476743603E1,8.020575523E0
1.810334245E1,3.399766445E0,-1.492305946E1,8.257601738E0
1.810529557E1,3.426102638E0,-1.504516315E1,8.561665535E0
1.810730973E1,3.435679436E0,-1.512177753E1,8.894459724E0
1.810929337E1,3.452438831E0,-1.514571953E1,9.224859238E0
1.811127702E1,3.454833031E0,-1.513853741E1,9.550470352E0
1.811319962E1,3.452438831E0,-1.512417221E1,9.708487511E0
1.811521378E1,3.454833031E0,-1.506192303E1,1.001733971E1
1.811716691E1,3.473986626E0,-1.493742466E1,1.028549004E1
1.811915055E1,3.485957623E0,-1.474349403E1,1.050336266E1
1.812113419E1,3.478775024E0,-1.450407410E1,1.065180302E1
1.812311784E1,3.426102638E0,-1.425028896E1,1.074757099E1
1.812504044E1,3.308786631E0,-1.399889755E1,1.079066753E1
1.812705460E1,3.119644880E0,-1.373792934E1,1.076433086E1
1.812900773E1,2.875436306E0,-1.347456741E1,1.069968700E1
1.813099137E1,2.609679937E0,-1.320402241E1,1.061110210E1
1.813291398E1,2.367865562E0,-1.291432381E1,1.046984386E1
1.813492814E1,2.159569979E0,-1.260786629E1,1.026873112E1
1.813688126E1,1.980004787E0,-1.228943729E1,9.986215591E0
1.813886491E1,1.819593310E0,-1.194467258E1,9.598354340E0
1.814084855E1,1.678335428E0,-1.155920601E1,9.097966194E0
1.814283219E1,1.549048543E0,-1.116416264E1,8.525752068E0
1.814478532E1,1.412579060E0,-1.078348446E1,7.929595947E0
1.814679948E1,1.235408068E0,-1.041238308E1,7.314286232E0
1.814875260E1,1.024718285E0,-1.006522369E1,6.687005520E0
1.815073624E1,7.829039693E-1,-9.753977776E0,6.074089527E0
1.815268937E1,5.003881454E-1,-9.473855972E0,5.494692802E0
1.815470353E1,1.963245422E-1,-9.222464561E0,4.941632271E0
1.815665665E1,-1.268926859E-1,-9.006986618E0,4.405331135E0
1.815864030E1,-4.525041282E-1,-8.822632790E0,3.900154591E0
1.816062394E1,-7.924807668E-1,-8.664615631E0,3.411737442E0
1.816260758E1,-1.132457376E0,-8.532935143E0,2.954444885E0
1.816453019E1,-1.438915253E0,-8.420407295E0,2.523488522E0
1.816654435E1,-1.714248419E0,-8.327033043E0,2.133233786E0
1.816849748E1,-1.972822189E0,-8.262390137E0,1.771709204E0
1.817048112E1,-2.195482969E0,-8.219294548E0,1.426944256E0
1.817243424E1,-2.384624958E0,-8.192957878E0,1.122880578E0
1.817444840E1,-2.535459518E0,-8.188169479E0,8.738836050E-1
1.817640153E1,-2.650381327E0,-8.188169479E0,6.727706790E-1
1.817838517E1,-2.738966703E0,-8.197746277E0,4.812345505E-1
1.818036881E1,-2.803610086E0,-8.228871346E0,2.729389966E-1
1.818235246E1,-2.846705914E0,-8.283937454E0,5.506663769E-2
1.818433610E1,-2.851494312E0,-8.377311707E0,-2.011129409E-1
1.818631974E1,-2.810792685E0,-8.492233276E0,-4.836287498E-1
1.818824235E1,-2.722207308E0,-8.631096840E0,-7.924807668E-1
1.819025651E1,-2.595314741E0,-8.817844391E0,-1.142034173E0
1.819224015E1,-2.458845139E0,-9.062053680E0,-1.537077546E0
1.819422379E1,-2.341529369E0,-9.378087997E0,-1.946485996E0
1.819620744E1,-2.260126352E0,-9.773131371E0,-2.324769735E0
1.819819108E1,-2.209848166E0,-1.025197124E1,-2.631227732E0
1.820011369E1,-2.154781580E0,-1.079066753E1,-2.873042107E0
1.820212785E1,-2.111685991E0,-1.135569859E1,-3.066972494E0
1.820411149E1,-2.078166962E0,-1.192312431E1,-3.294421434E0
1.820609513E1,-2.075772762E0,-1.249533844E1,-3.622427225E0
1.820801774E1,-2.123656988E0,-1.305079365E1,-4.039018154E0
1.821003190E1,-2.200271368E0,-1.356315231E1,-4.532223701E0
1.821201554E1,-2.274491549E0,-1.402283955E1,-5.092466831E0
1.821402970E1,-2.372653961E0,-1.443943024E1,-5.647922039E0
1.821598283E1,-2.501940727E0,-1.481771469E1,-6.157886982E0
1.821799699E1,-2.631227732E0,-1.514093113E1,-6.545747280E0
1.821995011E1,-2.693476915E0,-1.538992882E1,-6.797138691E0
1.822193375E1,-2.650381327E0,-1.557667637E1,-6.924031258E0
1.822391740E1,-2.549824715E0,-1.569638634E1,-6.933608055E0
1.822590104E1,-2.451662540E0,-1.575863552E1,-6.804321289E0
1.822785416E1,-2.360682964E0,-1.575145340E1,-6.540958881E0
1.822983781E1,-2.276885748E0,-1.567483807E1,-6.172252178E0
1.823182145E1,-2.181117773E0,-1.549527359E1,-5.743690014E0
1.823377457E1,-2.082955360E0,-1.524388218E1,-5.269638062E0
1.823575822E1,-1.999158382E0,-1.497333717E1,-4.716577530E0
1.823777238E1,-1.965639591E0,-1.465730286E1,-4.086902142E0
1.823972550E1,-1.989581585E0,-1.427183628E1,-3.385401249E0
1.824170914E1,-2.068590164E0,-1.384088039E1,-2.624045134E0
1.824369279E1,-2.200271368E0,-1.339076996E1,-1.790862918E0
1.824567643E1,-2.348711967E0,-1.292868900E1,-8.906430602E-1
1.824762956E1,-2.454056740E0,-1.246900272E1,1.053448766E-1
1.824961320E1,-2.458845139E0,-1.201410389E1,1.182735682E0
1.825159684E1,-2.363077164E0,-1.157835960E1,2.286462545E0
1.825354996E1,-2.255337954E0,-1.116176796E1,3.363853455E0
1.825553361E1,-2.126051188E0,-1.071165848E1,4.321534157E0
1.825754777E1,-1.963245392E0,-1.024718285E1,5.090072632E0
1.825950089E1,-1.766920805E0,-9.823410034E0,5.650316238E0
1.826148454E1,-1.541865945E0,-9.461885452E0,5.997475147E0
1.826346818E1,-1.345541358E0,-9.162610054E0,6.121973515E0
1.826545182E1,-1.268926859E0,-9.030928612E0,6.098031521E0
1.826740495E1,-1.168370485E0,-8.813055992E0,5.894524574E0
1.826938859E1,-1.125274777E0,-8.662221909E0,5.477933407E0
1.827137223E1,-1.132457376E0,-8.552088737E0,4.893748283E0
1.827335587E1,-1.146822572E0,-8.473079681E0,4.189853191E0
1.827530900E1,-1.125274777E0,-8.408436775E0,3.406949043E0
1.827732316E1,-1.096544385E0,-8.341399193E0,2.535459518E0
1.827927628E1,-1.120486379E0,-8.274360657E0,1.572990537E0
1.828125993E1,-1.225831270E0,-8.236053467E0,5.530605912E-1
1.828321305E1,-1.367089152E0,-8.209717751E0,-4.644751251E-1
1.828519669E1,-1.460463047E0,-8.142680168E0,-1.407790542E0
1.828718034E1,-1.493981838E0,-8.032546997E0,-2.240972757E0
1.828919450E1,-1.510741234E0,-7.893682957E0,-2.983175278E0
1.829114762E1,-1.558625340E0,-7.733271599E0,-3.639186621E0
1.829313126E1,-1.637633920E0,-7.541735172E0,-4.189853191E0
1.829511491E1,-1.740584612E0,-7.338228226E0,-4.625597477E0
1.829709855E1,-1.877054095E0,-7.127538681E0,-4.915296078E0
1.829902116E1,-2.015917778E0,-6.928819656E0,-5.070919037E0
1.830103532E1,-2.145204782E0,-6.739677906E0,-5.118803024E0
1.830301896E1,-2.229001760E0,-6.548141479E0,-5.125985622E0
1.830500260E1,-2.284068346E0,-6.347028732E0,-5.145139217E0
1.830692521E1,-2.319981337E0,-6.167463779E0,-5.233725071E0
1.830893937E1,-2.293645144E0,-6.045359135E0,-5.372588634E0
1.831089249E1,-2.267308950E0,-5.978321552E0,-5.494692802E0
1.831287614E1,-2.331952572E0,-5.940014362E0,-5.554547787E0
1.831485978E1,-2.521094322E0,-5.896918774E0,-5.504269600E0
1.831684342E1,-2.738966703E0,-5.884947777E0,-5.339069843E0
1.831876603E1,-2.949656487E0,-5.937620163E0,-5.099649429E0
1.832078019E1,-3.145981073E0,-6.071695328E0,-4.807557106E0
1.832273331E1,-3.265691042E0,-6.234501362E0,-4.532223701E0
1.832474748E1,-3.315969467E0,-6.387730122E0,-4.299986362E0
1.832667008E1,-3.366247654E0,-6.543353081E0,-4.067748547E0
1.832868424E1,-3.383007050E0,-6.722918510E0,-3.892971992E0
1.833063737E1,-3.390189648E0,-6.912060261E0,-3.794809580E0
1.833262101E1,-3.416525841E0,-7.110779285E0,-3.749319792E0
1.833460465E1,-3.488351822E0,-7.328651428E0,-3.732560396E0
1.833658830E1,-3.670311213E0,-7.606379032E0,-3.737348795E0
1.833851090E1,-3.878606796E0,-7.946355343E0,-3.689464808E0
1.834052506E1,-3.931279182E0,-8.336610794E0,-3.502717018E0
1.834247819E1,-3.732560396E0,-8.741230011E0,-3.169923067E0
1.834446183E1,-3.313575268E0,-9.143456459E0,-2.700659513E0
1.834644547E1,-2.755726099E0,-9.538499832E0,-2.116474390E0
1.834845963E1,-2.118868589E0,-9.904812813E0,-1.592144132E0
1.835041276E1,-1.482010841E0,-1.023521233E1,-1.230619669E0
1.835239640E1,-8.690952063E-1,-1.054885292E1,-9.720458984E-1
1.835438004E1,-2.825157940E-1,-1.083376312E1,-7.517793179E-1
1.835636369E1,2.633621991E-1,-1.107797146E1,-5.626373887E-1
1.835828629E1,7.398083210E-1,-1.130542088E1,-4.141969085E-1
1.836030045E1,1.170764685E0,-1.152329254E1,-3.016694188E-1
1.836225358E1,1.632845521E0,-1.171243477E1,-2.657563984E-1
1.836426774E1,2.159569979E0,-1.187284660E1,-3.663128614E-1
1.836622086E1,2.686294317E0,-1.199973869E1,-5.458779931E-1
1.836820451E1,3.203441858E0,-1.210508347E1,-7.254431248E-1
1.837012711E1,3.663128614E0,-1.220803452E1,-8.571242094E-1
1.837214127E1,4.113238335E0,-1.229183197E1,-9.959878922E-1
1.837409440E1,4.563348293E0,-1.233013916E1,-1.134851575E0
1.837607804E1,4.987122059E0,-1.233013916E1,-1.216254473E0
1.837806168E1,5.341464043E0,-1.232774448E1,-1.211466074E0
1.838004533E1,5.681440830E0,-1.231337929E1,-1.091755986E0
1.838199845E1,6.009446144E0,-1.226788998E1,-9.097966552E-1
1.838401261E1,6.301538944E0,-1.218888092E1,-7.254431248E-1
1.838596574E1,6.548141479E0,-1.204762268E1,-5.482721925E-1
1.838794938E1,6.780379295E0,-1.186326981E1,-3.663128614E-1
1.838987199E1,6.993463039E0,-1.165736771E1,-2.226607651E-1
1.839188615E1,7.189787865E0,-1.143710136E1,-1.532289088E-1
1.839383927E1,7.376535416E0,-1.120246983E1,-1.005564705E-1
1.839582291E1,7.469909191E0,-1.098699188E1,-1.675941236E-2
1.839780656E1,7.424419403E0,-1.078587818E1,2.873042040E-2
1.839979020E1,7.323863029E0,-1.057997704E1,2.633621916E-2
1.840171281E1,7.266402245E0,-1.048181534E1,1.915361360E-2
1.840372697E1,7.146692276E0,-1.029985619E1,7.182605099E-3
1.840568009E1,6.991068840E0,-1.014183807E1,1.436521020E-2
1.840766373E1,6.746860504E0,-1.003649330E1,1.675941236E-2
1.840961686E1,6.469132900E0,-9.979032516E0,7.182605099E-3
1.841163102E1,6.210559368E0,-9.931148529E0,1.915361360E-2
1.841358414E1,5.961562157E0,-9.866505623E0,-7.182605099E-3
1.841556779E1,5.741295815E0,-9.730035782E0,-1.101332754E-1
1.841755143E1,5.492298603E0,-9.557653427E0,-2.298433632E-1
1.841953507E1,5.231330872E0,-9.397241592E0,-2.968810201E-1
1.842148820E1,4.975151062E0,-9.260771751E0,-2.873041928E-1
1.842350236E1,4.683058739E0,-9.138668060E0,-2.106897533E-1
1.842545548E1,4.350264549E0,-9.054870605E0,-8.140286058E-2
1.842743913E1,3.981557369E0,-9.021351814E0,6.224924326E-2
1.842939225E1,3.574543238E0,-9.021351814E0,1.843535304E-1
1.843140641E1,3.129221678E0,-9.035717010E0,2.825157940E-1
1.843332902E1,2.621650934E0,-9.085995674E0,4.381389022E-1
1.843534318E1,2.087743998E0,-9.193734169E0,6.512228847E-1
1.843732682E1,1.592144132E0,-9.342175484E0,8.379706144E-1
1.843931046E1,1.118092179E0,-9.514557838E0,9.121908545E-1
1.844126359E1,6.464344859E-1,-9.710882187E0,9.074024558E-1
1.844327775E1,1.460463107E-1,-9.914389610E0,9.289502501E-1
1.844523087E1,-3.567360640E-1,-1.009395409E1,1.036689281E0
1.844721452E1,-8.020575643E-1,-1.023521233E1,1.228225470E0
1.844916764E1,-1.206677675E0,-1.035731697E1,1.477222443E0
1.845118180E1,-1.584961534E0,-1.046505547E1,1.742978811E0
1.845310441E1,-1.896207690E0,-1.055842972E1,1.996764183E0
1.845511857E1,-2.085349798E0,-1.061349583E1,2.240972757E0
1.845707169E1,-2.154781580E0,-1.064222622E1,2.458845139E0
1.845902482E1,-2.226607561E0,-1.065419769E1,2.643198729E0
1.846100846E1,-2.394201756E0,-1.068053341E1,2.858676910E0
1.846299210E1,-2.571372509E0,-1.075475407E1,2.880224705E0
1.846494523E1,-2.726995707E0,-1.084573364E1,2.513911724E0
1.846695939E1,-2.978386879E0,-1.089840603E1,2.078166962E0
1.846891251E1,-3.303998232E0,-1.089122391E1,1.805228114E0
1.847089616E1,-3.567360640E0,-1.084573364E1,1.618480325E0
1.847287980E1,-3.725377798E0,-1.079784966E1,1.568202138E0
1.847486344E1,-3.821146011E0,-1.073799419E1,1.783680320E0
1.847678605E1,-3.866635799E0,-1.063264942E1,2.159569979E0
1.847880021E1,-3.737348795E0,-1.051054573E1,2.442085743E0
1.848075333E1,-3.378218651E0,-1.042674828E1,2.446874142E0
1.848276749E1,-2.894589901E0,-1.034774017E1,2.197877169E0
1.848472062E1,-2.446874142E0,-1.023042393E1,1.889025092E0
1.848673478E1,-2.126051188E0,-1.008437729E1,1.757344007E0
1.848868790E1,-1.915361404E0,-9.940725327E0,1.872265697E0
1.849067155E1,-1.752555609E0,-9.804255486E0,2.114080191E0
1.849265519E1,-1.613691926E0,-9.689333916E0,2.305616140E0
1.849463883E1,-1.508347034E0,-9.591172218E0,2.367865562E0
1.849656144E1,-1.407790542E0,-9.497797966E0,2.315192938E0
1.849854508E1,-1.295263171E0,-9.416395187E0,2.190694571E0
1.850052873E1,-1.189918280E0,-9.325415611E0,2.049436569E0
1.850251237E1,-1.098938584E0,-9.217676163E0,1.941697598E0
1.850446549E1,-9.911994934E-1,-9.112331390E0,1.872265697E0
1.850644914E1,-8.355764151E-1,-9.023746490E0,1.819593310E0
1.850843278E1,-6.703764796E-1,-8.966285706E0,1.759738207E0
1.851041642E1,-5.099649429E-1,-8.937555313E0,1.721431017E0
1.851236955E1,-3.663128614E-1,-8.923190117E0,1.697489023E0
1.851438370E1,-2.226607651E-1,-8.935160637E0,1.640028119E0
1.851633683E1,-7.422025502E-2,-8.971074104E0,1.558625340E0
1.851828996E1,8.140286058E-2,-9.004592896E0,1.472434044E0
1.852027360E1,2.370259613E-1,-9.026140213E0,1.369483352E0
1.852225724E1,3.687070608E-1,-9.059659004E0,1.252167463E0
1.852421037E1,4.668693244E-1,-9.105149269E0,1.084573388E0
1.852619401E1,5.458779931E-1,-9.148244858E0,8.714894056E-1
1.852817765E1,6.105214357E-1,-9.181763649E0,6.488286853E-1
1.853016129E1,6.703764796E-1,-9.232041359E0,4.261679053E-1
1.853211442E1,7.278373241E-1,-9.294290543E0,2.035071403E-1
1.853412858E1,7.900865674E-1,-9.356540680E0,-4.788403399E-3
1.853608170E1,8.427590132E-1,-9.411606789E0,-1.963245422E-1
1.853806535E1,9.002198577E-1,-9.452308655E0,-3.974374831E-1
1.854004899E1,9.409212470E-1,-9.493009567E0,-5.913678408E-1
1.854203263E1,9.528923035E-1,-9.509769440E0,-6.727706790E-1
1.854398576E1,9.768342972E-1,-9.548076630E0,-8.140285611E-1
1.854596940E1,9.935936928E-1,-9.588777542E0,-9.481038451E-1
1.854795304E1,1.007958889E0,-9.617507935E0,-1.077390790E0
1.854993668E1,1.031900883E0,-9.627084732E0,-1.201889277E0
1.855188981E1,1.070208192E0,-9.636661530E0,-1.300051570E0
1.855390397E1,1.122880578E0,-9.627084732E0,-1.371877551E0
1.855585709E1,1.177947283E0,-9.600749016E0,-1.438915253E0
1.855784074E1,1.228225470E0,-9.574412346E0,-1.515529633E0
1.855982438E1,1.266532660E0,-9.538499832E0,-1.587355733E0
1.856180802E1,1.285686255E0,-9.502586365E0,-1.628057122E0
1.856376115E1,1.292868972E0,-9.447520256E0,-1.651999116E0
1.856574479E1,1.302445769E0,-9.382876396E0,-1.666364431E0
1.856772843E1,1.323993564E0,-9.325415611E0,-1.663970232E0
1.856971207E1,1.340752959E0,-9.258378029E0,-1.656787634E0
1.857166520E1,1.331176162E0,-9.200917244E0,-1.647210717E0
1.857367936E1,1.304839969E0,-9.136273384E0,-1.635239720E0
1.857563248E1,1.278503656E0,-9.054870605E0,-1.608903527E0
1.857761613E1,1.268926859E0,-8.975862503E0,-1.565807939E0
1.857953873E1,1.268926859E0,-8.899248123E0,-1.513135433E0
1.858155289E1,1.254561663E0,-8.839392662E0,-1.472434044E0
1.858353654E1,1.240196466E0,-8.791508675E0,-1.436521053E0
1.858552018E1,1.240196466E0,-8.753201485E0,-1.376665950E0
1.858747330E1,1.233013868E0,-8.714894295E0,-1.309628367E0
1.858948746E1,1.228225470E0,-8.676587105E0,-1.252167463E0
1.859144059E1,1.206677675E0,-8.655038834E0,-1.197100878E0
1.859342423E1,1.177947283E0,-8.647856712E0,-1.142034173E0
1.859540788E1,1.158793569E0,-8.652645111E0,-1.101332784E0
1.859742204E1,1.149216771E0,-8.652645111E0,-1.067813993E0
1.859937516E1,1.139639974E0,-8.664615631E0,-1.051054597E0
1.860135880E1,1.130063176E0,-8.671798706E0,-1.046266198E0
1.860334245E1,1.113303781E0,-8.683769226E0,-1.039083481E0
1.860532609E1,1.089361787E0,-8.702922821E0,-1.031900883E0
1.860727921E1,1.048660398E0,-8.719682693E0,-1.031900883E0
1.860926286E1,9.935936928E-1,-8.719682693E0,-1.043871999E0
1.861121598E1,9.385270476E-1,-8.707711220E0,-1.074996591E0
1.861319962E1,8.810662031E-1,-8.702922821E0,-1.108515382E0
1.861518327E1,8.044517636E-1,-8.705317497E0,-1.134851575E0
1.861716691E1,7.086837292E-1,-8.705317497E0,-1.149216771E0
1.861908952E1,6.081272364E-1,-8.712499619E0,-1.170764685E0
1.862110368E1,5.147533417E-1,-8.726864815E0,-1.189918280E0
1.862305680E1,4.165911078E-1,-8.726864815E0,-1.201889277E0
1.862504044E1,3.160346150E-1,-8.734047890E0,-1.209071875E0
1.862696305E1,2.082955539E-1,-8.748413086E0,-1.218648672E0
1.862897721E1,1.101332754E-1,-8.757989883E0,-1.233013868E0
1.863093034E1,2.394201607E-2,-8.750806808E0,-1.247379065E0
1.863291398E1,-6.224924326E-2,-8.741230011E0,-1.271321058E0
1.863489762E1,-1.436520964E-1,-8.743624687E0,-1.309628367E0
1.863688126E1,-2.035071403E-1,-8.748413086E0,-1.345541358E0
1.863883439E1,-2.513911724E-1,-8.741230011E0,-1.381454349E0
1.864084855E1,-3.016694188E-1,-8.738836288E0,-1.436521053E0
1.864280167E1,-3.567360640E-1,-8.738836288E0,-1.496376038E0
1.864478532E1,-4.118026793E-1,-8.734047890E0,-1.546654344E0
1.864673844E1,-4.620809257E-1,-8.729259491E0,-1.589749932E0
1.864875260E1,-5.075707436E-1,-8.741230011E0,-1.630451322E0
1.865067521E1,-5.530605912E-1,-8.755595207E0,-1.663970232E0
1.865268937E1,-5.985504389E-1,-8.774748802E0,-1.678335428E0
1.865467301E1,-6.440402865E-1,-8.810662270E0,-1.680729628E0
1.865665665E1,-6.943184733E-1,-8.853757858E0,-1.680729628E0
1.865860978E1,-7.445967197E-1,-8.894459724E0,-1.673547029E0
1.866062394E1,-7.996633649E-1,-8.932766914E0,-1.666364431E0
1.866257706E1,-8.427590132E-1,-8.985439301E0,-1.661576033E0
1.866456071E1,-8.834604025E-1,-9.042900085E0,-1.654393315E0
1.866648331E1,-9.241618514E-1,-9.097966194E0,-1.649604917E0
1.866849748E1,-9.696516991E-1,-9.150638580E0,-1.642422318E0
1.867045060E1,-1.015141487E0,-9.208099365E0,-1.637633920E0
1.867243424E1,-1.053448796E0,-9.260771751E0,-1.630451322E0
1.867441788E1,-1.089361787E0,-9.318233490E0,-1.616086125E0
1.867640153E1,-1.120486379E0,-9.373299599E0,-1.596932530E0
1.867835465E1,-1.132457376E0,-9.442731857E0,-1.577778935E0
1.868033830E1,-1.130063176E0,-9.521739960E0,-1.551442742E0
1.868226090E1,-1.127668977E0,-9.562441826E0,-1.534683347E0
1.868427506E1,-1.118092179E0,-9.636661530E0,-1.498770237E0
1.868622819E1,-1.094150186E0,-9.694122314E0,-1.467645645E0
1.868821183E1,-1.065419793E0,-9.756371498E0,-1.443703651E0
1.869019547E1,-1.039083481E0,-9.799467087E0,-1.426944256E0
1.869217912E1,-1.007958889E0,-9.816226959E0,-1.414973259E0
1.869410172E1,-9.744400978E-1,-9.821015358E0,-1.405396342E0
1.869611588E1,-9.241618514E-1,-9.813833237E0,-1.403002143E0
1.869809952E1,-8.523358107E-1,-9.806650162E0,-1.400607944E0
1.870008317E1,-7.829039693E-1,-9.792284966E0,-1.379060149E0
1.870203629E1,-7.374141216E-1,-9.765948296E0,-1.323993564E0
1.870401994E1,-6.871358752E-1,-9.710882187E0,-1.288080573E0
1.870600358E1,-6.296750307E-1,-9.655815125E0,-1.273715258E0
1.870801774E1,-5.626373887E-1,-9.622296333E0,-1.254561663E0
1.870997086E1,-4.884171486E-1,-9.588777542E0,-1.223437071E0
1.871198502E1,-4.213795066E-1,-9.548076630E0,-1.192312479E0
1.871393815E1,-3.615244627E-1,-9.507374763E0,-1.154005170E0
1.871592179E1,-3.160346150E-1,-9.476250648E0,-1.122880578E0
1.871790543E1,-2.729389966E-1,-9.466673851E0,-1.096544385E0
1.871988908E1,-2.178723514E-1,-9.471462250E0,-1.079784989E0
1.872184220E1,-1.699883193E-1,-9.500192642E0,-1.077390790E0
1.872382584E1,-1.244984865E-1,-9.538499832E0,-1.082179189E0
1.872580949E1,-9.337386489E-2,-9.572018623E0,-1.094150186E0
1.872782365E1,-8.140286058E-2,-9.612719536E0,-1.096544385E0
1.872977677E1,-8.379705995E-2,-9.658209801E0,-1.096544385E0
1.873179093E1,-1.029506698E-1,-9.710882187E0,-1.106121182E0
1.873374406E1,-1.340752989E-1,-9.768342972E0,-1.110909581E0
1.873569718E1,-1.795651317E-1,-9.816226959E0,-1.125274777E0
1.873768082E1,-2.466027737E-1,-9.847352028E0,-1.151610970E0
1.873966447E1,-3.399766386E-1,-9.859322548E0,-1.170764685E0
1.874161759E1,-4.333505034E-1,-9.871294022E0,-1.168370485E0
1.874360123E1,-5.267243981E-1,-9.880870819E0,-1.144428372E0
1.874558488E1,-6.392518282E-1,-9.895236015E0,-1.094150186E0
1.874759904E1,-7.829039693E-1,-9.904812813E0,-1.015141487E0
1.874952164E1,-9.672574997E-1,-9.907206535E0,-9.193734527E-1
1.875153580E1,-1.177947283E0,-9.926360130E0,-7.900865674E-1
1.875348893E1,-1.395819545E0,-9.969455719E0,-6.105214357E-1
1.875544206E1,-1.594538331E0,-1.001973438E1,-3.902548850E-1
1.875742570E1,-1.778891921E0,-1.007240677E1,-1.628057212E-1
1.875940934E1,-1.948880196E0,-1.011789608E1,7.182604820E-2
1.876136246E1,-2.082955360E0,-1.017056847E1,2.992752194E-1
1.876337663E1,-2.171540976E0,-1.023281765E1,5.075707436E-1
1.876532975E1,-2.195482969E0,-1.028549004E1,6.871358752E-1
1.876734391E1,-2.142810583E0,-1.033337498E1,8.164227605E-1
1.876926652E1,-2.008735180E0,-1.037886429E1,8.954314590E-1
1.877128068E1,-1.790862918E0,-1.041238308E1,9.193734527E-1
1.877323380E1,-1.513135433E0,-1.045787334E1,8.643068075E-1
1.877521745E1,-1.194706678E0,-1.050096893E1,7.493851185E-1
1.877717057E1,-8.427590132E-1,-1.053688145E1,5.889736414E-1
1.877915421E1,-4.548983276E-1,-1.057758331E1,3.878606856E-1
1.878113786E1,-4.548983276E-2,-1.062786102E1,1.604115069E-1
1.878315202E1,3.663128614E-1,-1.066137981E1,-7.182604820E-2
1.878510514E1,7.781155705E-1,-1.069968700E1,-2.992752194E-1
1.878708878E1,1.177947283E0,-1.074278259E1,-5.171475410E-1
1.878904191E1,1.572990537E0,-1.079545593E1,-7.230489254E-1
1.879105607E1,1.996764183E0,-1.083376312E1,-9.409212470E-1
1.879300919E1,2.430114746E0,-1.086488724E1,-1.154005170E0
1.879502335E1,2.796427488E0,-1.092953110E1,-1.290474772E0
1.879697648E1,3.069366693E0,-1.104684639E1,-1.326387763E0
1.879896012E1,3.287238836E0,-1.118092155E1,-1.326387763E0
1.880094376E1,3.488351822E0,-1.130542088E1,-1.338358760E0
1.880295792E1,3.672705412E0,-1.142752457E1,-1.350329757E0
1.880491105E1,3.823540211E0,-1.155681133E1,-1.326387763E0
1.880689469E1,3.933673382E0,-1.171482849E1,-1.273715258E0
1.880887833E1,4.000710964E0,-1.189200020E1,-1.187524080E0
1.881086198E1,4.039018154E0,-1.207874775E1,-1.077390790E0
1.881281510E1,4.062960148E0,-1.227746677E1,-9.672574997E-1
1.881482926E1,4.041412354E0,-1.249533844E1,-8.331822157E-1
1.881678239E1,3.971980572E0,-1.272757626E1,-6.703764796E-1
1.881879655E1,3.859453201E0,-1.296460247E1,-5.099649429E-1
1.882071915E1,3.718195200E0,-1.318486881E1,-3.663128614E-1
1.882273331E1,3.572149038E0,-1.339316463E1,-2.202665508E-1
1.882468644E1,3.416525841E0,-1.359427738E1,-5.746084079E-2
1.882667008E1,3.227383852E0,-1.378341961E1,1.268926859E-1
1.882865373E1,3.007117271E0,-1.394143677E1,3.184288144E-1
1.883063737E1,2.770091295E0,-1.406354046E1,5.075707436E-1
1.883255998E1,2.523488522E0,-1.414254951E1,6.943184733E-1
1.883457414E1,2.279279947E0,-1.419522190E1,8.690952063E-1
1.883652726E1,2.027888775E0,-1.420958710E1,1.053448796E0
1.883854142E1,1.778891921E0,-1.417127991E1,1.268926859E0
1.884046403E1,1.656787634E0,-1.414254951E1,1.388636947E0
1.884247819E1,1.412579060E0,-1.406832886E1,1.632845521E0
1.884443131E1,1.170764685E0,-1.396298409E1,1.867477298E0
1.884641496E1,9.409212470E-1,-1.384088039E1,2.094926596E0
1.884839860E1,7.302315235E-1,-1.372835255E1,2.336740971E0
1.885038224E1,5.530605912E-1,-1.363497829E1,2.585737944E0
1.885230485E1,3.854664862E-1,-1.357272911E1,2.829946518E0
1.885431901E1,2.059013397E-1,-1.354399872E1,3.069366693E0
1.885627213E1,1.675941236E-2,-1.355118179E1,3.308786631E0
1.885825578E1,-1.771709323E-1,-1.359906578E1,3.533841610E0
1.886020890E1,-3.639186621E-1,-1.368765068E1,3.746925592E0
1.886222306E1,-5.458779931E-1,-1.380017853E1,3.955221176E0
1.886417619E1,-7.134721279E-1,-1.394622517E1,4.149151325E0
1.886615983E1,-8.667010069E-1,-1.410663605E1,4.328716755E0
1.886814347E1,-1.012747288E0,-1.427901936E1,4.486733913E0
1.887012711E1,-1.149216771E0,-1.445858383E1,4.623203278E0
1.887204972E1,-1.268926859E0,-1.464054298E1,4.750096321E0
1.887403336E1,-1.367089152E0,-1.481292629E1,4.853046894E0
1.887601701E1,-1.455674648E0,-1.497094345E1,4.922478676E0
1.887803117E1,-1.544260144E0,-1.511220074E1,4.951209068E0
1.887998429E1,-1.625662923E0,-1.523430538E1,4.955997467E0
1.888199845E1,-1.695094824E0,-1.534443855E1,4.922478676E0
1.888395158E1,-1.747767210E0,-1.543541813E1,4.869806290E0
1.888596574E1,-1.776497602E0,-1.549766731E1,4.812345505E0
1.888788834E1,-1.798045516E0,-1.552639771E1,4.740519524E0
1.888990250E1,-1.833958507E0,-1.551921558E1,4.656722069E0
1.889185563E1,-1.903390408E0,-1.546414852E1,4.568136692E0
1.889383927E1,-1.987187386E0,-1.537316895E1,4.496310711E0
1.889579240E1,-2.063801765E0,-1.525345898E1,4.455609322E0
1.889780656E1,-2.149993181E0,-1.508825874E1,4.446032524E0
1.889975968E1,-2.255337954E0,-1.489911747E1,4.462791920E0
1.890177384E1,-2.391807556E0,-1.468363857E1,4.496310711E0
1.890372697E1,-2.549824715E0,-1.442745972E1,4.522646904E0
1.890574113E1,-2.695871115E0,-1.413536644E1,4.596867085E0
1.890769425E1,-2.832340717E0,-1.383130360E1,4.678270340E0
1.890967789E1,-2.987963676E0,-1.354160500E1,4.656722069E0
1.891166154E1,-3.136404276E0,-1.325669479E1,4.568136692E0
1.891364518E1,-3.253720045E0,-1.297896767E1,4.479551315E0
1.891559830E1,-3.337517262E0,-1.270602798E1,4.398148537E0
1.891761246E1,-3.402160645E0,-1.243069553E1,4.273650169E0
1.891959611E1,-3.438073635E0,-1.217212105E1,4.084507942E0
1.892157975E1,-3.471592426E0,-1.191594219E1,3.842693806E0
1.892350236E1,-3.505111217E0,-1.165736771E1,3.541024208E0
1.892551652E1,-3.512293816E0,-1.140597725E1,3.234566450E0
1.892746964E1,-3.483563423E0,-1.117134476E1,2.968810081E0
1.892945328E1,-3.442862034E0,-1.093910789E1,2.707842112E0
1.893143693E1,-3.435679436E0,-1.070687008E1,2.372653961E0
1.893345109E1,-3.459621429E0,-1.049139214E1,1.944091797E0
1.893540421E1,-3.478775024E0,-1.028549004E1,1.491587639E0
1.893738786E1,-3.445256233E0,-1.008916569E1,1.051054597E0
1.893937150E1,-3.361459255E0,-9.928754807E0,6.272808313E-1
1.894135514E1,-3.265691042E0,-9.811438560E0,2.442085743E-1
1.894327775E1,-3.181894064E0,-9.725247383E0,-8.379705995E-2
1.894529191E1,-3.136404276E0,-9.684545517E0,-3.734954596E-1
1.894724503E1,-3.090914488E0,-9.679757118E0,-6.272808313E-1
1.894922868E1,-3.004723072E0,-9.682151794E0,-8.762778044E-1
1.895121232E1,-2.889801502E0,-9.710882187E0,-1.142034173E0
1.895319596E1,-2.762908697E0,-9.770736694E0,-1.429338455E0
1.895511857E1,-2.604891539E0,-9.844957352E0,-1.742978811E0
1.895713273E1,-2.422932148E0,-9.919178009E0,-2.078166962E0
1.895908585E1,-2.229001760E0,-1.000776291E1,-2.389413357E0
1.896106950E1,-2.056619167E0,-1.011789608E1,-2.662352324E0
1.896302262E1,-1.932120800E0,-1.024957752E1,-2.956839085E0
1.896500626E1,-1.845929503E0,-1.041956615E1,-3.284844637E0
1.896695939E1,-1.754949808E0,-1.062067890E1,-3.574543238E0
1.896894303E1,-1.637633920E0,-1.081460953E1,-3.787626982E0
1.897092667E1,-1.522712231E0,-1.097262669E1,-3.931279182E0
1.897291032E1,-1.431732655E0,-1.111627865E1,-4.027047157E0
1.897489396E1,-1.359906554E0,-1.123359394E1,-4.072536945E0
1.897687760E1,-1.280897856E0,-1.130063248E1,-4.089296341E0
1.897880021E1,-1.209071875E0,-1.133175659E1,-4.094084740E0
1.898081437E1,-1.168370485E0,-1.133893967E1,-4.067748547E0
1.898279801E1,-1.180341482E0,-1.132696819E1,-3.988739967E0
1.898478165E1,-1.230619669E0,-1.129584408E1,-3.883395195E0
1.898676530E1,-1.280897856E0,-1.124795914E1,-3.821146011E0
1.898874894E1,-1.309628367E0,-1.117852783E1,-3.873818398E0
1.899070206E1,-1.309628367E0,-1.113064384E1,-3.928884983E0
1.899268571E1,-1.271321058E0,-1.102051067E1,-4.031835556E0
1.899463883E1,-1.206677675E0,-1.093431950E1,-4.072536945E0
1.899665299E1,-1.168370485E0,-1.087685871E1,-4.031835556E0
1.899857560E1,-1.170764685E0,-1.080503273E1,-3.931279182E0
1.900058976E1,-1.168370485E0,-1.072123528E1,-3.794809580E0
1.900254288E1,-1.113303781E0,-1.066137981E1,-3.603273630E0
1.900452653E1,-1.031900883E0,-1.063983250E1,-3.327940464E0
1.900651017E1,-9.385270476E-1,-1.059194851E1,-3.026270866E0
1.900849381E1,-6.727706790E-1,-1.048181534E1,-2.784456491E0
1.901041642E1,-1.340752989E-1,-1.035492229E1,-2.573766708E0
1.901243058E1,5.937620401E-1,-1.028070164E1,-2.375048161E0
1.901438370E1,1.144428372E0,-1.021605873E1,-2.147598982E0
1.901639787E1,1.472434044E0,-1.010113716E1,-2.003946781E0
1.901835099E1,1.886630893E0,-9.964667320E0,-2.056619167E0
1.902036515E1,2.387019157E0,-9.818621635E0,-2.209848166E0
1.902231828E1,2.820369720E0,-9.689333916E0,-2.406172752E0
1.902430192E1,3.107673883E0,-9.576807022E0,-2.645592928E0
1.902628556E1,3.193865061E0,-9.478644371E0,-2.738966703E0
1.902826920E1,3.023876667E0,-9.414001465E0,-2.530671120E0
1.903019181E1,2.671929121E0,-9.397241592E0,-2.102109194E0
1.903220597E1,2.372653961E0,-9.416395187E0,-1.553836942E0
1.903415910E1,2.269703150E0,-9.490615845E0,-9.504981041E-1
1.903614274E1,2.339135170E0,-9.591172218E0,-4.141969085E-1
1.903809586E1,2.511517525E0,-9.665391922E0,-7.182605099E-3
1.904011002E1,2.671929121E0,-9.706093788E0,2.466027737E-1
1.904206315E1,2.801215887E0,-9.734824181E0,3.519476354E-1
1.904404679E1,2.894589901E0,-9.763554573E0,4.285621047E-1
1.904603043E1,2.908955097E0,-9.787496567E0,4.884171486E-1
1.904801408E1,2.844311714E0,-9.825803757E0,5.434837937E-1
1.904996720E1,2.758120298E0,-9.873687744E0,6.248866320E-1
1.905198136E1,2.664746523E0,-9.931148529E0,7.254431248E-1
1.905393449E1,2.533065319E0,-9.995792389E0,8.307880163E-1
1.905591813E1,2.353500366E0,-1.005564690E1,9.241618514E-1
1.905787125E1,2.176329374E0,-1.011789608E1,9.959878922E-1
1.905988541E1,2.023100376E0,-1.017775154E1,1.055842996E0
1.906183854E1,1.903390408E0,-1.022563553E1,1.101332784E0
1.906382218E1,1.814804912E0,-1.027351952E1,1.158793569E0
1.906580582E1,1.683123827E0,-1.032858658E1,1.244984865E0
1.906778947E1,1.493981838E0,-1.039083576E1,1.359906554E0
1.906974259E1,1.283292055E0,-1.046745014E1,1.479616642E0
1.907175675E1,1.017535686E0,-1.054885292E1,1.575384736E0
1.907370988E1,6.919242740E-1,-1.062786102E1,1.575384736E0
1.907572404E1,1.675941199E-1,-1.074517727E1,1.443703651E0
1.907767716E1,-4.596867263E-1,-1.087207031E1,1.312022567E0
1.907966080E1,-7.015010715E-1,-1.089122391E1,1.395819545E0
1.908161393E1,-7.015010715E-1,-1.087685871E1,1.551442742E0
1.908362809E1,-7.398083210E-1,-1.090798283E1,1.599326730E0
1.908561173E1,-9.217676520E-1,-1.096304989E1,1.549048543E0
1.908759538E1,-1.175553083E0,-1.101332760E1,1.400607944E0
1.908957902E1,-1.345541358E0,-1.102051067E1,1.197100878E0
1.909156266E1,-1.371877551E0,-1.095586681E1,9.504981041E-1
1.909348527E1,-1.290474772E0,-1.083136845E1,6.919242740E-1
1.909549943E1,-1.158793569E0,-1.068771648E1,4.572925270E-1
1.909748307E1,-1.007958889E0,-1.053209305E1,2.753331959E-1
1.909946671E1,-8.451532125E-1,-1.034534550E1,1.244984865E-1
1.910138932E1,-6.727706790E-1,-1.015141487E1,-2.633621916E-2
1.910340348E1,-5.123591423E-1,-9.967061996E0,-2.011129409E-1
1.910535660E1,-3.327940404E-1,-9.777919769E0,-3.830722570E-1
1.910734025E1,-1.364694983E-1,-9.605537415E0,-5.482721925E-1
1.910932389E1,2.154781483E-2,-9.461885452E0,-6.919242740E-1
1.911130753E1,1.221042871E-1,-9.358934402E0,-7.829039693E-1
1.911323014E1,1.723825186E-1,-9.270348549E0,-7.613561153E-1
1.911524430E1,1.987187415E-1,-9.210494041E0,-7.206547260E-1
1.911719743E1,2.729389966E-1,-9.143456459E0,-7.876923680E-1
1.911918107E1,3.615244627E-1,-9.078812599E0,-9.481038451E-1
1.912113419E1,4.357447028E-1,-9.011775017E0,-1.070208192E0
1.912314835E1,4.932055473E-1,-8.942343712E0,-1.127668977E0
1.912510148E1,5.267243981E-1,-8.870517731E0,-1.161187768E0
1.912708512E1,5.386953950E-1,-8.815450668E0,-1.185129881E0
1.912906876E1,5.482721925E-1,-8.765172005E0,-1.182735682E0
1.913105241E1,5.698199868E-1,-8.686163902E0,-1.137245774E0
1.913297501E1,5.841852427E-1,-8.650250435E0,-1.108515382E0
1.913498917E1,6.512228847E-1,-8.552088737E0,-1.046266198E0
1.913694230E1,6.655880809E-1,-8.535328865E0,-1.027112484E0
1.913892594E1,6.943184733E-1,-8.492233276E0,-9.864110947E-1
1.914087907E1,7.015010715E-1,-8.441955566E0,-9.074024558E-1
1.914289323E1,6.943184733E-1,-8.394071579E0,-7.661445141E-1
1.914484635E1,6.751648784E-1,-8.350975990E0,-5.722141862E-1
1.914682999E1,6.129156351E-1,-8.322244644E0,-3.471592367E-1
1.914881364E1,5.195417404E-1,-8.293514252E0,-9.816227108E-2
1.915079728E1,4.046200812E-1,-8.257601738E0,1.867477298E-1
1.915271989E1,2.992752194E-1,-8.204929352E0,4.094084799E-1
1.915473405E1,8.858546615E-2,-8.207323074E0,4.955997467E-1
1.915668717E1,-1.651999205E-1,-8.252813339E0,5.099649429E-1
1.915867081E1,-4.141969085E-1,-8.286332130E0,5.291185975E-1
1.916059342E1,-6.224924326E-1,-8.288725853E0,5.698199868E-1
1.916260758E1,-7.924807668E-1,-8.279149055E0,5.961562395E-1
1.916453019E1,-9.528923035E-1,-8.269572258E0,5.817909837E-1
1.916654435E1,-1.149216771E0,-8.281543732E0,5.626373887E-1
1.916852799E1,-1.350329757E0,-8.293514252E0,5.674257874E-1
1.917051164E1,-1.522712231E0,-8.286332130E0,5.889736414E-1
1.917246476E1,-1.659181833E0,-8.257601738E0,6.177040339E-1
1.917444840E1,-1.790862918E0,-8.228871346E0,6.296750307E-1
1.917643205E1,-1.946485996E0,-8.202534676E0,6.129156351E-1
1.917844620E1,-2.056619167E0,-8.159439087E0,5.865794420E-1
1.918039933E1,-2.138022184E0,-8.118738174E0,5.674257874E-1
1.918238297E1,-2.221819162E0,-8.082824707E0,5.339069963E-1
1.918436662E1,-2.298433542E0,-8.042123795E0,4.908113480E-1
1.918635026E1,-2.339135170E0,-7.975085735E0,4.525041282E-1
1.918830338E1,-2.353500366E0,-7.898471355E0,4.189853072E-1
1.919031754E1,-2.360682964E0,-7.819462776E0,3.950432837E-1
1.919227067E1,-2.384624958E0,-7.750030994E0,3.567360640E-1
1.919425431E1,-2.406172752E0,-7.671022415E0,3.112462163E-1
1.919617692E1,-2.430114746E0,-7.582436562E0,2.609679997E-1
1.919819108E1,-2.444479942E0,-7.448361397E0,1.771709323E-1
1.920014420E1,-2.454056740E0,-7.309497833E0,1.005564705E-1
1.920212785E1,-2.451662540E0,-7.201758862E0,7.422025502E-2
1.920411149E1,-2.420537949E0,-7.105990410E0,7.182604820E-2
1.920609513E1,-2.382230759E0,-7.007828236E0,9.097966552E-2
1.920807877E1,-2.355894566E0,-6.912060261E0,1.244984865E-1
1.921006242E1,-2.346317768E0,-6.818686485E0,1.268926859E-1
1.921201554E1,-2.331952572E0,-6.730101109E0,1.029506698E-1
1.921399918E1,-2.327163935E0,-6.636727333E0,6.224924326E-2
1.921598283E1,-2.308010340E0,-6.533776283E0,1.197100803E-2
1.921799699E1,-2.291250944E0,-6.414066315E0,-3.830722719E-2
1.921995011E1,-2.324769735E0,-6.318298340E0,-6.943184882E-2
1.922193375E1,-2.387019157E0,-6.272808552E0,-6.943184882E-2
1.922391740E1,-2.437297344E0,-6.220136166E0,-5.267243832E-2
1.922590104E1,-2.444479942E0,-6.131550789E0,-6.224924326E-2
1.922782365E1,-2.458845139E0,-6.030993938E0,-6.703764945E-2
1.922983781E1,-2.521094322E0,-5.968744755E0,-3.830722719E-2
1.923179093E1,-2.626439333E0,-5.944802761E0,7.182605099E-3
1.923377457E1,-2.717418909E0,-5.882553577E0,3.351882473E-2
1.923575822E1,-2.794033289E0,-5.798756599E0,5.985504389E-2
1.923774186E1,-2.896984100E0,-5.731719017E0,7.661445439E-2
1.923966447E1,-2.992752075E0,-5.686229229E0,8.379705995E-2
1.924167863E1,-3.045424461E0,-5.633556366E0,8.858546615E-2
1.924363175E1,-3.093308687E0,-5.583278179E0,9.097966552E-2
1.924561539E1,-3.165134668E0,-5.549759388E0,9.337386489E-2
1.924759904E1,-3.244143248E0,-5.535394192E0,1.125274822E-1
1.924958268E1,-3.303998232E0,-5.528211594E0,1.508347094E-1
1.925150529E1,-3.339911461E0,-5.523423195E0,1.915361285E-1
1.925351945E1,-3.325546265E0,-5.513846397E0,2.106897533E-1
1.925547257E1,-3.280056238E0,-5.506663799E0,2.370259613E-1
1.925745622E1,-3.236960649E0,-5.511452198E0,2.681505978E-1
1.925943986E1,-3.201047659E0,-5.537788391E0,2.825157940E-1
1.926145402E1,-3.157952070E0,-5.564124584E0,2.896983922E-1
1.926340714E1,-3.076549292E0,-5.576095581E0,2.992752194E-1
1.926542130E1,-2.983175278E0,-5.590460777E0,3.112462163E-1
1.926737443E1,-2.901772499E0,-5.609614372E0,3.136404157E-1
1.926935807E1,-2.849100113E0,-5.621585369E0,3.040636182E-1
1.927134171E1,-2.825158119E0,-5.614402771E0,3.064578176E-1
1.927332536E1,-2.808398485E0,-5.609614372E0,3.184288144E-1
1.927527848E1,-2.784456491E0,-5.612008572E0,3.232172430E-1
1.927726212E1,-2.760514498E0,-5.621585369E0,3.280056417E-1
1.927924577E1,-2.760514498E0,-5.643133640E0,3.423708379E-1
1.928122941E1,-2.765302896E0,-5.655104637E0,3.519476354E-1
1.928318253E1,-2.770091295E0,-5.674258232E0,3.758896589E-1
1.928519669E1,-2.753331900E0,-5.686229229E0,4.094084799E-1
1.928714982E1,-2.734178305E0,-5.698200226E0,4.381389022E-1
1.928910294E1,-2.746149302E0,-5.714959621E0,4.596867263E-1
1.929108659E1,-2.760514498E0,-5.738901615E0,4.644751251E-1
1.929307023E1,-2.782062292E0,-5.770026207E0,4.716577232E-1
1.929499284E1,-2.801215887E0,-5.815515995E0,4.860229492E-1
1.929700700E1,-2.803610086E0,-5.870582581E0,4.908113480E-1
1.929899064E1,-2.796427488E0,-5.911283970E0,4.884171486E-1
1.930100480E1,-2.782062292E0,-5.949591160E0,4.812345505E-1
1.930295792E1,-2.765302896E0,-5.995080948E0,4.716577232E-1
1.930497208E1,-2.738966703E0,-6.030993938E0,4.596867263E-1
1.930692521E1,-2.700659513E0,-6.071695328E0,4.548983276E-1
1.930887833E1,-2.659958124E0,-6.117185116E0,4.572925270E-1
1.931086198E1,-2.600103140E0,-6.153098583E0,4.788403511E-1
1.931284562E1,-2.530671120E0,-6.189011574E0,5.099649429E-1
1.931479874E1,-2.475604534E0,-6.234501362E0,5.554547906E-1
1.931678239E1,-2.437297344E0,-6.275202751E0,6.177040339E-1
1.931876603E1,-2.387019157E0,-6.308721542E0,6.967126727E-1
1.932071915E1,-2.334346771E0,-6.351817131E0,7.972691655E-1
1.932270280E1,-2.303221941E0,-6.402095318E0,8.906430602E-1
1.932471696E1,-2.269703150E0,-6.428431511E0,9.552865028E-1
1.932667008E1,-2.236184359E0,-6.469132900E0,1.005564690E0
1.932865373E1,-2.217030764E0,-6.531382084E0,1.067813993E0
1.933063737E1,-2.202665567E0,-6.588842869E0,1.151610970E0
1.933262101E1,-2.190694571E0,-6.643909931E0,1.235408068E0
1.933454362E1,-2.171540976E0,-6.694188118E0,1.307234168E0
1.933655778E1,-2.128445387E0,-6.722918510E0,1.381454349E0
1.933854142E1,-2.030282974E0,-6.739677906E0,1.465251446E0
1.934052506E1,-1.874659896E0,-6.737283707E0,1.570596337E0
1.934250870E1,-1.733402014E0,-6.742072105E0,1.683123827E0
1.934452287E1,-1.608903527E0,-6.751648903E0,1.800439715E0
1.934647599E1,-1.489193439E0,-6.758831501E0,1.917755604E0
1.934845963E1,-1.369483352E0,-6.761225700E0,2.047042370E0
1.935044328E1,-1.225831270E0,-6.766014099E0,2.200271368E0
1.935242692E1,-1.077390790E0,-6.794744492E0,2.363077164E0
1.935438004E1,-9.433154464E-1,-6.835445881E0,2.530671120E0
1.935636369E1,-8.092401624E-1,-6.868964672E0,2.698265314E0
1.935834733E1,-6.799532771E-1,-6.907271862E0,2.875436306E0
1.936030045E1,-5.602431893E-1,-6.979097843E0,3.059789658E0
1.936228410E1,-4.572925270E-1,-7.103596210E0,3.253720045E0
1.936429826E1,-3.615244627E-1,-7.235277653E0,3.469198227E0
1.936625138E1,-2.370259613E-1,-7.345410824E0,3.663128614E0
1.936823502E1,-7.422025502E-2,-7.450755596E0,3.813963413E0
1.937018815E1,8.379705995E-2,-7.580042362E0,3.924096584E0
1.937220231E1,2.250549644E-1,-7.728483200E0,4.053383350E0
1.937415543E1,3.830722570E-1,-7.891288757E0,4.228160381E0
1.937613908E1,5.386953950E-1,-8.068459511E0,4.431667328E0
1.937809220E1,6.967126727E-1,-8.252813339E0,4.620809078E0
1.938007584E1,8.475474119E-1,-8.470685959E0,4.809951305E0
1.938202897E1,9.959878922E-1,-8.707711220E0,4.984727859E0
1.938404313E1,1.144428372E0,-8.949525833E0,5.164293289E0
1.938602677E1,1.300051570E0,-9.184157372E0,5.324704647E0
1.938801041E1,1.482010841E0,-9.411606789E0,5.458779812E0
1.938996354E1,1.685518026E0,-9.627084732E0,5.583278179E0
1.939197770E1,1.874659896E0,-9.852140427E0,5.726930618E0
1.939393082E1,2.013523579E0,-1.011071396E1,5.858611584E0
1.939594498E1,2.135627985E0,-1.040759468E1,5.963956356E0
1.939789811E1,2.264914751E0,-1.071165848E1,6.066906929E0
1.939991227E1,2.394201756E0,-1.101572227E1,6.189011574E0
1.940183488E1,2.530671120E0,-1.131260300E1,6.347028732E0
1.940384904E1,2.679111719E0,-1.161906052E1,6.531382084E0
1.940583268E1,2.827552319E0,-1.194946098E1,6.744466305E0
1.940781632E1,2.980781078E0,-1.229183197E1,6.981492043E0
1.940973893E1,3.148375273E0,-1.263659668E1,7.223306656E0
1.941175309E1,3.330334663E0,-1.298614979E1,7.474697590E0
1.941370622E1,3.502717018E0,-1.333809757E1,7.704541206E0
1.941572038E1,3.651157618E0,-1.367807388E1,7.910442352E0
1.941767350E1,3.785232782E0,-1.402044487E1,8.109161377E0
1.941968766E1,3.924096584E0,-1.435563374E1,8.259995461E0
1.942164078E1,4.077325344E0,-1.465251446E1,8.336610794E0
1.942362443E1,4.218583584E0,-1.490869427E1,8.348581314E0
1.942560807E1,4.311957359E0,-1.514332581E1,8.307879448E0
1.942759171E1,4.350264549E0,-1.533486176E1,8.240841866E0
1.942954484E1,4.362235546E0,-1.548090839E1,8.154650688E0
1.943155900E1,4.371812344E0,-1.555273438E1,8.082824707E0
1.943351212E1,4.362235546E0,-1.555512810E1,8.046912193E0
1.943552628E1,4.326322556E0,-1.550006199E1,8.063671112E0
1.943759183E1,4.288015366E0,-1.537077522E1,8.147468567E0
1.943957548E1,4.254496574E0,-1.516008472E1,8.286332130E0
1.944155912E1,4.216189384E0,-1.488954067E1,8.446743965E0
1.944354276E1,4.149151325E0,-1.458547688E1,8.631096840E0
1.944549589E1,4.034229755E0,-1.425986576E1,8.829815865E0
1.944751005E1,3.861847401E0,-1.394861889E1,9.016563416E0
1.944946317E1,3.634398222E0,-1.364455509E1,9.176975250E0
1.945144682E1,3.383007050E0,-1.334767437E1,9.287108421E0
1.945343046E1,3.124433279E0,-1.306515884E1,9.346963882E0
1.945544462E1,2.858676910E0,-1.280179691E1,9.390059471E0
1.945739774E1,2.612074137E0,-1.254801083E1,9.433155060E0
1.945941190E1,2.384624958E0,-1.229422569E1,9.445125580E0
1.946133451E1,2.190694571E0,-1.201410389E1,9.392453194E0
1.946334867E1,2.018311977E0,-1.171243477E1,9.287108421E0
1.946533231E1,1.850717902E0,-1.141555405E1,9.131484985E0
1.946731596E1,1.759738207E0,-1.126711273E1,9.038111687E0
1.946926908E1,1.565807939E0,-1.098220348E1,8.805873871E0
1.947128324E1,1.357512355E0,-1.071165848E1,8.542511940E0
1.947323637E1,1.151610970E0,-1.044350815E1,8.240841866E0
1.947522001E1,9.433154464E-1,-1.016338634E1,7.872135162E0
1.947717313E1,7.278373241E-1,-9.885659218E0,7.433996201E0
1.947918729E1,4.692635238E-1,-9.619902611E0,6.919242859E0
1.948114042E1,1.675941199E-1,-9.361329079E0,6.356605530E0
1.948312406E1,-1.675941199E-1,-9.105149269E0,5.770026207E0
1.948510770E1,-5.363011956E-1,-8.872911453E0,5.173870087E0
1.948709135E1,-9.504981041E-1,-8.674192429E0,4.577713490E0
1.948901395E1,-1.398213744E0,-8.499416351E0,4.010287762E0
1.949102811E1,-1.857900500E0,-8.358158112E0,3.476380825E0
1.949301176E1,-2.317587137E0,-8.252813339E0,2.995146275E0
1.949499540E1,-2.755726099E0,-8.173804283E0,2.588132143E0
1.949691801E1,-3.153163671E0,-8.118738174E0,2.286462545E0
1.949893217E1,-3.495534420E0,-8.085219383E0,2.092532396E0
1.950088529E1,-3.785232782E0,-8.085219383E0,2.006340981E0
1.950286893E1,-4.024652958E0,-8.106766701E0,1.977610588E0
1.950485258E1,-4.237737179E0,-8.157045364E0,1.989581585E0
1.950683622E1,-4.417302132E0,-8.221688271E0,2.003946781E0
1.950875883E1,-4.548983097E0,-8.303091049E0,2.001552582E0
1.951077299E1,-4.654327869E0,-8.420407295E0,2.006340981E0
1.951272611E1,-4.699818134E0,-8.549694061E0,1.956062794E0
1.951474027E1,-4.649539471E0,-8.662221909E0,1.843535304E0
1.951669340E1,-4.517858505E0,-8.777143478E0,1.687912226E0
1.951870756E1,-4.297592163E0,-8.887276649E0,1.508347034E0
1.952066068E1,-3.979163170E0,-8.992621422E0,1.304839969E0
1.952264432E1,-3.586514235E0,-9.109937668E0,1.065419793E0
1.952462797E1,-3.174711466E0,-9.272743225E0,8.451532125E-1
1.952661161E1,-2.791639090E0,-9.490615845E0,6.607996821E-1
1.952853422E1,-2.442085743E0,-9.753977776E0,4.740519226E-1
1.953054838E1,-2.147598982E0,-1.008677197E1,2.226607651E-1
1.953250150E1,-1.944091797E0,-1.049618053E1,-1.244984865E-1
1.953448514E1,-1.807622313E0,-1.093910789E1,-6.105214357E-1
1.953643827E1,-1.721431017E0,-1.140837097E1,-1.221042871E0
1.953845243E1,-1.733402014E0,-1.191594219E1,-1.915361404E0
1.954037504E1,-1.790862918E0,-1.240435886E1,-2.676717520E0
1.954238920E1,-1.805228114E0,-1.283770943E1,-3.473986626E0
1.954437284E1,-1.786074519E0,-1.321359921E1,-4.232948780E0
1.954632596E1,-1.764526606E0,-1.354639339E1,-4.888959885E0
1.954830961E1,-1.740584612E0,-1.387439919E1,-5.415684223E0
1.955032377E1,-1.711854219E0,-1.420240402E1,-5.841852188E0
1.955224638E1,-1.690306425E0,-1.452083302E1,-6.167463779E0
1.955426054E1,-1.726219416E0,-1.485123348E1,-6.349422932E0
1.955621366E1,-1.853112102E0,-1.517684460E1,-6.483498096E0
1.955819730E1,-2.027888775E0,-1.548809052E1,-6.634333134E0
1.956018095E1,-2.233790159E0,-1.575624180E1,-6.718130112E0
1.956216459E1,-2.449268341E0,-1.594059467E1,-6.727706909E0
1.956408720E1,-2.645592928E0,-1.602199745E1,-6.682217121E0
1.956610136E1,-2.810792685E0,-1.600284386E1,-6.550535679E0
1.956805448E1,-2.975992680E0,-1.594538307E1,-6.287173748E0
1.957003812E1,-3.174711466E0,-1.582567310E1,-5.904101372E0
1.957202177E1,-3.371036053E0,-1.564610767E1,-5.391742229E0
1.957403593E1,-3.533841610E0,-1.546175480E1,-4.790797710E0
1.957598905E1,-3.677493811E0,-1.527500725E1,-4.070142746E0
1.957797269E1,-3.818751812E0,-1.506192303E1,-3.232172251E0
1.957992582E1,-3.904942989E0,-1.484883881E1,-2.267308950E0
1.958193998E1,-3.912125587E0,-1.461660099E1,-1.175553083E0
1.958389310E1,-3.842693806E0,-1.437718105E1,4.788403399E-3
1.958590726E1,-3.694253206E0,-1.414015484E1,1.204283476E0
1.958786039E1,-3.450044632E0,-1.389355278E1,2.422932148E0
1.958984403E1,-3.145981073E0,-1.362779617E1,3.624821424E0
1.959182767E1,-2.789244890E0,-1.334049225E1,4.702212334E0
1.959384183E1,-2.363077164E0,-1.302924538E1,5.623979568E0
1.959579496E1,-1.898601890E0,-1.269884586E1,6.351817131E0
1.959777860E1,-1.410184860E0,-1.236605167E1,6.849811077E0
1.959976224E1,-8.978256583E-1,-1.199973869E1,7.096413612E0
1.960174589E1,-3.926490843E-1,-1.158554173E1,7.098807812E0
1.960366849E1,6.703764945E-2,-1.111867237E1,6.864176273E0
1.960568266E1,4.333505034E-1,-1.062546730E1,6.394912720E0
1.960763578E1,5.961562395E-1,-1.013465595E1,5.770026207E0
1.960961942E1,4.237737060E-1,-9.665391922E0,5.058948040E0
1.961160306E1,3.112462163E-2,-9.229647636E0,4.261679173E0
1.961361723E1,-3.567360640E-1,-8.801085472E0,3.344699860E0
1.961557035E1,-6.560112834E-1,-8.350975990E0,2.358288765E0
1.961755399E1,-8.882488012E-1,-7.869740963E0,1.371877551E0
1.961950712E1,-9.816226959E-1,-7.615955830E0,8.978256583E-1
1.962152128E1,-1.142034173E0,-7.110779285E0,-1.436521020E-2
1.962347440E1,-1.271321058E0,-6.651092529E0,-8.978256583E-1
1.962548856E1,-1.398213744E0,-6.256049156E0,-1.728613615E0
1.962744169E1,-1.508347034E0,-5.884947777E0,-2.456450939E0
1.962942533E1,-1.580173135E0,-5.535394192E0,-3.090914488E0
1.963140897E1,-1.604115129E0,-5.226542473E0,-3.655946016E0
1.963342313E1,-1.630451322E0,-4.948814869E0,-4.168305397E0
1.963537626E1,-1.704671621E0,-4.675876141E0,-4.639962673E0
1.963735990E1,-1.802833915E0,-4.410119534E0,-5.063736439E0
1.963934354E1,-1.874659896E0,-4.173093796E0,-5.418078423E0
1.964132719E1,-1.872265697E0,-3.993528366E0,-5.695806026E0
1.964328031E1,-1.771709204E0,-3.864241600E0,-5.947196960E0
1.964529447E1,-1.635239720E0,-3.766079187E0,-6.263231754E0
1.964724760E1,-1.529894829E0,-3.725377798E0,-6.651092529E0
1.964923124E1,-1.534683347E0,-3.763684988E0,-6.998251438E0
1.965121488E1,-1.671152830E0,-3.881000996E0,-7.189787865E0
1.965322904E1,-1.826775908E0,-4.101267338E0,-7.220912457E0
1.965518217E1,-1.869871497E0,-4.417302132E0,-7.223306656E0
1.965719633E1,-1.912967205E0,-4.838681698E0,-7.249642849E0
1.965914945E1,-2.279279947E0,-5.396530628E0,-7.113173485E0
1.966113309E1,-2.844311714E0,-6.038176537E0,-6.780379295E0
1.966311674E1,-3.260902643E0,-6.658275127E0,-6.414066315E0
1.966510038E1,-3.514688015E0,-7.268796444E0,-6.090848923E0
1.966705350E1,-3.672705412E0,-7.927201748E0,-5.817910194E0
1.966906766E1,-3.703830004E0,-8.607154846E0,-5.566518784E0
1.967102079E1,-3.519476414E0,-9.246406555E0,-5.386953831E0
1.967300443E1,-3.078943491E0,-9.749189377E0,-5.293580055E0
1.967495756E1,-2.461239338E0,-1.010113716E1,-5.267243862E0
1.967697172E1,-1.812410712E0,-1.035492229E1,-5.257667065E0
1.967889432E1,-1.187524080E0,-1.055842972E1,-5.214571476E0
1.968090848E1,-5.937620401E-1,-1.075954247E1,-5.118803024E0
1.968289213E1,-6.224924326E-2,-1.093910789E1,-4.932055473E0
1.968487577E1,4.118026793E-1,-1.108754826E1,-4.639962673E0
1.968679838E1,8.475474119E-1,-1.122880554E1,-4.290409565E0
1.968881254E1,1.247379065E0,-1.136048698E1,-3.900154591E0
1.969076566E1,1.640028119E0,-1.149695683E1,-3.490746021E0
1.969277982E1,2.042253971E0,-1.162863731E1,-3.069366693E0
1.969473295E1,2.408566952E0,-1.176750088E1,-2.652775526E0
1.969674711E1,2.748543501E0,-1.193270111E1,-2.236184359E0
1.969866972E1,3.122039080E0,-1.211466026E1,-1.798045516E0
1.970068388E1,3.581725836E0,-1.226788998E1,-1.362300754E0
1.970266752E1,4.091690540E0,-1.235886955E1,-9.433154464E-1
1.970465116E1,4.620809078E0,-1.237802315E1,-5.937620401E-1
1.970657377E1,5.135562420E0,-1.234450436E1,-2.753331959E-1
1.970858793E1,5.616796970E0,-1.230140877E1,5.746084079E-2
1.971054105E1,6.069301128E0,-1.225591850E1,3.734954596E-1
1.971252470E1,6.497863293E0,-1.222239971E1,6.392518282E-1
1.971447782E1,6.936002254E0,-1.216733265E1,8.571242094E-1
1.971649198E1,7.388506413E0,-1.205241108E1,9.983820915E-1
1.971844511E1,7.821856976E0,-1.188721180E1,1.070208192E0
1.972042875E1,8.173804283E0,-1.169806957E1,1.103726983E0
1.972241239E1,8.427590370E0,-1.149216843E1,1.154005170E0
1.972439603E1,8.607154846E0,-1.126950741E1,1.211466074E0
1.972634916E1,8.753201485E0,-1.103726959E1,1.223437071E0
1.972836332E1,8.844181061E0,-1.080263805E1,1.182735682E0
1.973031644E1,8.860940933E0,-1.058476543E1,1.103726983E0
1.973230009E1,8.832210541E0,-1.039083576E1,1.005564690E0
1.973425321E1,8.705317497E0,-1.022802925E1,9.002198577E-1
1.973626737E1,8.382100105E0,-1.010831928E1,8.882488012E-1
1.973822050E1,7.891288757E0,-1.001494598E1,9.744400978E-1
1.974020414E1,7.338228226E0,-9.916783333E0,1.110909581E0
1.974218778E1,6.754043102E0,-9.811438560E0,1.276109457E0
1.974417142E1,6.145915985E0,-9.703699112E0,1.489193439E0
1.974612455E1,5.552153587E0,-9.593565941E0,1.692700624E0
1.974813871E1,4.979939461E0,-9.490615845E0,1.850717902E0
1.975006132E1,4.443638325E0,-9.406818390E0,1.963245392E0
1.975207548E1,3.921702385E0,-9.361329079E0,2.042253971E0
1.975402860E1,3.390189648E0,-9.354146004E0,2.094926596E0
1.975601224E1,2.810792685E0,-9.361329079E0,2.111685991E0
1.975799589E1,2.200271368E0,-9.368511200E0,2.106897593E0
1.975997953E1,1.582567334E0,-9.378087997E0,2.118868589E0
1.976193266E1,9.481038451E-1,-9.423578262E0,2.159569979E0
1.976394682E1,2.513911724E-1,-9.509769440E0,2.240972757E0
1.976589994E1,-4.548983276E-1,-9.634267807E0,2.331952572E0
1.976788358E1,-1.063025594E0,-9.768342972E0,2.348711967E0
1.976983671E1,-1.541865945E0,-9.873687744E0,2.353500366E0
1.977185087E1,-1.958456993E0,-1.001494598E1,2.485181332E0
1.977380399E1,-2.181117773E0,-1.022563553E1,2.530671120E0
1.977578764E1,-2.346317768E0,-1.035492229E1,2.360682964E0
1.977777128E1,-2.770091295E0,-1.036928749E1,2.219424963E0
1.977975492E1,-3.402160645E0,-1.038365269E1,2.114080191E0
1.978173856E1,-3.991134167E0,-1.040759468E1,1.893813491E0
1.978372220E1,-4.407725334E0,-1.040998936E1,1.556231141E0
1.978567533E1,-4.544194698E0,-1.041238308E1,1.381454349E0
1.978768949E1,-4.845864296E0,-1.043393135E1,9.672574997E-1
1.978961210E1,-4.927267075E0,-1.043871975E1,8.499416113E-1
1.979162626E1,-5.056553841E0,-1.043393135E1,6.512228847E-1
1.979357938E1,-5.116408825E0,-1.041238308E1,5.219359994E-1
1.979556303E1,-5.109226227E0,-1.036210537E1,4.716577232E-1
1.979754667E1,-5.046977043E0,-1.029027843E1,4.453215301E-1
1.979953031E1,-4.979939461E0,-1.020648193E1,4.213795066E-1
1.980145292E1,-4.908113480E0,-1.009634876E1,4.046200812E-1
1.980346708E1,-4.833893299E0,-9.998186111E0,3.878606856E-1
1.980542020E1,-4.730942726E0,-9.914389610E0,3.806780577E-1
1.980740385E1,-4.565742493E0,-9.816226959E0,4.189853072E-1
1.980935697E1,-4.338293552E0,-9.708487511E0,5.051765442E-1
1.981137113E1,-4.084507942E0,-9.576807022E0,5.817909837E-1
1.981332426E1,-3.849876404E0,-9.399636269E0,6.057330370E-1
1.981530790E1,-3.655946016E0,-9.174580574E0,5.961562395E-1
1.981729154E1,-3.471592426E0,-8.949525833E0,5.626373887E-1
1.981927518E1,-3.282450438E0,-8.777143478E0,5.219359994E-1
1.982119779E1,-3.052607059E0,-8.659827232E0,4.979939461E-1
1.982321195E1,-2.774879694E0,-8.588001251E0,5.123591423E-1
1.982516508E1,-2.461239338E0,-8.547300339E0,5.554547906E-1
1.982714872E1,-2.138022184E0,-8.571242332E0,5.674257874E-1
1.982913236E1,-1.795651317E0,-8.604761124E0,5.793967843E-1
1.983114652E1,-1.443703651E0,-8.628703117E0,5.841852427E-1
1.983309965E1,-1.101332784E0,-8.662221909E0,6.009446383E-1
1.983508329E1,-7.757213712E-1,-8.719682693E0,6.272808313E-1
1.983703641E1,-4.572925270E-1,-8.796297073E0,6.679822803E-1
1.983905058E1,-1.508347094E-1,-8.877699852E0,7.206547260E-1
1.984100370E1,1.340752989E-1,-8.956708908E0,7.709329724E-1
1.984301786E1,4.022258818E-1,-9.030928612E0,7.972691655E-1
1.984497098E1,6.584054828E-1,-9.100360870E0,7.781155705E-1
1.984695463E1,9.097966552E-1,-9.165003777E0,7.254431248E-1
1.984893827E1,1.144428372E0,-9.232041359E0,6.488286853E-1
1.985092191E1,1.338358760E0,-9.299078941E0,5.267243981E-1
1.985287504E1,1.477222443E0,-9.356540680E0,3.639186621E-1
1.985488920E1,1.575384736E0,-9.418789864E0,1.939303428E-1
1.985681180E1,1.637633920E0,-9.478644371E0,3.830722719E-2
1.985882596E1,1.661576033E0,-9.524134636E0,-1.197100878E-1
1.986080961E1,1.661576033E0,-9.562441826E0,-2.753331959E-1
1.986279325E1,1.649604917E0,-9.595960617E0,-4.046200812E-1
1.986474638E1,1.618480325E0,-9.619902611E0,-5.195417404E-1
1.986676054E1,1.572990537E0,-9.624691010E0,-6.440402865E-1
1.986871366E1,1.517923832E0,-9.615114212E0,-7.709329724E-1
1.987072782E1,1.465251446E0,-9.610325813E0,-8.762778044E-1
1.987268095E1,1.419761658E0,-9.619902611E0,-9.648633003E-1
1.987469511E1,1.369483352E0,-9.631873131E0,-1.022324085E0
1.987661771E1,1.321599364E0,-9.619902611E0,-1.053448796E0
1.987863187E1,1.268926859E0,-9.581595421E0,-1.089361787E0
1.988061552E1,1.221042871E0,-9.528923035E0,-1.127668977E0
1.988259916E1,1.180341482E0,-9.483432770E0,-1.158793569E0
1.988455228E1,1.154005170E0,-9.447520256E0,-1.192312479E0
1.988653593E1,1.130063176E0,-9.404424667E0,-1.223437071E0
1.988851957E1,1.120486379E0,-9.334992409E0,-1.273715258E0
1.989053373E1,1.118092179E0,-9.260771751E0,-1.326387763E0
1.989248685E1,1.108515382E0,-9.184157372E0,-1.386242747E0
1.989447050E1,1.103726983E0,-9.102754593E0,-1.434126854E0
1.989642362E1,1.098938584E0,-9.011775017E0,-1.455674648E0
1.989843778E1,1.106121182E0,-8.923190117E0,-1.470039845E0
1.990039091E1,1.125274777E0,-8.827422142E0,-1.477222443E0
1.990240507E1,1.156399369E0,-8.731653214E0,-1.477222443E0
1.990435819E1,1.197100878E0,-8.657433510E0,-1.462857246E0
1.990634183E1,1.237802267E0,-8.580819130E0,-1.434126854E0
1.990832548E1,1.297657371E0,-8.492233276E0,-1.407790542E0
1.991033964E1,1.374271750E0,-8.396465302E0,-1.388636947E0
1.991229276E1,1.448492050E0,-8.300697327E0,-1.388636947E0
1.991427641E1,1.532289028E0,-8.216899872E0,-1.422155857E0
1.991622953E1,1.616086125E0,-8.147468567E0,-1.460463047E0
1.991821317E1,1.699883223E0,-8.094796181E0,-1.489193439E0
1.992016630E1,1.771709204E0,-8.063671112E0,-1.517923832E0
1.992218046E1,1.860294700E0,-8.027758598E0,-1.539471745E0
1.992413358E1,1.975216389E0,-7.994239330E0,-1.556231141E0
1.992611723E1,2.070984364E0,-7.979874134E0,-1.589749932E0
1.992810087E1,2.138022184E0,-7.991845131E0,-1.630451322E0
1.993011503E1,2.190694571E0,-8.015787125E0,-1.649604917E0
1.993206815E1,2.240972757E0,-8.042123795E0,-1.644816518E0
1.993405180E1,2.274491549E0,-8.099584579E0,-1.656787634E0
1.993600492E1,2.322375536E0,-8.169015884E0,-1.683123827E0
1.993801908E1,2.343923569E0,-8.252813339E0,-1.711854219E0
1.993997220E1,2.317587137E0,-8.343792915E0,-1.735796213E0
1.994198637E1,2.267308950E0,-8.425195694E0,-1.747767210E0
1.994393949E1,2.207453966E0,-8.494627953E0,-1.754949808E0
1.994592313E1,2.135627985E0,-8.564059258E0,-1.766920805E0
1.994787626E1,2.037465572E0,-8.657433510E0,-1.769315004E0
1.994989042E1,1.927332401E0,-8.765172005E0,-1.771709204E0
1.995184354E1,1.819593310E0,-8.851364136E0,-1.774103403E0
1.995382719E1,1.709460020E0,-8.925583839E0,-1.757344007E0
1.995578031E1,1.654393315E0,-8.959102631E0,-1.742978811E0
1.995779447E1,1.539471745E0,-9.028534889E0,-1.711854219E0
1.995974760E1,1.412579060E0,-9.095572472E0,-1.680729628E0
1.996173124E1,1.302445769E0,-9.155426979E0,-1.635239720E0
1.996371488E1,1.189918280E0,-9.208099365E0,-1.584961534E0
1.996569852E1,1.046266198E0,-9.260771751E0,-1.532289028E0
1.996765165E1,8.810662031E-1,-9.311050415E0,-1.453280449E0
1.996963529E1,6.943184733E-1,-9.363722801E0,-1.355118155E0
1.997161893E1,4.860229492E-1,-9.416395187E0,-1.254561663E0
1.997360258E1,2.633621991E-1,-9.457097054E0,-1.161187768E0
1.997555570E1,4.309562966E-2,-9.488221169E0,-1.067813993E0
1.997756986E1,-1.747767180E-1,-9.514557838E0,-9.768342972E-1
1.997952299E1,-3.854664862E-1,-9.536105156E0,-8.930372596E-1
1.998150663E1,-5.770025849E-1,-9.550470352E0,-8.140285611E-1
1.998349027E1,-7.589619160E-1,-9.576807022E0,-7.493851185E-1
1.998547391E1,-9.385270476E-1,-9.617507935E0,-6.871358752E-1
1.998742704E1,-1.122880578E0,-9.665391922E0,-6.320692301E-1
1.998941068E1,-1.312022567E0,-9.696516991E0,-5.937620401E-1
1.999139432E1,-1.474828243E0,-9.720458984E0,-5.746083856E-1
1.999337797E1,-1.613691926E0,-9.744400978E0,-5.674257874E-1
1.999533109E1,-1.750161409E0,-9.761159897E0,-5.698199868E-1
1.999734525E1,-1.869871497E0,-9.787496567E0,-5.865794420E-1
1.999929838E1,-1.977610588E0,-9.816226959E0,-6.105214357E-1
2.000125150E1,-2.082955360E0,-9.837775230E0,-6.512228847E-1
2.000323514E1,-2.159569979E0,-9.876082420E0,-6.991068721E-1
2.000521879E1,-2.217030764E0,-9.931148529E0,-7.398083210E-1
2.000717191E1,-2.262520552E0,-9.974244118E0,-7.852981687E-1
2.000915556E1,-2.288856745E0,-9.998186111E0,-8.283938169E-1
2.001113920E1,-2.300827742E0,-1.001255131E1,-8.595184088E-1
2.001315336E1,-2.284068346E0,-1.003649330E1,-8.762778044E-1
2.001510648E1,-2.250549555E0,-1.006043530E1,-8.858546019E-1
2.001712064E1,-2.200271368E0,-1.008916569E1,-8.858546019E-1
2.001907377E1,-2.126051188E0,-1.010353088E1,-8.906430602E-1
2.002105741E1,-2.042253971E0,-1.010831928E1,-9.050082564E-1
2.002304105E1,-1.944091797E0,-1.010831928E1,-9.097966552E-1
2.002502470E1,-1.821987510E0,-1.010592556E1,-8.930372596E-1
2.002697782E1,-1.683123827E0,-1.008916569E1,-8.667010069E-1
2.002896146E1,-1.546654344E0,-1.007001209E1,-8.403648138E-1
2.003094511E1,-1.393425345E0,-1.005085850E1,-8.140285611E-1
2.003289823E1,-1.230619669E0,-1.002691650E1,-8.092401624E-1
2.003488187E1,-1.067813993E0,-1.000536919E1,-8.140285611E-1
2.003689603E1,-9.050082564E-1,-9.991003990E0,-8.020575643E-1
2.003884916E1,-7.302315235E-1,-9.971850395E0,-7.924807668E-1
2.004083280E1,-5.578489900E-1,-9.945513725E0,-7.972691655E-1
2.004281644E1,-3.734954596E-1,-9.911994934E0,-8.068459630E-1
2.004480009E1,-1.891419291E-1,-9.876082420E0,-8.092401624E-1
2.004675321E1,-1.675941236E-2,-9.849745750E0,-8.188169599E-1
2.004873685E1,1.532289088E-1,-9.823410034E0,-8.379706144E-1
2.005072050E1,3.160346150E-1,-9.813833237E0,-8.595184088E-1
2.005273466E1,4.644751251E-1,-9.806650162E0,-8.714894056E-1
2.005465726E1,5.961562395E-1,-9.789890289E0,-8.930372596E-1
2.005667142E1,7.182605267E-1,-9.775525093E0,-9.217676520E-1
2.005862455E1,8.212111592E-1,-9.758766174E0,-9.433154464E-1
2.006060819E1,9.050082564E-1,-9.742006302E0,-9.648633003E-1
2.006256132E1,9.792284966E-1,-9.746794701E0,-9.720458984E-1
2.006454496E1,1.039083481E0,-9.768342972E0,-9.744400978E-1
2.006652860E1,1.084573388E0,-9.797073364E0,-9.696516991E-1
2.006854276E1,1.110909581E0,-9.830592155E0,-9.576807022E-1
2.007049589E1,1.122880578E0,-9.883264542E0,-9.289502501E-1
2.007247953E1,1.113303781E0,-9.950302124E0,-8.738836050E-1
2.007443266E1,1.065419793E0,-1.002452278E1,-7.781155705E-1
2.007641630E1,9.888052940E-1,-1.010831928E1,-6.631938815E-1
2.007839994E1,8.810662031E-1,-1.020887566E1,-5.386953950E-1
2.008041410E1,7.517793179E-1,-1.032140350E1,-4.118026793E-1
2.008236723E1,5.889736414E-1,-1.044829655E1,-2.849099934E-1
2.008435087E1,4.118026793E-1,-1.058476543E1,-1.604115069E-1
2.008630399E1,2.298433632E-1,-1.071884060E1,-5.027823523E-2
2.008831815E1,4.788403213E-2,-1.083615685E1,3.830722719E-2
2.009027128E1,-1.077390760E-1,-1.095586681E1,1.077390760E-1
2.009225492E1,-2.202665508E-1,-1.106599998E1,1.651999205E-1
2.009423856E1,-2.920926213E-1,-1.117613316E1,1.939303428E-1
2.009622220E1,-3.160346150E-1,-1.128147888E1,1.723825186E-1
2.009817533E1,-2.896983922E-1,-1.137245846E1,1.101332754E-1
2.010015897E1,-2.202665508E-1,-1.143710136E1,1.197100803E-2
2.010214262E1,-9.816227108E-2,-1.148259163E1,-1.053448766E-1
2.010412626E1,6.943184882E-2,-1.151850414E1,-2.154781520E-1
2.010604887E1,2.609679997E-1,-1.154244614E1,-3.256114423E-1
2.010806303E1,4.477157295E-1,-1.156638813E1,-4.525041282E-1
2.011001615E1,6.392518282E-1,-1.158554173E1,-5.626373887E-1
2.011199979E1,8.355764151E-1,-1.159511852E1,-6.464344859E-1
2.011398344E1,9.337386489E-1,-1.159751320E1,-6.799532771E-1
2.011596708E1,1.142034173E0,-1.160948372E1,-7.278373241E-1
2.011788969E1,1.352723956E0,-1.161906052E1,-7.445967197E-1
2.011990385E1,1.551442742E0,-1.162145519E1,-7.398083210E-1
2.012185697E1,1.731007814E0,-1.163342571E1,-7.134721279E-1
2.012384061E1,1.896207690E0,-1.164779091E1,-6.607996821E-1
2.012579374E1,2.049436569E0,-1.165257931E1,-5.889736414E-1
2.012780790E1,2.166752577E0,-1.166694450E1,-5.003881454E-1
2.012979154E1,2.252943754E0,-1.171004009E1,-3.615244627E-1
2.013177518E1,2.303221941E0,-1.176989555E1,-1.819593310E-1
2.013375883E1,2.327163935E0,-1.183932781E1,2.154781483E-2
2.013577299E1,2.322375536E0,-1.192791271E1,2.274491638E-1
2.013772611E1,2.276885748E0,-1.203804588E1,4.357447028E-1
2.013970975E1,2.200271368E0,-1.218409252E1,6.488286853E-1
2.014169340E1,2.097320795E0,-1.235647488E1,8.643068075E-1
2.014367704E1,1.970427990E0,-1.254322243E1,1.074996591E0
2.014563016E1,1.838746905E0,-1.274194145E1,1.304839969E0
2.014761381E1,1.702277422E0,-1.294066048E1,1.546654344E0
2.014959745E1,1.556231141E0,-1.312501335E1,1.774103403E0
2.015158109E1,1.388636947E0,-1.330697346E1,1.982398987E0
2.015353422E1,1.221042871E0,-1.346977901E1,2.178723574E0
2.015554838E1,1.063025594E0,-1.360864258E1,2.375048161E0
2.015750150E1,9.169792533E-1,-1.372116947E1,2.559401512E0
2.015948514E1,7.948749661E-1,-1.380736160E1,2.726995707E0
2.016143827E1,7.015010715E-1,-1.385524559E1,2.892195702E0
2.016345243E1,6.344634295E-1,-1.388158131E1,3.076549292E0
2.016540556E1,5.841852427E-1,-1.389594650E1,3.263296843E0
2.016738920E1,5.578489900E-1,-1.389355278E1,3.459621429E0
2.016934232E1,5.530605912E-1,-1.386961079E1,3.663128614E0
2.017135648E1,5.674257874E-1,-1.383609200E1,3.878606796E0
2.017330961E1,5.746083856E-1,-1.381454372E1,4.086902142E0
2.017529325E1,5.506663918E-1,-1.379539013E1,4.273650169E0
2.017727689E1,4.908113480E-1,-1.379539013E1,4.465186119E0
2.017926054E1,4.118026793E-1,-1.381693840E1,4.661510944E0
2.018118314E1,3.280056417E-1,-1.385524559E1,4.853046894E0
2.018319730E1,2.274491638E-1,-1.391749477E1,5.039794445E0
2.018515043E1,1.221042871E-1,-1.399410915E1,5.214571476E0
2.018713407E1,2.154781483E-2,-1.409705925E1,5.367800236E0
2.018905668E1,-7.900865376E-2,-1.421676922E1,5.504269600E0
2.019107084E1,-1.795651317E-1,-1.437478733E1,5.616796970E0
2.019302396E1,-2.729389966E-1,-1.455674648E1,5.707777023E0
2.019500761E1,-3.734954596E-1,-1.474588871E1,5.738901615E0
2.019699125E1,-5.051765442E-1,-1.491587639E1,5.695806026E0
2.019897489E1,-6.248866320E-1,-1.507628822E1,5.607220173E0
2.020092802E1,-7.158663273E-1,-1.521515179E1,5.501875401E0
2.020294218E1,-8.044517636E-1,-1.533246803E1,5.358223438E0
2.020489530E1,-8.930372596E-1,-1.542584133E1,5.169081688E0
2.020687894E1,-9.744400978E-1,-1.550245571E1,4.939238071E0
2.020883207E1,-1.060631394E0,-1.555512810E1,4.683058739E0
2.021084623E1,-1.161187768E0,-1.556231117E1,4.424484730E0
2.021282987E1,-1.266532660E0,-1.550963879E1,4.192247391E0
2.021481351E1,-1.379060149E0,-1.541147614E1,4.007893562E0
2.021679716E1,-1.501164436E0,-1.528697777E1,3.840299606E0
2.021878080E1,-1.613691926E0,-1.511459541E1,3.694253206E0
2.022073392E1,-1.716642618E0,-1.489911747E1,3.581725836E0
2.022274808E1,-1.826775908E0,-1.466209126E1,3.473986626E0
2.022470121E1,-1.951274395E0,-1.440830612E1,3.378218651E0
2.022671537E1,-2.075772762E0,-1.414494324E1,3.289633036E0
2.022866849E1,-2.200271368E0,-1.384806252E1,3.186682463E0
2.023068266E1,-2.308010340E0,-1.353921032E1,3.057395458E0
2.023263578E1,-2.384624958E0,-1.322556973E1,2.911349297E0
2.023461942E1,-2.439691544E0,-1.288798809E1,2.722207308E0
2.023660306E1,-2.449268341E0,-1.255758762E1,2.499546528E0
2.023855619E1,-2.403778553E0,-1.226310158E1,2.274491549E0
2.024053983E1,-2.322375536E0,-1.199734497E1,2.056619167E0
2.024252348E1,-2.236184359E0,-1.174355888E1,1.836352706E0
2.024447660E1,-2.161964178E0,-1.150892735E1,1.616086125E0
2.024646024E1,-2.104503393E0,-1.130302620E1,1.379060149E0
2.024844388E1,-2.075772762E0,-1.112824917E1,1.113303781E0
2.025045805E1,-2.090138197E0,-1.099178028E1,7.852981687E-1
2.025238065E1,-2.145204782E0,-1.090080070E1,3.734954596E-1
2.025439481E1,-2.231395960E0,-1.084573364E1,-6.703764945E-2
2.025634794E1,-2.312798738E0,-1.078827286E1,-4.908113480E-1
2.025833158E1,-2.375048161E0,-1.074038887E1,-8.786720037E-1
2.026028470E1,-2.418143749E0,-1.072602367E1,-1.218648672E0
2.026226835E1,-2.420537949E0,-1.075954247E1,-1.541865945E0
2.026425199E1,-2.370259762E0,-1.082179165E1,-1.860294700E0
2.026626615E1,-2.231395960E0,-1.091277122E1,-2.178723574E0
2.026821928E1,-2.047042370E0,-1.104445267E1,-2.480392933E0
2.027020292E1,-1.910573006E0,-1.121444035E1,-2.784456491E0
2.027215604E1,-1.879448295E0,-1.131020927E1,-2.935291290E0
2.027417020E1,-1.908178806E0,-1.149935055E1,-3.229778051E0
2.027612333E1,-2.025494576E0,-1.170764637E1,-3.493140221E0
2.027813749E1,-2.202665567E0,-1.193030739E1,-3.689464808E0
2.028009061E1,-2.360682964E0,-1.212663174E1,-3.823540211E0
2.028210477E1,-2.463633537E0,-1.228225517E1,-3.895366192E0
2.028405790E1,-2.513911724E0,-1.238281155E1,-3.900154591E0
2.028607206E1,-2.535459518E0,-1.241154194E1,-3.852270603E0
2.028802518E1,-2.528276920E0,-1.236605167E1,-3.825934410E0
2.029000883E1,-2.480392933E0,-1.225591850E1,-3.878606796E0
2.029199247E1,-2.351106167E0,-1.210747814E1,-4.003105164E0
2.029397611E1,-2.102109194E0,-1.193270111E1,-4.113238335E0
2.029589872E1,-1.757344007E0,-1.175553036E1,-4.170699596E0
2.029791288E1,-1.355118155E0,-1.160469532E1,-4.192247391E0
2.029986600E1,-9.433154464E-1,-1.148498535E1,-4.165910721E0
2.030184965E1,-5.841852427E-1,-1.138442898E1,-4.077325344E0
2.030383329E1,-3.256114423E-1,-1.126950741E1,-3.962403774E0
2.030584745E1,-2.059013397E-1,-1.113064384E1,-3.825934410E0
2.030780058E1,-1.316810995E-1,-1.096065521E1,-3.675099611E0
2.030978422E1,9.576806426E-2,-1.080503273E1,-3.507505417E0
2.031176786E1,3.734954596E-1,-1.069011021E1,-3.335123062E0
2.031375150E1,5.913678408E-1,-1.057518864E1,-3.167528868E0
2.031567411E1,6.823474765E-1,-1.044350815E1,-3.002328873E0
2.031768827E1,6.248866320E-1,-1.031182671E1,-2.822763920E0
2.031964140E1,5.267243981E-1,-1.021845245E1,-2.600103140E0
2.032162504E1,5.434837937E-1,-1.014902115E1,-2.351106167E0
2.032360868E1,7.541735172E-1,-1.008916569E1,-2.097320795E0
2.032562284E1,1.065419793E0,-1.003649330E1,-1.843535304E0
2.032757596E1,1.350329757E0,-9.983820915E0,-1.582567334E0
2.032955961E1,1.549048543E0,-9.933543205E0,-1.300051570E0
2.033154325E1,1.599326730E0,-9.892841339E0,-1.027112484E0
2.033352689E1,1.577778935E0,-9.859322548E0,-7.972691655E-1
2.033548002E1,1.697489023E0,-9.885659218E0,-5.626373887E-1
2.033749418E1,2.032677174E0,-1.003170490E1,-3.303998411E-1
2.033944730E1,2.114080191E0,-1.018253994E1,-6.464344263E-2
2.034143095E1,1.805228114E0,-1.021845245E1,2.609679997E-1
2.034341459E1,1.692700624E0,-1.028309631E1,4.955997467E-1
2.034539823E1,1.805228114E0,-1.042435455E1,6.464344859E-1
2.034732084E1,1.994369984E0,-1.057997704E1,7.302315235E-1
2.034933500E1,2.161964178E0,-1.074757099E1,7.565677166E-1
2.035131864E1,2.212242365E0,-1.092474270E1,8.188169599E-1
2.035330228E1,2.126051188E0,-1.112346077E1,9.624691010E-1
2.035528593E1,1.905784607E0,-1.132217979E1,1.094150186E0
2.035726957E1,1.556231141E0,-1.143949604E1,1.139639974E0
2.035922269E1,1.206677675E0,-1.148019695E1,1.089361787E0
2.036123685E1,9.648633003E-1,-1.151132202E1,9.552865028E-1
2.036318998E1,8.475474119E-1,-1.155681133E1,7.637503147E-1
2.036520414E1,8.379706144E-1,-1.161666679E1,5.506663918E-1
2.036715726E1,8.786720037E-1,-1.166455078E1,3.543418646E-1
2.036917142E1,9.241618514E-1,-1.168849277E1,3.016694188E-1
2.037112455E1,9.792284966E-1,-1.169328117E1,3.806780577E-1
2.037310819E1,1.022324085E0,-1.166694450E1,4.525041282E-1
2.037509183E1,1.048660398E0,-1.160469532E1,4.620809257E-1
2.037707548E1,1.084573388E0,-1.153286934E1,4.405331016E-1
2.037902860E1,1.134851575E0,-1.143231297E1,3.878606856E-1
2.038104276E1,1.082179189E0,-1.133415127E1,3.064578176E-1
2.038299589E1,8.954314590E-1,-1.128387260E1,2.130839527E-1
2.038501005E1,6.296750307E-1,-1.124556541E1,2.633621991E-1
2.038696317E1,3.519476354E-1,-1.116176796E1,4.979939461E-1
2.038897733E1,1.005564705E-1,-1.103487587E1,7.541735172E-1
2.039089994E1,-1.029506698E-1,-1.089122391E1,9.121908545E-1
2.039291410E1,-2.753331959E-1,-1.074996567E1,9.528923035E-1
2.039489774E1,-4.237737060E-1,-1.061589050E1,8.690952063E-1
2.039688138E1,-5.051765442E-1,-1.047463226E1,6.607996821E-1
2.039883451E1,-5.363011956E-1,-1.029506683E1,4.381389022E-1
2.040084867E1,-5.626373887E-1,-1.010831928E1,2.849099934E-1
2.040280180E1,-5.410895944E-1,-9.914389610E0,1.675941199E-1
2.040481596E1,-5.003881454E-1,-9.720458984E0,6.943184882E-2
2.040676908E1,-4.692635238E-1,-9.512163162E0,4.788403399E-3
2.040878324E1,-4.860229492E-1,-9.313444138E0,-5.267243832E-2
2.041070585E1,-3.854664862E-1,-9.133879662E0,-1.843535304E-1
2.041272001E1,-1.819593310E-1,-8.980650902E0,-2.801215947E-1
2.041470365E1,-3.830722719E-2,-8.870517731E0,-3.423708379E-1
2.041668729E1,-1.675941236E-2,-8.793902397E0,-4.237737060E-1
2.041864042E1,-6.703764945E-2,-8.710105896E0,-4.860229492E-1
2.042065458E1,-1.364694983E-1,-8.626308441E0,-5.339069963E-1
2.042260770E1,-2.130839527E-1,-8.540117264E0,-6.009446383E-1
2.042462186E1,-2.681505978E-1,-8.429984093E0,-6.584054828E-1
2.042657499E1,-3.232172430E-1,-8.331821442E0,-6.823474765E-1
2.042858915E1,-4.165911078E-1,-8.240841866E0,-6.416460276E-1
2.043051176E1,-5.147533417E-1,-8.123526573E0,-5.530605912E-1
2.043252592E1,-6.344634295E-1,-8.061277390E0,-5.219359994E-1
2.043450956E1,-8.092401624E-1,-8.066065788E0,-5.793967843E-1
2.043649320E1,-9.217676520E-1,-8.078036308E0,-6.871358752E-1
2.043844633E1,-8.571242094E-1,-8.087613106E0,-8.451532125E-1
2.044046049E1,-7.182605267E-1,-8.104372978E0,-1.003170490E0
2.044238309E1,-5.889736414E-1,-8.130708694E0,-1.132457376E0
2.044439725E1,-4.572925270E-1,-8.140285492E0,-1.218648672E0
2.044638090E1,-3.375824392E-1,-8.125920296E0,-1.247379065E0
2.044836454E1,-2.873041928E-1,-8.164227486E0,-1.235408068E0
2.045034818E1,-2.370259613E-1,-8.236053467E0,-1.201889277E0
2.045236234E1,-1.556231081E-1,-8.295908928E0,-1.127668977E0
2.045431547E1,-7.661445439E-2,-8.353369713E0,-1.058237195E0
2.045629911E1,1.197100803E-2,-8.389283180E0,-1.012747288E0
2.045828275E1,1.364694983E-1,-8.410830498E0,-9.983820915E-1
2.046026640E1,2.561795712E-1,-8.403648376E0,-9.816226959E-1
2.046221952E1,3.567360640E-1,-8.367734909E0,-9.313444495E-1
2.046420316E1,4.477157295E-1,-8.350975990E0,-8.475474119E-1
2.046618680E1,5.027823448E-1,-8.350975990E0,-7.876923680E-1
2.046817045E1,5.147533417E-1,-8.346187592E0,-7.374141216E-1
2.047015409E1,5.434837937E-1,-8.293514252E0,-6.440402865E-1
2.047216825E1,5.386953950E-1,-8.228871346E0,-5.554547906E-1
2.047412138E1,5.099649429E-1,-8.207323074E0,-5.147533417E-1
2.047607450E1,3.974374831E-1,-8.188169479E0,-4.357447028E-1
2.047805814E1,2.609679997E-1,-8.173804283E0,-3.280056417E-1
2.048004178E1,1.675941199E-1,-8.125920296E0,-1.819593310E-1
2.048199491E1,6.943184882E-2,-8.078036308E0,-1.675941236E-2
2.048397855E1,-3.351882473E-2,-8.008605003E0,1.484405100E-1
2.048596220E1,-1.795651317E-1,-7.936778545E0,3.184288144E-1
2.048794584E1,-3.040636182E-1,-7.857769966E0,4.764461517E-1
2.048989896E1,-3.878606856E-1,-7.766790390E0,5.841852427E-1
2.049191312E1,-4.548983276E-1,-7.682993412E0,5.746083856E-1
2.049386625E1,-5.602431893E-1,-7.558494568E0,4.716577232E-1
2.049581937E1,-7.469909191E-1,-7.467514992E0,4.046200812E-1
2.049780302E1,-9.457096457E-1,-7.414842606E0,3.806780577E-1
2.049978666E1,-1.058237195E0,-7.299921036E0,3.902548850E-1
2.050173978E1,-1.194706678E0,-7.168240070E0,3.878606856E-1
2.050372343E1,-1.362300754E0,-7.036558628E0,3.663128614E-1
2.050570707E1,-1.491587639E0,-6.864176273E0,3.208230138E-1
2.050769071E1,-1.580173135E0,-6.689399719E0,2.585737705E-1
2.050964384E1,-1.678335428E0,-6.536170483E0,2.178723514E-1
2.051165800E1,-1.786074519E0,-6.380547523E0,1.580173075E-1
2.051361112E1,-1.869871497E0,-6.212953568E0,6.224924326E-2
2.051556425E1,-1.936909199E0,-6.050147533E0,-4.548983276E-2
2.051754789E1,-2.039859772E0,-5.928043365E0,-1.221042871E-1
2.051953153E1,-2.118868589E0,-5.808333397E0,-1.675941199E-1
2.052148466E1,-2.166752577E0,-5.645527840E0,-2.178723514E-1
2.052346830E1,-2.245761156E0,-5.489904404E0,-2.825157940E-1
2.052545194E1,-2.370259762E0,-5.389348030E0,-3.375824392E-1
2.052743558E1,-2.504334927E0,-5.298368454E0,-3.830722570E-1
2.052938871E1,-2.626439333E0,-5.212177277E0,-4.261679053E-1
2.053140287E1,-2.774879694E0,-5.154716492E0,-4.405331016E-1
2.053335599E1,-2.949656487E0,-5.137956619E0,-4.165911078E-1
2.053533964E1,-3.071760893E0,-5.130774021E0,-4.022258818E-1
2.053732328E1,-3.138798475E0,-5.116408825E0,-4.261679053E-1
2.053930692E1,-3.174711466E0,-5.070919037E0,-4.668693244E-1
2.054126005E1,-3.244143248E0,-5.051765442E0,-4.932055473E-1
2.054327421E1,-3.311181068E0,-5.063736439E0,-4.955997467E-1
2.054522733E1,-3.325546265E0,-5.075707436E0,-5.099649429E-1
2.054721098E1,-3.375824451E0,-5.121197224E0,-5.410895944E-1
2.054916410E1,-3.426102638E0,-5.190629482E0,-5.650315881E-1
2.055117826E1,-3.421314240E0,-5.224148273E0,-5.961562395E-1
2.055313138E1,-3.380612850E0,-5.231330872E0,-6.248866320E-1
2.055514555E1,-3.339911461E0,-5.240907669E0,-6.464344859E-1
2.055706815E1,-3.308786631E0,-5.264849663E0,-6.464344859E-1
2.055908231E1,-3.277662039E0,-5.305551052E0,-6.224924326E-1
2.056103544E1,-3.229778051E0,-5.324704647E0,-6.177040339E-1
2.056301908E1,-3.179499865E0,-5.319916248E0,-6.200982332E-1
2.056497220E1,-3.148375273E0,-5.343858242E0,-6.153098345E-1
2.056698637E1,-3.129221678E0,-5.372588634E0,-5.841852427E-1
2.056893949E1,-3.071760893E0,-5.384559631E0,-5.650315881E-1
2.057092313E1,-3.019088268E0,-5.389348030E0,-5.482721925E-1
2.057290678E1,-3.011905670E0,-5.398924828E0,-5.075707436E-1
2.057489042E1,-3.009511471E0,-5.413290024E0,-4.716577232E-1
2.057684354E1,-2.999934673E0,-5.420472622E0,-4.501099288E-1
2.057885770E1,-2.983175278E0,-5.439626217E0,-4.285621047E-1
2.058081083E1,-2.952050686E0,-5.456385612E0,-3.998316824E-1
2.058279447E1,-2.925714493E0,-5.475539207E0,-3.567360640E-1
2.058474760E1,-2.918531895E0,-5.509057999E0,-3.232172430E-1
2.058676176E1,-2.940079689E0,-5.554547787E0,-2.873041928E-1
2.058868436E1,-2.928108692E0,-5.597643375E0,-2.537853718E-1
2.059069852E1,-2.875436306E0,-5.616796970E0,-2.442085743E-1
2.059268217E1,-2.817975283E0,-5.628767967E0,-2.226607651E-1
2.059466581E1,-2.743755102E0,-5.645527840E0,-1.939303428E-1
2.059661893E1,-2.667140722E0,-5.659893036E0,-1.891419291E-1
2.059863309E1,-2.643198729E0,-5.652710438E0,-2.106897533E-1
2.060058622E1,-2.659958124E0,-5.647922039E0,-2.226607651E-1
2.060260038E1,-2.695871115E0,-5.652710438E0,-2.178723514E-1
2.060455350E1,-2.719813108E0,-5.662287235E0,-2.011129409E-1
2.060656766E1,-2.734178305E0,-5.664681435E0,-1.675941199E-1
2.060849027E1,-2.746149302E0,-5.683835030E0,-1.268926859E-1
2.061050443E1,-2.712630510E0,-5.695806026E0,-1.101332754E-1
2.061245756E1,-2.614468336E0,-5.695806026E0,-1.412578970E-1
2.061441068E1,-2.516305923E0,-5.693411827E0,-2.130839527E-1
2.061639432E1,-2.485181332E0,-5.695806026E0,-2.442085743E-1
2.061837797E1,-2.461239338E0,-5.698200226E0,-2.729389966E-1
2.062033109E1,-2.466027737E0,-5.705382824E0,-2.609679997E-1
2.062231474E1,-2.470816135E0,-5.717353821E0,-2.178723514E-1
2.062429838E1,-2.458845139E0,-5.741295815E0,-1.484405100E-1
2.062628202E1,-2.430114746E0,-5.770026207E0,-8.379705995E-2
2.062823514E1,-2.370259762E0,-5.789179802E0,-2.633621916E-2
2.063024930E1,-2.293645144E0,-5.808333397E0,4.309562966E-2
2.063220243E1,-2.197877169E0,-5.827486992E0,1.292868853E-1
2.063418607E1,-2.082955360E0,-5.832275391E0,2.226607651E-1
2.063616972E1,-1.970427990E0,-5.851428986E0,3.040636182E-1
2.063815336E1,-1.874659896E0,-5.877765179E0,3.878606856E-1
2.064010648E1,-1.776497602E0,-5.908889771E0,4.979939461E-1
2.064209013E1,-1.663970232E0,-5.930437565E0,6.224924326E-1
2.064401273E1,-1.534683347E0,-5.949591160E0,7.398083210E-1
2.064602689E1,-1.381454349E0,-5.966350555E0,8.619126081E-1
2.064798002E1,-1.216254473E0,-5.978321552E0,9.840168953E-1
2.064996366E1,-1.048660398E0,-5.992686749E0,1.101332784E0
2.065194730E1,-8.786720037E-1,-6.019022942E0,1.211466074E0
2.065393095E1,-7.206547260E-1,-6.050147533E0,1.333570361E0
2.065585355E1,-5.674257874E-1,-6.098031521E0,1.482010841E0
2.065786771E1,-3.998316824E-1,-6.148310184E0,1.649604917E0
2.065982084E1,-2.106897533E-1,-6.196194172E0,1.848323703E0
2.066180448E1,-9.576806799E-3,-6.260837555E0,2.085349798E0
2.066375761E1,1.628057212E-1,-6.344634533E0,2.322375536E0
2.066577177E1,3.016694188E-1,-6.457161903E0,2.578555346E0
2.066772489E1,4.381389022E-1,-6.598419666E0,2.849100113E0
2.066970853E1,5.889736414E-1,-6.754043102E0,3.138798475E0
2.067169218E1,7.469909191E-1,-6.931213856E0,3.438073635E0
2.067367582E1,9.145850539E-1,-7.134721279E0,3.739742994E0
2.067562894E1,1.077390790E0,-7.347805023E0,4.024652958E0
2.067761259E1,1.199495077E0,-7.577648163E0,4.304774761E0
2.067959623E1,1.309628367E0,-7.833827972E0,4.604049683E0
2.068161039E1,1.424550056E0,-8.090007782E0,4.924872875E0
2.068356351E1,1.537077546E0,-8.350975990E0,5.264849663E0
2.068554716E1,1.632845521E0,-8.655038834E0,5.621585369E0
2.068750028E1,1.723825216E0,-8.997409821E0,5.980715752E0
2.068948392E1,1.860294700E0,-9.325415611E0,6.332663536E0
2.069146757E1,2.059013367E0,-9.636661530E0,6.679822922E0
2.069348173E1,2.248155355E0,-9.976638794E0,7.026981831E0
2.069543485E1,2.372653961E0,-1.039322948E1,7.374141216E0
2.069741849E1,2.451662540E0,-1.087446404E1,7.711723804E0
2.069940214E1,2.528276920E0,-1.138203526E1,8.039729118E0
2.070138578E1,2.636016130E0,-1.190636539E1,8.365341187E0
2.070333891E1,2.786850691E0,-1.244745445E1,8.695740700E0
2.070532255E1,2.978386879E0,-1.300530338E1,9.028534889E0
2.070727567E1,3.177105665E0,-1.359188271E1,9.351752281E0
2.070928983E1,3.378218651E0,-1.419282722E1,9.667786598E0
2.071124296E1,3.598485231E0,-1.477701283E1,9.967061996E0
2.071325712E1,3.828328609E0,-1.536119843E1,1.024957752E1
2.071521024E1,4.048594952E0,-1.595256615E1,1.051772785E1
2.071719388E1,4.218583584E0,-1.653435707E1,1.078587818E1
2.071917753E1,4.367023945E0,-1.709220505E1,1.110909557E1
2.072119169E1,4.537012100E0,-1.759977722E1,1.149695683E1
2.072314481E1,4.697423935E0,-1.808819389E1,1.198776817E1
2.072512846E1,4.821922302E0,-1.853830338E1,1.248097324E1
2.072708158E1,4.948814869E0,-1.887109756E1,1.290714169E1
2.072909574E1,5.123591423E0,-1.908897018E1,1.330936718E1
2.073104887E1,5.298368454E0,-1.920868111E1,1.370201588E1
2.073306303E1,5.456385612E0,-1.923262215E1,1.407551193E1
2.073501615E1,5.645527840E0,-1.913206673E1,1.441069984E1
2.073699979E1,5.820304394E0,-1.889504051E1,1.468363857E1
2.073895292E1,5.954379559E0,-1.855985069E1,1.490869427E1
2.074096708E1,6.045359135E0,-1.813368416E1,1.504276943E1
2.074292020E1,5.980715752E0,-1.765484428E1,1.502122116E1
2.074490385E1,5.714959621E0,-1.717600250E1,1.484165668E1
2.074688749E1,5.331887245E0,-1.669476891E1,1.452562141E1
2.074887113E1,4.888959885E0,-1.618480301E1,1.407072353E1
2.075082426E1,4.417302132E0,-1.564610767E1,1.349372101E1
2.075280790E1,3.969586372E0,-1.506910515E1,1.283052731E1
2.075479154E1,3.562572241E0,-1.447055531E1,1.209311295E1
2.075677518E1,3.145981073E0,-1.387439919E1,1.128387260E1
2.075872831E1,2.693476915E0,-1.328063679E1,1.043153667E1
2.076071195E1,2.188300371E0,-1.269884586E1,9.579200745E0
2.076269559E1,1.630451322E0,-1.216015053E1,8.765172005E0
2.076467924E1,1.039083481E0,-1.167412758E1,8.032546997E0
2.076663236E1,3.926490843E-1,-1.123359394E1,7.402871609E0
2.076864652E1,-3.423708379E-1,-1.085052204E1,6.794744492E0
2.077059965E1,-6.919242740E-1,-1.067335129E1,6.380547523E0
2.077258329E1,-1.273715258E0,-1.032140350E1,5.418078423E0
2.077456693E1,-1.735796213E0,-9.995792389E0,4.484339714E0
2.077655058E1,-2.154781580E0,-9.710882187E0,3.706224203E0
2.077850370E1,-2.604891539E0,-9.481039047E0,3.047818661E0
2.078048734E1,-3.062183857E0,-9.299078941E0,2.511517525E0
2.078247098E1,-3.457227230E0,-9.129091263E0,2.114080191E0
2.078445463E1,-3.773261786E0,-8.951920509E0,1.826775908E0
2.078640775E1,-4.036623955E0,-8.748413086E0,1.589749932E0
2.078842191E1,-4.244919777E0,-8.540117264E0,1.383848548E0
2.079037504E1,-4.443638325E0,-8.336610794E0,1.197100878E0
2.079232816E1,-4.606443882E0,-8.125920296E0,9.864110947E-1
2.079431180E1,-4.707000732E0,-7.896077156E0,7.015010715E-1
2.079629545E1,-4.841075897E0,-7.673416615E0,3.399766386E-1
2.079821806E1,-4.965574265E0,-7.462726593E0,-6.943184882E-2
2.080023222E1,-5.027823448E0,-7.242460251E0,-4.979939461E-1
2.080221586E1,-5.035006046E0,-7.055712223E0,-9.504981041E-1
2.080419950E1,-5.018246651E0,-6.945579052E0,-1.400607944E0
2.080618314E1,-5.032611847E0,-6.938396454E0,-1.802833915E0
2.080819730E1,-5.102043629E0,-7.067683220E0,-2.178723574E0
2.081015043E1,-5.178658485E0,-7.328651428E0,-2.540247917E0
2.081213407E1,-5.233725071E0,-7.692570210E0,-2.892195702E0
2.081411771E1,-5.274426460E0,-8.121131897E0,-3.280056238E0
2.081610136E1,-5.243301868E0,-8.583212852E0,-3.732560396E0
2.081802396E1,-5.130774021E0,-9.033323288E0,-4.278438568E0
2.082003812E1,-4.967968464E0,-9.471462250E0,-4.896142483E0
2.082199125E1,-4.783615112E0,-9.880870819E0,-5.499481201E0
2.082397489E1,-4.616020679E0,-1.027591324E1,-6.011840343E0
2.082595853E1,-4.541800499E0,-1.068292809E1,-6.449979305E0
2.082794218E1,-4.534617901E0,-1.110670185E1,-6.849811077E0
2.082986478E1,-4.525041103E0,-1.153286934E1,-7.132327080E0
2.083187894E1,-4.486733913E0,-1.193509579E1,-7.237671852E0
2.083383207E1,-4.412513733E0,-1.232056236E1,-7.247248650E0
2.083584623E1,-4.345476151E0,-1.270602798E1,-7.194576263E0
2.083776884E1,-4.268861771E0,-1.301966858E1,-7.101202011E0
2.083978300E1,-4.144362926E0,-1.325430107E1,-6.943184853E0
2.084173612E1,-4.029441357E0,-1.344344234E1,-6.742072105E0
2.084371976E1,-3.921702385E0,-1.362300777E1,-6.471527100E0
2.084570341E1,-3.778050184E0,-1.373314095E1,-6.186617374E0
2.084768705E1,-3.624821424E0,-1.381454372E1,-5.846640587E0
2.084960966E1,-3.552995205E0,-1.393664837E1,-5.398924828E0
2.085162382E1,-3.572149038E0,-1.405156994E1,-4.929661274E0
2.085357694E1,-3.629609823E0,-1.413057804E1,-4.472368717E0
2.085559110E1,-3.701435804E0,-1.419761562E1,-3.967192173E0
2.085754423E1,-3.756502390E0,-1.420719242E1,-3.390189648E0
2.085955839E1,-3.797203779E0,-1.415930843E1,-2.743755102E0
2.086151151E1,-3.821146011E0,-1.407551193E1,-1.987187386E0
2.086352567E1,-3.821146011E0,-1.397734928E1,-1.197100878E0
2.086547880E1,-3.790021181E0,-1.387200451E1,-3.375824392E-1
2.086746244E1,-3.694253206E0,-1.375229454E1,5.889736414E-1
2.086944608E1,-3.493140221E0,-1.360145950E1,1.520318031E0
2.087142973E1,-3.145981073E0,-1.335006905E1,2.331952572E0
2.087338285E1,-2.633621931E0,-1.302685165E1,2.964021683E0
2.087539701E1,-2.013523579E0,-1.266293240E1,3.354276657E0
2.087735014E1,-1.381454349E0,-1.228704357E1,3.509899616E0
2.087933378E1,-7.685387731E-1,-1.187763500E1,3.435679436E0
2.088128690E1,-2.059013397E-1,-1.141555405E1,3.098097086E0
2.088330106E1,2.729389966E-1,-1.094389629E1,2.535459518E0
2.088522367E1,6.488286853E-1,-1.046505547E1,1.805228114E0
2.088723783E1,9.074024558E-1,-1.001015759E1,9.648633003E-1
2.088922147E1,1.005564690E0,-9.634267807E0,1.340752989E-1
2.089120512E1,9.050082564E-1,-9.342175484E0,-6.296750307E-1
2.089315824E1,6.655880809E-1,-9.105149269E0,-1.292868972E0
2.089517240E1,4.046200812E-1,-8.882488251E0,-1.874659896E0
2.089712553E1,1.939303428E-1,-8.671798706E0,-2.379836559E0
2.089910917E1,8.379705995E-2,-8.477868080E0,-2.798821688E0
2.090106229E1,1.340752989E-1,-8.281543732E0,-3.081337690E0
2.090307645E1,2.633621991E-1,-8.075642586E0,-3.177105665E0
2.090499906E1,4.141969085E-1,-7.886500359E0,-3.134010077E0
2.090701322E1,5.698199868E-1,-7.726089001E0,-3.071760893E0
2.090899686E1,7.134721279E-1,-7.594407558E0,-3.055001259E0
2.091098051E1,8.164227605E-1,-7.496245384E0,-3.055001259E0
2.091293363E1,9.121908545E-1,-7.433996201E0,-3.004723072E0
2.091494779E1,1.039083481E0,-7.395689011E0,-2.935291290E0
2.091690092E1,1.177947283E0,-7.352593422E0,-2.925714493E0
2.091891508E1,1.314416766E0,-7.307103634E0,-2.978386879E0
2.092086820E1,1.465251446E0,-7.273584843E0,-3.047818661E0
2.092288236E1,1.647210717E0,-7.240066051E0,-3.124433279E0
2.092486600E1,1.853112102E0,-7.204153061E0,-3.186682463E0
2.092684965E1,2.018311977E0,-7.192182064E0,-3.244143248E0
2.092883329E1,2.104503393E0,-7.225700855E0,-3.378218651E0
2.093081693E1,2.154781580E0,-7.278373241E0,-3.581725836E0
2.093277006E1,2.255337954E0,-7.309497833E0,-3.794809580E0
2.093478422E1,2.430114746E0,-7.335834026E0,-4.022258759E0
2.093670682E1,2.516305923E0,-7.362170219E0,-4.129997730E0
2.093872098E1,2.621650934E0,-7.467514992E0,-4.292803764E0
2.094070463E1,2.667140722E0,-7.625532627E0,-4.338293552E0
2.094268827E1,2.652775526E0,-7.800309181E0,-4.352658749E0
2.094467191E1,2.545036316E0,-7.975085735E0,-4.422090530E0
2.094668607E1,2.420537949E0,-8.212111473E0,-4.489128113E0
2.094863920E1,2.336740971E0,-8.477868080E0,-4.553771496E0
2.095062284E1,2.240972757E0,-8.738836288E0,-4.620809078E0
2.095260648E1,2.104503393E0,-8.995016098E0,-4.630385876E0
2.095459013E1,1.951274395E0,-9.241618156E0,-4.616020679E0
2.095651273E1,1.824381709E0,-9.500192642E0,-4.604049683E0
2.095852689E1,1.764526606E0,-9.770736694E0,-4.582501888E0
2.096048002E1,1.757344007E0,-1.002452278E1,-4.508281708E0
2.096246366E1,1.769315004E0,-1.027591324E1,-4.386177540E0
2.096444730E1,1.740584612E0,-1.052491093E1,-4.209006786E0
2.096643095E1,1.692700624E0,-1.074757099E1,-3.979163170E0
2.096838407E1,1.709460020E0,-1.092474270E1,-3.720589399E0
2.097036771E1,1.850717902E0,-1.104445267E1,-3.454833031E0
2.097235136E1,2.056619167E0,-1.112346077E1,-3.174711466E0
2.097433500E1,2.245761156E0,-1.117613316E1,-2.837129116E0
2.097631864E1,2.418143749E0,-1.120965195E1,-2.437297344E0
2.097830228E1,2.580949545E0,-1.123359394E1,-2.011129379E0
2.098028593E1,2.724601507E0,-1.124317074E1,-1.594538331E0
2.098230009E1,2.839523315E0,-1.123120022E1,-1.170764685E0
2.098425321E1,2.904166698E0,-1.118810463E1,-6.991068721E-1
2.098626737E1,2.937685490E0,-1.112585545E1,-2.130839527E-1
2.098822050E1,2.952050686E0,-1.104924107E1,2.681505978E-1
2.099020414E1,2.966415882E0,-1.097741508E1,7.302315235E-1
2.099218778E1,3.002328873E0,-1.093910789E1,1.154005170E0
2.099417142E1,3.090914488E0,-1.093431950E1,1.508347034E0
2.099615507E1,3.208230257E0,-1.096065521E1,1.798045516E0
2.099813871E1,3.375824451E0,-1.096544361E1,2.011129379E0
2.100012235E1,3.548206806E0,-1.094868469E1,2.157175779E0
2.100210599E1,3.658340216E0,-1.091037750E1,2.238578558E0
2.100408964E1,3.641580820E0,-1.084094524E1,2.274491549E0
2.100610380E1,3.464409828E0,-1.077151299E1,2.312798738E0
2.100805692E1,3.189076662E0,-1.071644688E1,2.382230759E0
2.101004056E1,2.906560898E0,-1.065180302E1,2.466027737E0
2.101202421E1,2.671929121E0,-1.058237171E1,2.552218914E0
2.101400785E1,2.422932148E0,-1.052251625E1,2.631227732E0
2.101596098E1,2.169146776E0,-1.045787334E1,2.717418909E0
2.101794462E1,1.965639591E0,-1.038365269E1,2.774879694E0
2.101992826E1,1.793257117E0,-1.032858658E1,2.801215887E0
2.102194242E1,1.630451322E0,-1.029506683E1,2.820369720E0
2.102389555E1,1.489193439E0,-1.026633644E1,2.834734917E0
2.102590970E1,1.290474772E0,-1.024957752E1,2.863465309E0
2.102786283E1,1.012747288E0,-1.025675964E1,2.935291290E0
2.102981596E1,7.015010715E-1,-1.028549004E1,3.057395458E0
2.103179960E1,4.094084799E-1,-1.030943298E1,3.210624456E0
2.103378324E1,1.125274822E-1,-1.030464458E1,3.361459255E0
2.103573637E1,-2.082955539E-1,-1.025915432E1,3.485957623E0
2.103772001E1,-5.291185975E-1,-1.021605873E1,3.584120035E0
2.103970365E1,-8.259995580E-1,-1.020169353E1,3.663128614E0
2.104168729E1,-1.067813993E0,-1.018493366E1,3.663128614E0
2.104364042E1,-1.278503656E0,-1.013226128E1,3.538630009E0
2.104565458E1,-1.532289028E0,-1.009156036E1,3.289633036E0
2.104760770E1,-1.812410712E0,-1.009156036E1,2.966415882E0
2.104959135E1,-2.130839586E0,-1.007719517E1,2.619256735E0
2.105151395E1,-2.509123325E0,-9.998186111E0,2.291250944E0
2.105352811E1,-2.851494312E0,-9.895236015E0,1.982398987E0
2.105551176E1,-3.074155092E0,-9.801861763E0,1.735796213E0
2.105749540E1,-3.256114244E0,-9.710882187E0,1.580173135E0
2.105941801E1,-3.450044632E0,-9.643844604E0,1.412579060E0
2.106143217E1,-3.636792421E0,-9.617507935E0,1.192312479E0
2.106338529E1,-3.787626982E0,-9.588777542E0,9.768342972E-1
2.106536893E1,-3.904942989E0,-9.543288231E0,8.044517636E-1
2.106735258E1,-3.981557369E0,-9.485827446E0,6.607996821E-1
2.106933622E1,-3.988739967E0,-9.397241592E0,5.075707436E-1
2.107128934E1,-3.940855980E0,-9.294290543E0,3.351882398E-1
2.107327299E1,-3.907337189E0,-9.153033257E0,1.268926859E-1
2.107525663E1,-3.842693806E0,-9.021351814E0,-1.747767180E-1
2.107724027E1,-3.766079187E0,-8.951920509E0,-4.405331016E-1
2.107916288E1,-3.732560396E0,-8.916007042E0,-5.817909837E-1
2.108117704E1,-3.727771997E0,-8.889671326E0,-6.105214357E-1
2.108313016E1,-3.677493811E0,-8.868123055E0,-5.937620401E-1
2.108511381E1,-3.533841610E0,-8.851364136E0,-5.865794420E-1
2.108709745E1,-3.347094059E0,-8.853757858E0,-6.081272364E-1
2.108908109E1,-3.179499865E0,-8.865729332E0,-6.392518282E-1
2.109100370E1,-3.047818661E0,-8.892065048E0,-6.440402865E-1
2.109301786E1,-2.918531895E0,-8.913613319E0,-6.392518282E-1
2.109497098E1,-2.743755102E0,-8.927978516E0,-5.841852427E-1
2.109695463E1,-2.509123325E0,-8.944737434E0,-5.027823448E-1
2.109890775E1,-2.248155355E0,-8.968679428E0,-4.525041282E-1
2.110092191E1,-2.013523579E0,-8.980650902E0,-4.836287498E-1
2.110287504E1,-1.915361404E0,-8.985439301E0,-5.267243981E-1
2.110485868E1,-1.738190413E0,-8.997409821E0,-6.344634295E-1
2.110684232E1,-1.522712231E0,-9.011775017E0,-7.158663273E-1
2.110882596E1,-1.297657371E0,-9.009381294E0,-7.326257229E-1
2.111074857E1,-1.089361787E0,-9.018958092E0,-7.254431248E-1
2.111276273E1,-8.954314590E-1,-9.050082207E0,-7.302315235E-1
2.111471586E1,-6.823474765E-1,-9.085995674E0,-7.589619160E-1
2.111669950E1,-4.501099288E-1,-9.121908188E0,-8.188169599E-1
2.111865263E1,-2.202665508E-1,-9.157821655E0,-8.882488012E-1
2.112066678E1,0.000000000E0,-9.179368973E0,-9.504981041E-1
2.112258939E1,2.202665508E-1,-9.193734169E0,-9.935936928E-1
2.112460355E1,4.429273009E-1,-9.191340446E0,-1.046266198E0
2.112658720E1,6.464344859E-1,-9.191340446E0,-1.096544385E0
2.112857084E1,8.379706144E-1,-9.198522568E0,-1.108515382E0
2.113052396E1,1.022324085E0,-9.217676163E0,-1.106121182E0
2.113253812E1,1.189918280E0,-9.229647636E0,-1.118092179E0
2.113449125E1,1.333570361E0,-9.229647636E0,-1.137245774E0
2.113650541E1,1.467645645E0,-9.224859238E0,-1.187524080E0
2.113845853E1,1.592144132E0,-9.227252960E0,-1.252167463E0
2.114044218E1,1.709460020E0,-9.241618156E0,-1.297657371E0
2.114242582E1,1.826775908E0,-9.236829758E0,-1.302445769E0
2.114440946E1,1.932120800E0,-9.215282440E0,-1.309628367E0
2.114633207E1,2.030282974E0,-9.188945770E0,-1.347935557E0
2.114834623E1,2.106897593E0,-9.148244858E0,-1.381454349E0
2.115029935E1,2.164358377E0,-9.088389397E0,-1.383848548E0
2.115228300E1,2.214636564E0,-9.009381294E0,-1.371877551E0
2.115426664E1,2.262520552E0,-8.927978516E0,-1.335964561E0
2.115628080E1,2.305616140E0,-8.882488251E0,-1.271321058E0
2.115823392E1,2.327163935E0,-8.868123055E0,-1.218648672E0
2.116021757E1,2.322375536E0,-8.856152534E0,-1.173158884E0
2.116220121E1,2.319981337E0,-8.829815865E0,-1.132457376E0
2.116418485E1,2.334346771E0,-8.813055992E0,-1.110909581E0
2.116613798E1,2.327163935E0,-8.813055992E0,-1.082179189E0
2.116815214E1,2.281674147E0,-8.829815865E0,-1.041477680E0
2.117013578E1,2.231395960E0,-8.839392662E0,-9.935936928E-1
2.117211942E1,2.188300371E0,-8.834604263E0,-9.624691010E-1
2.117404203E1,2.130839586E0,-8.820239067E0,-9.361328483E-1
2.117605619E1,2.068590164E0,-8.808267593E0,-8.930372596E-1
2.117800932E1,1.994369984E0,-8.808267593E0,-8.403648138E-1
2.117999296E1,1.927332401E0,-8.815450668E0,-8.044517636E-1
2.118197660E1,1.872265697E0,-8.815450668E0,-7.948749661E-1
2.118396024E1,1.821987510E0,-8.808267593E0,-8.140285611E-1
2.118591337E1,1.764526606E0,-8.793902397E0,-8.331822157E-1
2.118792753E1,1.692700624E0,-8.777143478E0,-8.475474119E-1
2.118988065E1,1.625662923E0,-8.769960403E0,-8.523358107E-1
2.119186430E1,1.570596337E0,-8.769960403E0,-8.786720037E-1
2.119381742E1,1.515529633E0,-8.767566681E0,-9.097966552E-1
2.119583158E1,1.448492050E0,-8.777143478E0,-9.289502501E-1
2.119778470E1,1.371877551E0,-8.803479195E0,-9.481038451E-1
2.119976835E1,1.266532660E0,-8.829815865E0,-9.792284966E-1
2.120175199E1,1.137245774E0,-8.863334656E0,-1.019929886E0
2.120373563E1,1.017535686E0,-8.908824921E0,-1.070208192E0
2.120565824E1,9.121908545E-1,-8.942343712E0,-1.132457376E0
2.120767240E1,8.212111592E-1,-8.949525833E0,-1.185129881E0
2.120962553E1,7.278373241E-1,-8.959102631E0,-1.218648672E0
2.121160917E1,6.272808313E-1,-8.975862503E0,-1.247379065E0
2.121359281E1,5.410895944E-1,-8.990227699E0,-1.276109457E0
2.121560697E1,4.668693244E-1,-8.995016098E0,-1.297657371E0
2.121756010E1,3.950432837E-1,-9.006986618E0,-1.314416766E0
2.121957426E1,3.232172430E-1,-9.035717010E0,-1.331176162E0
2.122152738E1,2.561795712E-1,-9.062053680E0,-1.347935557E0
2.122351102E1,2.082955539E-1,-9.090784073E0,-1.359906554E0
2.122546415E1,1.795651317E-1,-9.112331390E0,-1.359906554E0
2.122747831E1,1.580173075E-1,-9.129091263E0,-1.343147159E0
2.122943143E1,1.388636976E-1,-9.145850182E0,-1.321599364E0
2.123141508E1,1.221042871E-1,-9.160215378E0,-1.297657371E0
2.123339872E1,1.173158810E-1,-9.167398453E0,-1.273715258E0
2.123541288E1,1.149216816E-1,-9.176975250E0,-1.244984865E0
2.123736600E1,1.149216816E-1,-9.174580574E0,-1.209071875E0
2.123938016E1,1.173158810E-1,-9.179368973E0,-1.173158884E0
2.124133329E1,1.316810995E-1,-9.198522568E0,-1.127668977E0
2.124331693E1,1.508347094E-1,-9.215282440E0,-1.079784989E0
2.124530058E1,1.675941199E-1,-9.227252960E0,-1.027112484E0
2.124728422E1,1.819593310E-1,-9.239224434E0,-9.768342972E-1
2.124920682E1,1.987187415E-1,-9.255983353E0,-9.361328483E-1
2.125122098E1,2.082955539E-1,-9.267954826E0,-9.002198577E-1
2.125317411E1,1.915361285E-1,-9.267954826E0,-8.619126081E-1
2.125515775E1,1.604115069E-1,-9.279925346E0,-8.140285611E-1
2.125711088E1,1.316810995E-1,-9.313444138E0,-7.637503147E-1
2.125912504E1,9.337386489E-2,-9.339780807E0,-7.110779285E-1
2.126104764E1,7.422025502E-2,-9.351752281E0,-6.895300746E-1
2.126306181E1,2.154781483E-2,-9.366117477E0,-6.584054828E-1
2.126504545E1,-4.548983276E-2,-9.380482674E0,-6.416460276E-1
2.126702909E1,-1.221042871E-1,-9.411606789E0,-6.177040339E-1
2.126898222E1,-2.106897533E-1,-9.457097054E0,-5.841852427E-1
2.127096586E1,-2.992752194E-1,-9.514557838E0,-5.482721925E-1
2.127294950E1,-3.854664862E-1,-9.572018623E0,-5.195417404E-1
2.127493314E1,-4.668693244E-1,-9.627084732E0,-5.027823448E-1
2.127685575E1,-5.363011956E-1,-9.672574997E0,-4.908113480E-1
2.127886991E1,-6.081272364E-1,-9.713275909E0,-4.836287498E-1
2.128082304E1,-6.655880809E-1,-9.746794701E0,-4.788403511E-1
2.128280668E1,-7.038952708E-1,-9.780313492E0,-4.692635238E-1
2.128479032E1,-7.182605267E-1,-9.804255486E0,-4.668693244E-1
2.128680448E1,-7.158663273E-1,-9.809044838E0,-4.812345505E-1
2.128875761E1,-7.230489254E-1,-9.809044838E0,-5.003881454E-1
2.129074125E1,-7.565677166E-1,-9.811438560E0,-5.099649429E-1
2.129272489E1,-7.805097699E-1,-9.818621635E0,-5.123591423E-1
2.129473905E1,-7.876923680E-1,-9.840168953E0,-5.171475410E-1
2.129669218E1,-7.948749661E-1,-9.864110947E0,-5.123591423E-1
2.129867582E1,-8.020575643E-1,-9.888052940E0,-5.003881454E-1
2.130065946E1,-7.996633649E-1,-9.914389610E0,-5.051765442E-1
2.130264310E1,-7.709329724E-1,-9.935936928E0,-5.147533417E-1
2.130459623E1,-7.230489254E-1,-9.940725327E0,-5.315127969E-1
2.130661039E1,-6.631938815E-1,-9.940725327E0,-5.458779931E-1
2.130856351E1,-6.057330370E-1,-9.943120003E0,-5.482721925E-1
2.131054716E1,-5.506663918E-1,-9.955090523E0,-5.793967843E-1
2.131253080E1,-4.955997467E-1,-9.981427193E0,-6.224924326E-1
2.131454496E1,-4.405331016E-1,-1.002691650E1,-6.727706790E-1
2.131649808E1,-3.926490843E-1,-1.008916569E1,-7.230489254E-1
2.131848173E1,-3.423708379E-1,-1.015380955E1,-7.685387731E-1
2.132046537E1,-2.896983922E-1,-1.021366405E1,-8.188169599E-1
2.132244901E1,-2.274491638E-1,-1.026873112E1,-8.762778044E-1
2.132440214E1,-1.723825186E-1,-1.032379818E1,-9.337386489E-1
2.132641630E1,-1.268926859E-1,-1.037647057E1,-9.888052940E-1
2.132836942E1,-8.858546615E-2,-1.042914295E1,-1.039083481E0
2.133035306E1,-5.267243832E-2,-1.046505547E1,-1.086967587E0
2.133233671E1,-2.873042040E-2,-1.049378586E1,-1.122880578E0
2.133435087E1,-1.197100803E-2,-1.052012253E1,-1.139639974E0
2.133630399E1,-2.394201700E-3,-1.053209305E1,-1.156399369E0
2.133831815E1,7.182605099E-3,-1.053927612E1,-1.161187768E0
2.134027128E1,2.394201700E-3,-1.053688145E1,-1.146822572E0
2.134225492E1,-1.436521020E-2,-1.052251625E1,-1.122880578E0
2.134423856E1,-4.788403213E-2,-1.049618053E1,-1.086967587E0
2.134622220E1,-1.029506698E-1,-1.045069027E1,-1.019929886E0
2.134814481E1,-1.867477298E-1,-1.039562416E1,-9.289502501E-1
2.135015897E1,-2.920926213E-1,-1.034774017E1,-8.116343617E-1
2.135211210E1,-4.070142806E-1,-1.032858658E1,-6.536170840E-1
2.135409574E1,-5.506663918E-1,-1.032140350E1,-4.525041282E-1
2.135601835E1,-6.943184733E-1,-1.031422138E1,-2.346317619E-1
2.135803251E1,-8.236053586E-1,-1.031900978E1,-1.436521020E-2
2.135998563E1,-9.433154464E-1,-1.033098030E1,2.130839527E-1
2.136196928E1,-1.031900883E0,-1.035492229E1,4.405331016E-1
2.136395292E1,-1.084573388E0,-1.037886429E1,6.488286853E-1
2.136593656E1,-1.098938584E0,-1.040041256E1,8.236053586E-1
2.136785917E1,-1.067813993E0,-1.042195988E1,9.433154464E-1
2.136987333E1,-9.935936928E-1,-1.044350815E1,9.888052940E-1
2.137182645E1,-8.762778044E-1,-1.046745014E1,9.696516991E-1
2.137384061E1,-7.134721279E-1,-1.047702694E1,8.834604025E-1
2.137579374E1,-5.171475410E-1,-1.047463226E1,7.206547260E-1
2.137780790E1,-2.849099934E-1,-1.048660374E1,4.979939461E-1
2.137976102E1,-3.351882473E-2,-1.051772785E1,2.370259613E-1
2.138174467E1,2.154781520E-1,-1.055842972E1,-5.267243832E-2
2.138372831E1,4.644751251E-1,-1.060391903E1,-3.567360640E-1
2.138571195E1,7.158663273E-1,-1.064940929E1,-6.679822803E-1
2.138766508E1,9.504981041E-1,-1.069968700E1,-9.720458984E-1
2.138967924E1,1.165976286E0,-1.076433086E1,-1.242590666E0
2.139163236E1,1.359906554E0,-1.083376312E1,-1.482010841E0
2.139361600E1,1.537077546E0,-1.090798283E1,-1.683123827E0
2.139556913E1,1.704671621E0,-1.099178028E1,-1.819593310E0
2.139758329E1,1.853112102E0,-1.107078838E1,-1.908178806E0
2.139950590E1,1.982398987E0,-1.114979744E1,-1.956062794E0
2.140152006E1,2.092532396E0,-1.123838234E1,-1.968033791E0
2.140350370E1,2.185906172E0,-1.131978607E1,-1.941697598E0
2.140548734E1,2.262520552E0,-1.139879417E1,-1.872265697E0
2.140740995E1,2.327163935E0,-1.147540855E1,-1.766920805E0
2.140942411E1,2.375048161E0,-1.154723454E1,-1.625662923E0
2.141137724E1,2.391807556E0,-1.161427212E1,-1.441309452E0
2.141336088E1,2.379836559E0,-1.169088650E1,-1.216254473E0
2.141531400E1,2.324769735E0,-1.177468395E1,-9.457096457E-1
2.141732816E1,2.226607561E0,-1.188481712E1,-6.440402865E-1
2.141928129E1,2.164358377E0,-1.194467258E1,-4.932055473E-1
2.142126493E1,1.939303398E0,-1.215057373E1,-3.830722719E-2
2.142324857E1,1.757344007E0,-1.230619717E1,2.705447972E-1
2.142520170E1,1.659181833E0,-1.238999367E1,4.189853072E-1
2.142718534E1,1.455674648E0,-1.256477070E1,7.110779285E-1
2.142916898E1,1.244984865E0,-1.274433517E1,9.816226959E-1
2.143109159E1,1.039083481E0,-1.291671848E1,1.218648672E0
2.143310575E1,8.427590132E-1,-1.308191776E1,1.424550056E0
2.143505888E1,6.679822803E-1,-1.323514652E1,1.606509328E0
2.143704252E1,5.195417404E-1,-1.336922264E1,1.754949808E0
2.143902616E1,3.902548850E-1,-1.346977901E1,1.874659896E0
2.144100980E1,2.873041928E-1,-1.355357552E1,1.975216389E0
2.144296293E1,2.130839527E-1,-1.361582470E1,2.073378563E0
2.144497709E1,1.604115069E-1,-1.364934349E1,2.166752577E0
2.144693021E1,1.029506698E-1,-1.365173817E1,2.267308950E0
2.144891386E1,3.351882473E-2,-1.363258457E1,2.391807556E0
2.145089750E1,-4.070143029E-2,-1.359906578E1,2.545036316E0
2.145291166E1,-1.029506698E-1,-1.354639339E1,2.746149302E0
2.145486478E1,-1.532289088E-1,-1.348653793E1,2.978386879E0
2.145684843E1,-1.819593310E-1,-1.341471195E1,3.239354849E0
2.145883207E1,-1.915361285E-1,-1.335246277E1,3.512293816E0
2.146081571E1,-1.963245422E-1,-1.330218506E1,3.782838583E0
2.146276884E1,-1.939303428E-1,-1.327105999E1,4.039018154E0
2.146478300E1,-1.891419291E-1,-1.326387787E1,4.271255970E0
2.146676664E1,-1.819593310E-1,-1.328063679E1,4.469974518E0
2.146875028E1,-1.819593310E-1,-1.333570385E1,4.632780075E0
2.147067289E1,-1.987187415E-1,-1.342668343E1,4.762067318E0
2.147268705E1,-2.466027737E-1,-1.354639339E1,4.862623692E0
2.147464017E1,-3.112462163E-1,-1.368046856E1,4.929661274E0
2.147662382E1,-3.806780577E-1,-1.381933212E1,4.989516258E0
2.147860746E1,-4.453215301E-1,-1.397016716E1,5.042188644E0
2.148059110E1,-4.955997467E-1,-1.412100124E1,5.097255230E0
2.148251371E1,-5.386953950E-1,-1.425986576E1,5.152322292E0
2.148452787E1,-5.865794420E-1,-1.436999893E1,5.207388878E0
2.148648099E1,-6.248866320E-1,-1.445858383E1,5.250484467E0
2.148846464E1,-6.607996821E-1,-1.448013210E1,5.243301868E0
2.149041776E1,-6.847416759E-1,-1.447773743E1,5.216965675E0
2.149243192E1,-6.919242740E-1,-1.447294903E1,5.173870087E0
2.149438505E1,-7.038952708E-1,-1.444661331E1,5.090072632E0
2.149636869E1,-7.445967197E-1,-1.441069984E1,4.963180065E0
2.149835233E1,-7.900865674E-1,-1.437478733E1,4.831499100E0
2.150033598E1,-8.283938169E-1,-1.434126854E1,4.752490520E0
2.150225858E1,-8.738836050E-1,-1.430056667E1,4.709394932E0
2.150427274E1,-9.385270476E-1,-1.424071217E1,4.654327869E0
2.150622587E1,-1.027112484E0,-1.415930843E1,4.551377296E0
2.150820951E1,-1.122880578E0,-1.407311726E1,4.431667328E0
2.151019315E1,-1.230619669E0,-1.397495556E1,4.302380562E0
2.151220731E1,-1.355118155E0,-1.384566879E1,4.134786129E0
2.151416044E1,-1.505952835E0,-1.367807388E1,3.926490784E0
2.151614408E1,-1.651999116E0,-1.350569153E1,3.722983599E0
2.151809720E1,-1.762132406E0,-1.335485744E1,3.541024208E0
2.152011137E1,-1.843535304E0,-1.320162773E1,3.373430252E0
2.152206449E1,-1.927332401E0,-1.304121685E1,3.174711466E0
2.152407865E1,-2.023100376E0,-1.286643982E1,2.916137695E0
2.152603178E1,-2.114080191E0,-1.267011547E1,2.631227732E0
2.152801542E1,-2.197877169E0,-1.248576164E1,2.353500366E0
2.152999906E1,-2.267308950E0,-1.233013916E1,2.104503393E0
2.153201322E1,-2.322375536E0,-1.217690945E1,1.872265697E0
2.153396635E1,-2.384624958E0,-1.200931549E1,1.651999116E0
2.153598051E1,-2.475604534E0,-1.182975101E1,1.422155857E0
2.153790311E1,-2.585737944E0,-1.166694450E1,1.192312479E0
2.153991727E1,-2.698265314E0,-1.154005241E1,9.696516991E-1
2.154190092E1,-2.798821688E0,-1.142991924E1,7.422025204E-1
2.154385404E1,-2.856282711E0,-1.132457447E1,5.123591423E-1
2.154583768E1,-2.892195702E0,-1.123838234E1,2.944868207E-1
2.154785184E1,-2.918531895E0,-1.119049835E1,7.900865376E-2
2.154980497E1,-2.894589901E0,-1.116655636E1,-1.340752989E-1
2.155181913E1,-2.810792685E0,-1.115937424E1,-3.471592367E-1
2.155377225E1,-2.674323320E0,-1.115458584E1,-5.746083856E-1
2.155578641E1,-2.494758129E0,-1.114261436E1,-8.188169599E-1
2.155770902E1,-2.264914751E0,-1.113303757E1,-1.058237195E0
2.155972318E1,-1.994369984E0,-1.114261436E1,-1.292868972E0
2.156170682E1,-1.704671621E0,-1.118331623E1,-1.532289028E0
2.156369047E1,-1.412579060E0,-1.126950741E1,-1.805228114E0
2.156564359E1,-1.130063176E0,-1.136527538E1,-2.118868589E0
2.156765775E1,-8.906430602E-1,-1.143710136E1,-2.420537949E0
2.156961088E1,-6.799532771E-1,-1.150653362E1,-2.619256735E0
2.157162504E1,-5.075707436E-1,-1.158314800E1,-2.789244890E0
2.157357816E1,-3.830722570E-1,-1.165257931E1,-3.052607059E0
2.157559232E1,-2.896983922E-1,-1.171004009E1,-3.380612850E0
2.157754545E1,-2.059013397E-1,-1.173158836E1,-3.689464808E0
2.157952909E1,-1.244984865E-1,-1.170764637E1,-3.960009575E0
2.158151273E1,-2.633621916E-2,-1.163103199E1,-4.242525578E0
2.158346586E1,8.140286058E-2,-1.150413895E1,-4.572925091E0
2.158544950E1,1.891419291E-1,-1.136527538E1,-4.896142483E0
2.158743314E1,3.016694188E-1,-1.122162342E1,-5.176264286E0
2.158938627E1,3.663128614E-1,-1.114500904E1,-5.293580055E0
2.159136991E1,5.147533417E-1,-1.097741508E1,-5.470750809E0
2.159335355E1,6.488286853E-1,-1.079306126E1,-5.583278179E0
2.159530668E1,7.757213712E-1,-1.057758331E1,-5.621585369E0
2.159729032E1,9.672574997E-1,-1.034534550E1,-5.542576790E0
2.159930448E1,1.235408068E0,-1.013944435E1,-5.348646641E0
2.160125761E1,1.644816518E0,-9.991003990E0,-5.099649429E0
2.160324125E1,2.226607561E0,-9.873687744E0,-4.829104900E0
2.160522489E1,2.700659513E0,-9.765948296E0,-4.525041103E0
2.160720853E1,2.954444885E0,-9.674968719E0,-4.213795185E0
2.160913114E1,3.160346270E0,-9.612719536E0,-4.022258759E0
2.161114530E1,3.201047659E0,-9.555258751E0,-3.878606796E0
2.161309843E1,3.145981073E0,-9.564835548E0,-3.687070608E0
2.161508207E1,3.098097086E0,-9.631873131E0,-3.383007050E0
2.161706571E1,3.028665066E0,-9.706093788E0,-2.985569477E0
2.161904935E1,2.911349297E0,-9.816226959E0,-2.554613113E0
2.162097196E1,2.691082716E0,-9.933543205E0,-2.116474390E0
2.162298612E1,2.418143749E0,-1.001255131E1,-1.714248419E0
2.162493925E1,2.185906172E0,-1.003888798E1,-1.307234168E0
2.162695341E1,2.035071373E0,-9.995792389E0,-8.810662031E-1
2.162890653E1,2.037465572E0,-9.919178009E0,-5.554547906E-1
2.163089017E1,2.109291792E0,-9.852140427E0,-2.801215947E-1
2.163281278E1,2.068590164E0,-9.828198433E0,-1.915361360E-2
2.163482694E1,1.980004787E0,-9.844957352E0,2.059013397E-1
2.163678007E1,1.996764183E0,-9.940725327E0,4.668693244E-1
2.163876371E1,2.185906172E0,-1.005804157E1,7.613561153E-1
2.164074735E1,2.430114746E0,-1.011550236E1,1.010353088E0
2.164273099E1,2.607285738E0,-1.010592556E1,1.266532660E0
2.164465360E1,2.676717520E0,-1.009874249E1,1.577778935E0
2.164666776E1,2.715024710E0,-1.012507915E1,1.908178806E0
2.164862089E1,2.762908697E0,-1.020408726E1,2.205059767E0
2.165060453E1,2.750937700E0,-1.031182671E1,2.391807556E0
2.165255766E1,2.681505919E0,-1.040280628E1,2.456450939E0
2.165457182E1,2.621650934E0,-1.044111347E1,2.398990154E0
2.165652494E1,2.540247917E0,-1.045547867E1,2.240972757E0
2.165850858E1,2.391807556E0,-1.050575733E1,1.991975784E0
2.166049223E1,2.205059767E0,-1.057758331E1,1.661576033E0
2.166247587E1,1.996764183E0,-1.064222622E1,1.280897856E0
2.166442899E1,1.810016513E0,-1.067574501E1,8.978256583E-1
2.166641264E1,1.666364431E0,-1.066137981E1,5.793967843E-1
2.166839628E1,1.544260144E0,-1.064701462E1,3.399766386E-1
2.167037992E1,1.347935557E0,-1.068771648E1,1.244984865E-1
2.167230253E1,1.079784989E0,-1.079306126E1,2.633621916E-2
2.167431669E1,8.451532125E-1,-1.091277122E1,1.460463107E-1
2.167626981E1,6.560112834E-1,-1.101093388E1,3.591302633E-1
2.167825346E1,5.051765442E-1,-1.107078838E1,5.123591423E-1
2.168023710E1,3.854664862E-1,-1.107797146E1,5.410895944E-1
2.168222074E1,1.963245422E-1,-1.106121159E1,5.003881454E-1
2.168417387E1,-4.070143029E-2,-1.101811600E1,4.596867263E-1
2.168615751E1,-1.221042871E-1,-1.094150162E1,3.758896589E-1
2.168814115E1,-9.576806799E-3,-1.085770512E1,2.681505978E-1
2.169012479E1,1.651999205E-1,-1.078108978E1,1.963245422E-1
2.169204740E1,2.944868207E-1,-1.067574501E1,1.604115069E-1
2.169406156E1,3.591302633E-1,-1.054885292E1,1.436520964E-1
2.169601469E1,3.615244627E-1,-1.041956615E1,1.221042871E-1
2.169799833E1,3.232172430E-1,-1.029746151E1,8.858546615E-2
2.169998197E1,2.657563984E-1,-1.016099167E1,4.788403213E-2
2.170199613E1,2.011129409E-1,-1.003409958E1,4.309562966E-2
2.170394926E1,1.508347094E-1,-9.904812813E0,8.858546615E-2
2.170593290E1,1.029506698E-1,-9.782708168E0,1.532289088E-1
2.170791654E1,8.140286058E-2,-9.660603523E0,1.939303428E-1
2.170993070E1,1.101332754E-1,-9.545681953E0,1.915361285E-1
2.171188383E1,1.532289088E-1,-9.442731857E0,1.292868853E-1
2.171386747E1,2.154781520E-1,-9.351752281E0,2.394201607E-2
2.171582059E1,3.112462163E-1,-9.265560150E0,-9.816227108E-2
2.171783475E1,4.333505034E-1,-9.191340446E0,-2.059013397E-1
2.171978788E1,5.219359994E-1,-9.129091263E0,-2.418143749E-1
2.172180204E1,5.626373887E-1,-9.066842079E0,-2.106897533E-1
2.172375516E1,5.530605912E-1,-8.978256226E0,-1.963245422E-1
2.172573881E1,5.147533417E-1,-8.872911453E0,-2.394201756E-1
2.172772245E1,5.075707436E-1,-8.781931877E0,-3.351882398E-1
2.172973661E1,5.434837937E-1,-8.714894295E0,-4.620809257E-1
2.173168974E1,6.320692301E-1,-8.669404030E0,-6.129156351E-1
2.173370390E1,7.493851185E-1,-8.611943245E0,-7.326257229E-1
2.173562650E1,8.571242094E-1,-8.532935143E0,-7.996633649E-1
2.173764066E1,9.265560508E-1,-8.449137688E0,-8.379706144E-1
2.173962431E1,9.720458984E-1,-8.377311707E0,-8.523358107E-1
2.174160795E1,9.816226959E-1,-8.348581314E0,-8.475474119E-1
2.174356107E1,9.888052940E-1,-8.281543732E0,-8.164227605E-1
2.174557523E1,9.241618514E-1,-8.250418663E0,-7.517793179E-1
2.174752836E1,8.307880163E-1,-8.236053467E0,-6.799532771E-1
2.174951200E1,7.350199223E-1,-8.209717751E0,-5.770025849E-1
2.175146513E1,6.464344859E-1,-8.157045364E0,-4.357447028E-1
2.175347928E1,5.219359994E-1,-8.094796181E0,-2.920926213E-1
2.175546293E1,3.208230138E-1,-8.039729118E0,-1.915361285E-1
2.175744657E1,1.628057212E-1,-7.994239330E0,-1.580173075E-1
2.175943021E1,8.858546615E-2,-7.951143742E0,-1.412578970E-1
2.176141386E1,5.985504389E-2,-7.886500359E0,-1.149216816E-1
2.176333646E1,5.027823523E-2,-7.802703381E0,-9.337386489E-2
2.176535062E1,-7.182605099E-3,-7.738059998E0,-8.379705995E-2
2.176730375E1,-1.005564705E-1,-7.682993412E0,-7.182604820E-2
2.176928739E1,-2.322375625E-1,-7.644686222E0,-5.027823523E-2
2.177124052E1,-3.854664862E-1,-7.635109425E0,-2.633621916E-2
2.177325468E1,-5.171475410E-1,-7.644686222E0,1.915361360E-2
2.177520780E1,-6.129156351E-1,-7.603984833E0,9.816227108E-2
2.177719144E1,-6.751648784E-1,-7.527369976E0,2.202665508E-1
2.177917509E1,-7.374141216E-1,-7.462726593E0,3.639186621E-1
2.178115873E1,-8.116343617E-1,-7.414842606E0,4.572925270E-1
2.178311185E1,-8.882488012E-1,-7.364564419E0,4.644751251E-1
2.178512601E1,-8.978256583E-1,-7.271190643E0,4.189853072E-1
2.178707914E1,-8.834604025E-1,-7.177816868E0,3.687070608E-1
2.178906278E1,-9.026140571E-1,-7.098807812E0,3.136404157E-1
2.179101591E1,-9.433154464E-1,-7.022193432E0,2.729389966E-1
2.179303007E1,-1.007958889E0,-6.955155849E0,2.609679997E-1
2.179495267E1,-1.074996591E0,-6.883329868E0,2.585737705E-1
2.179696683E1,-1.120486379E0,-6.787561893E0,2.346317619E-1
2.179891996E1,-1.182735682E0,-6.696582317E0,1.939303428E-1
2.180087308E1,-1.259350061E0,-6.631938934E0,1.508347094E-1
2.180285673E1,-1.335964561E0,-6.574477673E0,1.053448766E-1
2.180484037E1,-1.410184860E0,-6.526593685E0,3.830722719E-2
2.180679349E1,-1.501164436E0,-6.473921299E0,-4.309562966E-2
2.180877714E1,-1.625662923E0,-6.445190907E0,-1.149216816E-1
2.181076078E1,-1.750161409E0,-6.418854713E0,-1.747767180E-1
2.181274442E1,-1.872265697E0,-6.387730122E0,-2.298433632E-1
2.181469755E1,-1.965639591E0,-6.337451935E0,-2.777273953E-1
2.181671171E1,-2.056619167E0,-6.284779549E0,-3.208230138E-1
2.181866483E1,-2.145204782E0,-6.234501362E0,-3.639186621E-1
2.182064848E1,-2.197877169E0,-6.162675381E0,-4.046200812E-1
2.182260160E1,-2.226607561E0,-6.088454723E0,-4.405331016E-1
2.182458524E1,-2.308010340E0,-6.045359135E0,-4.668693244E-1
2.182656888E1,-2.408566952E0,-6.009446144E0,-4.764461517E-1
2.182855253E1,-2.487575531E0,-5.985504150E0,-4.908113480E-1
2.183047514E1,-2.552218914E0,-5.973533154E0,-5.027823448E-1
2.183248930E1,-2.585737944E0,-5.949591160E0,-5.123591423E-1
2.183444242E1,-2.624045134E0,-5.906495571E0,-5.339069963E-1
2.183642606E1,-2.683900118E0,-5.882553577E0,-5.530605912E-1
2.183840970E1,-2.734178305E0,-5.880159378E0,-5.602431893E-1
2.184039335E1,-2.791639090E0,-5.877765179E0,-5.650315881E-1
2.184234647E1,-2.870647907E0,-5.870582581E0,-5.626373887E-1
2.184436063E1,-2.923320293E0,-5.839457989E0,-5.674257874E-1
2.184631376E1,-2.930502892E0,-5.796362400E0,-5.865794420E-1
2.184832792E1,-2.947262287E0,-5.772420406E0,-5.985504389E-1
2.185028104E1,-2.987963676E0,-5.779603004E0,-6.009446383E-1
2.185229520E1,-3.016694069E0,-5.755661011E0,-6.033388376E-1
2.185421781E1,-3.059789658E0,-5.702988625E0,-5.961562395E-1
2.185623197E1,-3.131615877E0,-5.657498837E0,-5.698199868E-1
2.185818510E1,-3.165134668E0,-5.609614372E0,-5.626373887E-1
2.186016874E1,-3.174711466E0,-5.573701382E0,-5.746083856E-1
2.186209135E1,-3.203441858E0,-5.554547787E0,-5.722141862E-1
2.186410551E1,-3.253720045E0,-5.549759388E0,-5.626373887E-1
2.186605863E1,-3.282450438E0,-5.535394192E0,-5.602431893E-1
2.186804227E1,-3.299209833E0,-5.525817394E0,-5.434837937E-1
2.186999540E1,-3.299209833E0,-5.497087002E0,-5.099649429E-1
2.187200956E1,-3.263296843E0,-5.458779812E0,-4.812345505E-1
2.187393217E1,-3.222595453E0,-5.444414616E0,-4.477157295E-1
2.187594633E1,-3.177105665E0,-5.458779812E0,-4.237737060E-1
2.187792997E1,-3.155557871E0,-5.465962410E0,-4.285621047E-1
2.187991361E1,-3.150769472E0,-5.458779812E0,-4.261679053E-1
2.188186674E1,-3.141192675E0,-5.446808815E0,-4.118026793E-1
2.188388090E1,-3.057395458E0,-5.408501625E0,-3.543418646E-1
2.188583402E1,-3.021482468E0,-5.391742229E0,-3.375824392E-1
2.188781766E1,-2.940079689E0,-5.379771233E0,-3.184288144E-1
2.188977079E1,-2.858676910E0,-5.382165432E0,-3.208230138E-1
2.189178495E1,-2.794033289E0,-5.396530628E0,-3.256114423E-1
2.189373808E1,-2.746149302E0,-5.422866821E0,-3.280056417E-1
2.189572172E1,-2.703053713E0,-5.444414616E0,-3.351882398E-1
2.189770536E1,-2.650381327E0,-5.463568211E0,-3.543418646E-1
2.189965848E1,-2.588132143E0,-5.492298603E0,-3.687070608E-1
2.190164213E1,-2.545036316E0,-5.525817394E0,-3.734954596E-1
2.190365629E1,-2.511517525E0,-5.568912983E0,-3.734954596E-1
2.190560941E1,-2.482787132E0,-5.621585369E0,-3.734954596E-1
2.190759306E1,-2.444479942E0,-5.683835030E0,-3.567360640E-1
2.190957670E1,-2.398990154E0,-5.750872612E0,-3.375824392E-1
2.191159086E1,-2.370259762E0,-5.813121796E0,-3.160346150E-1
2.191351346E1,-2.348711967E0,-5.880159378E0,-2.944868207E-1
2.191552763E1,-2.334346771E0,-5.947196960E0,-2.681505978E-1
2.191751127E1,-2.336740971E0,-6.014234543E0,-2.250549644E-1
2.191949491E1,-2.341529369E0,-6.071695328E0,-1.723825186E-1
2.192144804E1,-2.319981337E0,-6.112396717E0,-9.097966552E-2
2.192346220E1,-2.286462545E0,-6.167463779E0,2.394201607E-2
2.192538480E1,-2.248155355E0,-6.234501362E0,1.364694983E-1
2.192739896E1,-2.209848166E0,-6.301538944E0,2.442085743E-1
2.192938261E1,-2.169146776E0,-6.356605530E0,3.591302633E-1
2.193136625E1,-2.118868589E0,-6.406883717E0,4.644751251E-1
2.193334989E1,-2.070984364E0,-6.445190907E0,5.410895944E-1
2.193536405E1,-2.023100376E0,-6.478709698E0,5.985504389E-1
2.193731718E1,-1.965639591E0,-6.500257492E0,6.272808313E-1
2.193930082E1,-1.903390408E0,-6.514622688E0,6.536170840E-1
2.194128446E1,-1.821987510E0,-6.540958881E0,7.134721279E-1
2.194326810E1,-1.707065821E0,-6.557718277E0,8.092401624E-1
2.194525175E1,-1.592144132E0,-6.574477673E0,9.121908545E-1
2.194723539E1,-1.493981838E0,-6.607996464E0,1.007958889E0
2.194921903E1,-1.386242747E0,-6.651092529E0,1.072602391E0
2.195117216E1,-1.278503656E0,-6.696582317E0,1.120486379E0
2.195315580E1,-1.185129881E0,-6.766014099E0,1.182735682E0
2.195516996E1,-1.125274777E0,-6.871358871E0,1.271321058E0
2.195712308E1,-1.094150186E0,-7.012616634E0,1.398213744E0
2.195910673E1,-1.051054597E0,-7.182605267E0,1.580173135E0
2.196109037E1,-9.528923035E-1,-7.345410824E0,1.810016513E0
2.196307401E1,-8.164227605E-1,-7.496245384E0,2.068590164E0
2.196502714E1,-6.536170840E-1,-7.651868820E0,2.288856745E0
2.196701078E1,-5.051765442E-1,-7.826645374E0,2.461239338E0
2.196899442E1,-3.806780577E-1,-8.027758598E0,2.640804529E0
2.197094755E1,-2.298433632E-1,-8.233659744E0,2.887407303E0
2.197293119E1,-4.788403213E-2,-8.434772491E0,3.181894064E0
2.197494535E1,1.388636976E-1,-8.616731644E0,3.466804028E0
2.197689848E1,3.184288144E-1,-8.803479195E0,3.725377798E0
2.197888212E1,4.955997467E-1,-9.002198219E0,3.960009575E0
2.198086576E1,6.679822803E-1,-9.215282440E0,4.182670593E0
2.198284940E1,8.475474119E-1,-9.433155060E0,4.393360138E0
2.198477201E1,1.039083481E0,-9.672574997E0,4.606443882E0
2.198678617E1,1.223437071E0,-9.933543205E0,4.833893299E0
2.198876981E1,1.398213744E0,-1.022324085E1,5.090072632E0
2.199075346E1,1.561019540E0,-1.055603504E1,5.341464043E0
2.199273710E1,1.719036818E0,-1.091755962E1,5.597643375E0
2.199472074E1,1.867477298E0,-1.132217979E1,5.889736176E0
2.199664335E1,2.035071373E0,-1.175553036E1,6.227318764E0
2.199865751E1,2.226607561E0,-1.222239971E1,6.584054470E0
2.200061063E1,2.418143749E0,-1.272996998E1,6.981492043E0
2.200262479E1,2.631227732E0,-1.326148319E1,7.381323814E0
2.200454740E1,2.913743496E0,-1.379539013E1,7.771578789E0
2.200656156E1,3.239354849E0,-1.433169174E1,8.111555099E0
2.200851469E1,3.600879431E0,-1.485362720E1,8.374917984E0
2.201049833E1,4.022258759E0,-1.534683323E1,8.599972725E0
2.201248197E1,4.458003521E0,-1.581609631E1,8.781931877E0
2.201446561E1,4.850652695E0,-1.625423622E1,8.995016098E0
2.201644926E1,5.166687489E0,-1.668279839E1,9.306262016E0
2.201840238E1,5.415684223E0,-1.707305145E1,9.715670586E0
2.202038602E1,5.614402771E0,-1.743697166E1,1.024478912E1
2.202236967E1,5.789179802E0,-1.778891945E1,1.087925243E1
2.202432279E1,5.980715752E0,-1.807861710E1,1.158554173E1
2.202630643E1,6.198588371E0,-1.826296997E1,1.231098557E1
2.202825956E1,6.414066315E0,-1.836113358E1,1.300769806E1
2.203024320E1,6.629544735E0,-1.836352730E1,1.366131496E1
2.203219633E1,6.840234280E0,-1.824621201E1,1.422395229E1
2.203421049E1,7.072471619E0,-1.802115631E1,1.467406178E1
2.203616361E1,7.307103634E0,-1.770272827E1,1.504037476E1
2.203817777E1,7.496245384E0,-1.729810715E1,1.533725643E1
2.204013090E1,7.608773232E0,-1.683363152E1,1.554315758E1
2.204211454E1,7.656657219E0,-1.632606125E1,1.562695408E1
2.204409818E1,7.611167431E0,-1.583285618E1,1.557188797E1
2.204611234E1,7.433996201E0,-1.536359215E1,1.539232254E1
2.204806547E1,7.094019413E0,-1.490390587E1,1.506910515E1
2.205004911E1,6.612784863E0,-1.445858383E1,1.458068848E1
2.205200224E1,6.335057735E0,-1.424071217E1,1.427901936E1
2.205401640E1,5.492298603E0,-1.359427738E1,1.323275280E1
2.205596952E1,5.228936672E0,-1.337640476E1,1.285446930E1
2.205798368E1,4.501099110E0,-1.268448067E1,1.169328117E1
2.205993681E1,4.273650169E0,-1.244506073E1,1.130302620E1
2.206192045E1,3.825934410E0,-1.195903778E1,1.052012253E1
2.206387357E1,3.383007050E0,-1.147780323E1,9.742006302E0
2.206588773E1,2.937685490E0,-1.098699188E1,8.949525833E0
2.206784086E1,2.470816135E0,-1.048660374E1,8.140285492E0
2.206982450E1,1.960851192E0,-1.000776291E1,7.316680431E0
2.207180814E1,1.414973259E0,-9.555258751E0,6.478709698E0
2.207379178E1,8.667010069E-1,-9.112331390E0,5.655104637E0
2.207571439E1,3.423708379E-1,-8.700529099E0,4.821922302E0
2.207772855E1,-1.604115069E-1,-8.327033043E0,4.010287762E0
2.207971220E1,-6.679822803E-1,-7.977479935E0,3.241749048E0
2.208169584E1,-1.170764685E0,-7.666234016E0,2.509123325E0
2.208367948E1,-1.654393315E0,-7.381323814E0,1.800439715E0
2.208566312E1,-2.109291792E0,-7.137115479E0,1.146822572E0
2.208764677E1,-2.535459518E0,-6.940790653E0,5.817909837E-1
2.208959989E1,-2.925714493E0,-6.811503887E0,1.340752989E-1
2.209158353E1,-3.272873640E0,-6.737283707E0,-2.059013397E-1
2.209359769E1,-3.560178041E0,-6.718130112E0,-4.740519226E-1
2.209555082E1,-3.780444384E0,-6.718130112E0,-7.182605267E-1
2.209753446E1,-3.924096584E0,-6.720524311E0,-1.000776291E0
2.209951810E1,-3.993528366E0,-6.727706909E0,-1.331176162E0
2.210150175E1,-3.993528366E0,-6.744466305E0,-1.683123827E0
2.210342435E1,-3.933673382E0,-6.773196697E0,-2.099714994E0
2.210543851E1,-3.818751812E0,-6.823474884E0,-2.643198729E0
2.210742216E1,-3.634398222E0,-6.909666061E0,-3.332728863E0
2.210943632E1,-3.383007050E0,-7.024587631E0,-4.120420933E0
2.211138944E1,-3.122039080E0,-7.168240070E0,-4.886565685E0
2.211340360E1,-2.841917515E0,-7.343016624E0,-5.530605793E0
2.211535673E1,-2.588132143E0,-7.603984833E0,-6.093243122E0
2.211734037E1,-2.427720547E0,-7.979874134E0,-6.658275127E0
2.211932401E1,-2.355894566E0,-8.437167168E0,-7.213729858E0
2.212130766E1,-2.403778553E0,-8.990227699E0,-7.726089001E0
2.212326078E1,-2.523488522E0,-9.629479408E0,-8.231265068E0
2.212527494E1,-2.621650934E0,-1.033576870E1,-8.719682693E0
2.212722806E1,-2.736572504E0,-1.106599998E1,-9.176975250E0
2.212921171E1,-2.908955097E0,-1.178665543E1,-9.598354340E0
2.213119535E1,-3.134010077E0,-1.249294472E1,-9.938331604E0
2.213317899E1,-3.380612850E0,-1.314177322E1,-1.015620327E1
2.213513212E1,-3.608062029E0,-1.368046856E1,-1.027830791E1
2.213714628E1,-3.778050184E0,-1.413536644E1,-1.034295177E1
2.213909940E1,-3.902548790E0,-1.453759289E1,-1.029506683E1
2.214108305E1,-4.024652958E0,-1.486559868E1,-1.009634876E1
2.214306669E1,-4.199429989E0,-1.512177753E1,-9.797073364E0
2.214508085E1,-4.395754337E0,-1.534204483E1,-9.445125580E0
2.214703397E1,-4.534617901E0,-1.549287891E1,-9.081207275E0
2.214901762E1,-4.618414879E0,-1.558146477E1,-8.635885239E0
2.215100126E1,-4.726154327E0,-1.563653088E1,-8.279149055E0
2.215298490E1,-4.860229492E0,-1.562216568E1,-7.864952564E0
2.215493803E1,-5.001487255E0,-1.554794598E1,-7.335834026E0
2.215695219E1,-5.171475887E0,-1.545217800E1,-6.804321289E0
2.215890531E1,-5.319916248E0,-1.533246803E1,-6.287173748E0
2.216088895E1,-5.401319027E0,-1.517444992E1,-5.750872612E0
2.216281156E1,-5.442020416E0,-1.501882744E1,-5.171475887E0
2.216482572E1,-5.434837818E0,-1.489432907E1,-4.508281708E0
2.216677885E1,-5.367800236E0,-1.480334949E1,-3.653551817E0
2.216876249E1,-5.224148273E0,-1.477222443E1,-2.463633537E0
2.217074613E1,-4.977545261E0,-1.477461910E1,-8.140285611E-1
2.217272977E1,-4.644751072E0,-1.479377270E1,1.326387763E0
2.217465238E1,-4.180276394E0,-1.478419590E1,3.859453201E0
2.217666654E1,-3.598485231E0,-1.472434044E1,6.569689274E0
2.217861967E1,-2.913743496E0,-1.457111168E1,9.016563416E0
2.218063383E1,-2.173935175E0,-1.426944256E1,1.094629002E1
2.218255643E1,-1.458068848E0,-1.380257320E1,1.229422569E1
2.218457059E1,-7.709329724E-1,-1.320881081E1,1.291671848E1
2.218652372E1,-8.379705995E-2,-1.257674122E1,1.288559341E1
2.218850736E1,5.482721925E-1,-1.197819138E1,1.237802315E1
2.219049100E1,9.696516991E-1,-1.139400578E1,1.142991924E1
2.219247465E1,1.209071875E0,-1.085531044E1,1.002691650E1
2.219439725E1,1.295263171E0,-1.040998936E1,8.327033043E0
2.219641141E1,1.290474772E0,-1.002691650E1,6.629544735E0
2.219836454E1,1.213860273E0,-9.689333916E0,5.020640850E0
2.220034818E1,9.983820915E-1,-9.397241592E0,3.531447411E0
2.220233182E1,6.033388376E-1,-9.143456459E0,2.135627985E0
2.220434598E1,1.292868853E-1,-8.882488251E0,7.709329724E-1
2.220629911E1,-3.016694188E-1,-8.599972725E0,-6.296750307E-1
2.220828275E1,-6.416460276E-1,-8.288725853E0,-2.085349798E0
2.221026640E1,-9.026140571E-1,-7.972691536E0,-3.584120035E0
2.221225004E1,-1.086967587E0,-7.644686222E0,-4.987122059E0
2.221417264E1,-1.194706678E0,-7.297526836E0,-6.059724331E0
2.221618681E1,-1.211466074E0,-6.986280441E0,-6.763619900E0
2.221813993E1,-1.182735682E0,-6.835445881E0,-7.010222435E0
2.222012357E1,-1.051054597E0,-6.536170483E0,-7.249642849E0
2.222210722E1,-9.026140571E-1,-6.277596951E0,-7.070077419E0
2.222409086E1,-7.996633649E-1,-6.095637321E0,-6.512228489E0
2.222604398E1,-7.493851185E-1,-5.968744755E0,-5.722142220E0
2.222805814E1,-7.422025204E-1,-5.889736176E0,-4.946420670E0
2.223001127E1,-7.086837292E-1,-5.901707172E0,-4.383783340E0
2.223199491E1,-5.746083856E-1,-5.975927353E0,-4.084507942E0
2.223397855E1,-3.974374831E-1,-6.076483727E0,-3.924096584E0
2.223596220E1,-3.375824392E-1,-6.189011574E0,-3.830722809E0
2.223791532E1,-4.764461517E-1,-6.313509941E0,-3.787626982E0
2.223992948E1,-7.326257229E-1,-6.421248913E0,-3.878606796E0
2.224188261E1,-1.000776291E0,-6.514622688E0,-4.106055737E0
2.224386625E1,-1.223437071E0,-6.639121532E0,-4.390965939E0
2.224581937E1,-1.407790542E0,-6.785167694E0,-4.661510944E0
2.224783353E1,-1.580173135E0,-6.945579052E0,-4.838681698E0
2.224975614E1,-1.704671621E0,-7.120356083E0,-5.020640850E0
2.225177030E1,-1.817199111E0,-7.319074631E0,-5.193023682E0
2.225375394E1,-1.908178806E0,-7.587224960E0,-5.272032261E0
2.225573759E1,-1.912967205E0,-7.946355343E0,-5.262455463E0
2.225769071E1,-1.812410712E0,-8.334216118E0,-5.204994678E0
2.225970487E1,-1.606509328E0,-8.719682693E0,-5.142745018E0
2.226168851E1,-1.319205165E0,-9.088389397E0,-5.145139217E0
2.226367216E1,-1.017535686E0,-9.416395187E0,-5.197812080E0
2.226559476E1,-7.374141216E-1,-9.708487511E0,-5.240907669E0
2.226760892E1,-4.979939461E-1,-9.943120003E0,-5.209783077E0
2.226956205E1,-3.016694188E-1,-1.017775154E1,-5.092466831E0
2.227154569E1,-1.268926859E-1,-1.043153667E1,-4.920084476E0
2.227352933E1,2.873042040E-2,-1.065180302E1,-4.685452938E0
2.227551298E1,1.580173075E-1,-1.081700325E1,-4.398148537E0
2.227743558E1,2.705447972E-1,-1.092953110E1,-4.065354347E0
2.227944974E1,3.974374831E-1,-1.100853920E1,-3.672705412E0
2.228140287E1,5.530605912E-1,-1.105402946E1,-3.220201254E0
2.228338651E1,7.900865674E-1,-1.108036518E1,-2.722207308E0
2.228530912E1,1.118092179E0,-1.109712505E1,-2.214636564E0
2.228732328E1,1.537077546E0,-1.113543224E1,-1.714248419E0
2.228927641E1,2.037465572E0,-1.119289303E1,-1.204283476E0
2.229126005E1,2.559401512E0,-1.127190113E1,-6.823474765E-1
2.229324369E1,3.071760893E0,-1.136527538E1,-1.628057212E-1
2.229519682E1,3.569754839E0,-1.144667816E1,3.327940404E-1
2.229718046E1,4.048594952E0,-1.150892735E1,7.852981687E-1
2.229919462E1,4.522646904E0,-1.154005241E1,1.173158884E0
2.230114774E1,5.006275654E0,-1.153286934E1,1.477222443E0
2.230313138E1,5.439626217E0,-1.149216843E1,1.680729628E0
2.230511503E1,5.786785603E0,-1.140597725E1,1.800439715E0
2.230712919E1,6.076483727E0,-1.124077702E1,1.862688899E0
2.230908231E1,6.308721542E0,-1.103008747E1,1.855506301E0
2.231109647E1,6.459556103E0,-1.082897472E1,1.810016513E0
2.231304960E1,6.548141479E0,-1.068292809E1,1.798045516E0
2.231500272E1,6.607996464E0,-1.056321812E1,1.805228114E0
2.231698637E1,6.607996464E0,-1.044350815E1,1.836352706E0
2.231897001E1,6.509834290E0,-1.035731697E1,1.915361404E0
2.232092313E1,6.308721542E0,-1.028788471E1,2.047042370E0
2.232290678E1,6.050147533E0,-1.021845245E1,2.190694571E0
2.232489042E1,5.770026207E0,-1.016338634E1,2.315192938E0
2.232690458E1,5.494692802E0,-1.010592556E1,2.442085743E0
2.232885770E1,5.197812080E0,-1.007480049E1,2.638410330E0
2.233087186E1,4.800374508E0,-1.007240677E1,2.908955097E0
2.233285551E1,4.331110954E0,-1.005804157E1,3.196259260E0
2.233483915E1,3.806780815E0,-1.001973438E1,3.418920040E0
2.233679227E1,3.227383852E0,-1.002452278E1,3.478775024E0
2.233877592E1,2.614468336E0,-1.008677197E1,3.402160645E0
2.234072904E1,2.044648170E0,-1.015620327E1,3.248931646E0
2.234274320E1,1.642422318E0,-1.018732834E1,2.978386879E0
2.234469633E1,1.391031146E0,-1.017775154E1,2.616862535E0
2.234667997E1,1.149216771E0,-1.013704967E1,2.430114746E0
2.234866361E1,7.589619160E-1,-1.010831928E1,2.525882721E0
2.235064725E1,1.939303428E-1,-1.010831928E1,2.753331900E0
2.235260038E1,-3.998316824E-1,-1.014183807E1,2.904166698E0
2.235461454E1,-9.337386489E-1,-1.018014526E1,2.880224705E0
2.235656766E1,-1.414973259E0,-1.021605873E1,2.755726099E0
2.235855131E1,-1.862688899E0,-1.027351952E1,2.616862535E0
2.236053495E1,-2.293645144E0,-1.033816338E1,2.492363930E0
2.236254911E1,-2.657563925E0,-1.039083576E1,2.353500366E0
2.236450224E1,-2.954444885E0,-1.041238308E1,2.161964178E0
2.236648588E1,-3.174711466E0,-1.040280628E1,1.900996208E0
2.236846952E1,-3.323152065E0,-1.035971069E1,1.604115129E0
2.237045316E1,-3.541024208E0,-1.033337498E1,1.347935557E0
2.237237577E1,-3.852270603E0,-1.033098030E1,1.182735682E0
2.237438993E1,-4.185064793E0,-1.028788471E1,1.103726983E0
2.237634306E1,-4.333505154E0,-1.024718285E1,1.091755986E0
2.237832670E1,-4.654327869E0,-1.004367638E1,1.134851575E0
2.238031034E1,-4.776432514E0,-9.866505623E0,1.230619669E0
2.238232450E1,-4.778826714E0,-9.689333916E0,1.338358760E0
2.238427763E1,-4.738125324E0,-9.607931137E0,1.383848548E0
2.238626127E1,-4.630385876E0,-9.464279175E0,1.412579060E0
2.238824491E1,-4.515464306E0,-9.358934402E0,1.343147159E0
2.239022855E1,-4.371812344E0,-9.294290543E0,1.216254473E0
2.239215116E1,-4.177882195E0,-9.229647636E0,1.060631394E0
2.239416532E1,-3.976768970E0,-9.150638580E0,8.762778044E-1
2.239611845E1,-3.766079187E0,-9.062053680E0,6.967126727E-1
2.239810209E1,-3.514688015E0,-8.990227699E0,5.291185975E-1
2.240008573E1,-3.236960649E0,-8.913613319E0,3.998316824E-1
2.240209989E1,-2.954444885E0,-8.829815865E0,3.040636182E-1
2.240405302E1,-2.662352324E0,-8.743624687E0,2.346317619E-1
2.240603666E1,-2.382230759E0,-8.674192429E0,2.082955539E-1
2.240802030E1,-2.118868589E0,-8.635885239E0,1.963245422E-1
2.241000394E1,-1.838746905E0,-8.628703117E0,1.843535304E-1
2.241192655E1,-1.539471745E0,-8.628703117E0,1.747767180E-1
2.241394071E1,-1.249773264E0,-8.640673637E0,1.675941199E-1
2.241589384E1,-9.720458984E-1,-8.671798706E0,1.388636976E-1
2.241787748E1,-7.326257229E-1,-8.738836288E0,8.619125932E-2
2.241986112E1,-5.027823448E-1,-8.839392662E0,1.915361360E-2
2.242184476E1,-2.873041928E-1,-8.927978516E0,-6.703764945E-2
2.242379789E1,-7.661445439E-2,-9.006986618E0,-1.795651317E-1
2.242581205E1,1.484405100E-1,-9.074024200E0,-2.944868207E-1
2.242773466E1,3.950432837E-1,-9.107542992E0,-4.046200812E-1
2.242974882E1,6.416460276E-1,-9.126696587E0,-5.147533417E-1
2.243173246E1,8.571242094E-1,-9.145850182E0,-6.081272364E-1
2.243371610E1,1.007958889E0,-9.196128845E0,-7.062895298E-1
2.243566923E1,1.118092179E0,-9.248801231E0,-8.140285611E-1
2.243768339E1,1.218648672E0,-9.282320023E0,-9.481038451E-1
2.243963651E1,1.319205165E0,-9.299078941E0,-1.089361787E0
2.244165067E1,1.403002143E0,-9.311050415E0,-1.206677675E0
2.244360380E1,1.462857246E0,-9.299078941E0,-1.316810966E0
2.244561796E1,1.493981838E0,-9.258378029E0,-1.419761658E0
2.244760160E1,1.534683347E0,-9.200917244E0,-1.498770237E0
2.244958524E1,1.589749932E0,-9.153033257E0,-1.587355733E0
2.245156888E1,1.637633920E0,-9.112331390E0,-1.673547029E0
2.245355253E1,1.663970232E0,-9.076418877E0,-1.740584612E0
2.245550565E1,1.671152830E0,-9.066842079E0,-1.778891921E0
2.245748930E1,1.651999116E0,-9.083600998E0,-1.795651317E0
2.245947294E1,1.625662923E0,-9.088389397E0,-1.853112102E0
2.246145658E1,1.601720929E0,-9.050082207E0,-1.905784607E0
2.246340970E1,1.577778935E0,-8.992621422E0,-1.927332401E0
2.246539335E1,1.553836942E0,-8.930372238E0,-1.917755604E0
2.246734647E1,1.520318031E0,-8.894459724E0,-1.886630893E0
2.246933012E1,1.482010841E0,-8.880094528E0,-1.855506301E0
2.247131376E1,1.455674648E0,-8.865729332E0,-1.831564307E0
2.247332792E1,1.414973259E0,-8.856152534E0,-1.810016513E0
2.247528104E1,1.362300754E0,-8.841787338E0,-1.778891921E0
2.247726469E1,1.316810966E0,-8.817844391E0,-1.750161409E0
2.247921781E1,1.261744261E0,-8.784325600E0,-1.723825216E0
2.248123197E1,1.185129881E0,-8.755595207E0,-1.711854219E0
2.248318510E1,1.106121182E0,-8.722076416E0,-1.704671621E0
2.248516874E1,1.034295082E0,-8.688557625E0,-1.683123827E0
2.248715238E1,9.792284966E-1,-8.659827232E0,-1.642422318E0
2.248913602E1,9.528923035E-1,-8.633491516E0,-1.582567334E0
2.249105863E1,9.313444495E-1,-8.619126320E0,-1.525106430E0
2.249307279E1,8.930372596E-1,-8.599972725E0,-1.489193439E0
2.249502592E1,8.667010069E-1,-8.559270859E0,-1.467645645E0
2.249700956E1,8.523358107E-1,-8.528146744E0,-1.460463047E0
2.249899320E1,8.427590132E-1,-8.516175270E0,-1.467645645E0
2.250100736E1,8.283938169E-1,-8.523358345E0,-1.482010841E0
2.250296049E1,8.116343617E-1,-8.542511940E0,-1.501164436E0
2.250494413E1,8.068459630E-1,-8.554482460E0,-1.517923832E0
2.250692777E1,8.164227605E-1,-8.549694061E0,-1.520318031E0
2.250891141E1,8.164227605E-1,-8.542511940E0,-1.520318031E0
2.251086454E1,8.236053586E-1,-8.537723541E0,-1.508347034E0
2.251287870E1,8.427590132E-1,-8.544905663E0,-1.474828243E0
2.251483182E1,8.547300100E-1,-8.559270859E0,-1.443703651E0
2.251681547E1,8.571242094E-1,-8.590395927E0,-1.405396342E0
2.251879911E1,8.690952063E-1,-8.614337921E0,-1.357512355E0
2.252081327E1,8.810662031E-1,-8.626308441E0,-1.323993564E0
2.252276640E1,8.714894056E-1,-8.645462036E0,-1.314416766E0
2.252478056E1,8.643068075E-1,-8.652645111E0,-1.297657371E0
2.252673368E1,8.834604025E-1,-8.607154846E0,-1.259350061E0
2.252871732E1,9.074024558E-1,-8.568847656E0,-1.223437071E0
2.253070096E1,9.002198577E-1,-8.571242332E0,-1.182735682E0
2.253268461E1,8.858546019E-1,-8.585607529E0,-1.115697980E0
2.253463773E1,8.619126081E-1,-8.604761124E0,-1.055842996E0
2.253665189E1,8.355764151E-1,-8.621520042E0,-9.983820915E-1
2.253860502E1,8.092401624E-1,-8.659827232E0,-9.361328483E-1
2.254058866E1,7.661445141E-1,-8.712499619E0,-8.882488012E-1
2.254251127E1,7.254431248E-1,-8.786720276E0,-8.738836050E-1
2.254452543E1,6.847416759E-1,-8.858546257E0,-8.667010069E-1
2.254647855E1,6.607996821E-1,-8.882488251E0,-8.667010069E-1
2.254846220E1,5.650315881E-1,-8.978256226E0,-8.786720037E-1
2.255044584E1,4.979939461E-1,-9.062053680E0,-9.002198577E-1
2.255242948E1,4.692635238E-1,-9.105149269E0,-9.121908545E-1
2.255438261E1,4.141969085E-1,-9.193734169E0,-9.361328483E-1
2.255639677E1,3.471592367E-1,-9.287108421E0,-9.744400978E-1
2.255834989E1,2.537853718E-1,-9.390059471E0,-9.911994934E-1
2.256036405E1,1.508347094E-1,-9.478644371E0,-9.983820915E-1
2.256231718E1,4.788403213E-2,-9.548076630E0,-1.005564690E0
2.256433134E1,-6.703764945E-2,-9.629479408E0,-1.010353088E0
2.256628446E1,-1.843535304E-1,-9.710882187E0,-1.010353088E0
2.256826810E1,-2.992752194E-1,-9.782708168E0,-1.007958889E0
2.257025175E1,-4.213795066E-1,-9.873687744E0,-1.000776291E0
2.257220487E1,-5.458779931E-1,-9.976638794E0,-1.000776291E0
2.257418851E1,-6.488286853E-1,-1.006282997E1,-9.911994934E-1
2.257620267E1,-7.230489254E-1,-1.012029076E1,-9.672574997E-1
2.257815580E1,-7.996633649E-1,-1.016099167E1,-9.481038451E-1
2.258013944E1,-8.762778044E-1,-1.019451046E1,-9.385270476E-1
2.258212308E1,-9.624691010E-1,-1.023281765E1,-9.337386489E-1
2.258413724E1,-1.055842996E0,-1.027112484E1,-9.169792533E-1
2.258605985E1,-1.127668977E0,-1.029506683E1,-8.954314590E-1
2.258807401E1,-1.187524080E0,-1.031182671E1,-8.738836050E-1
2.259002714E1,-1.264138460E0,-1.031661510E1,-8.547300100E-1
2.259198026E1,-1.347935557E0,-1.031422138E1,-8.307880163E-1
2.259396391E1,-1.412579060E0,-1.031422138E1,-8.068459630E-1
2.259594755E1,-1.458068848E0,-1.030464458E1,-8.020575643E-1
2.259790067E1,-1.484405041E0,-1.026873112E1,-8.044517636E-1
2.259988432E1,-1.498770237E0,-1.021845245E1,-7.948749661E-1
2.260186796E1,-1.503558636E0,-1.015380955E1,-7.709329724E-1
2.260385160E1,-1.496376038E0,-1.007719517E1,-7.541735172E-1
2.260580473E1,-1.482010841E0,-1.000297451E1,-7.278373241E-1
2.260781888E1,-1.458068848E0,-9.935936928E0,-7.015010715E-1
2.260977201E1,-1.426944256E0,-9.883264542E0,-6.799532771E-1
2.261175565E1,-1.386242747E0,-9.849745750E0,-6.631938815E-1
2.261370878E1,-1.340752959E0,-9.813833237E0,-6.607996821E-1
2.261572294E1,-1.266532660E0,-9.780313492E0,-6.703764796E-1
2.261764555E1,-1.189918280E0,-9.749189377E0,-6.991068721E-1
2.261965970E1,-1.120486379E0,-9.737217903E0,-7.445967197E-1
2.262164335E1,-1.053448796E0,-9.746794701E0,-7.948749661E-1
2.262362699E1,-9.840168953E-1,-9.751583099E0,-8.475474119E-1
2.262561063E1,-9.193734527E-1,-9.730035782E0,-9.121908545E-1
2.262762479E1,-8.499416113E-1,-9.703699112E0,-9.983820915E-1
2.262957792E1,-7.685387731E-1,-9.667786598E0,-1.106121182E0
2.263156156E1,-6.943184733E-1,-9.622296333E0,-1.199495077E0
2.263354520E1,-6.177040339E-1,-9.583989143E0,-1.252167463E0
2.263552885E1,-5.578489900E-1,-9.557653427E0,-1.280897856E0
2.263748197E1,-5.291185975E-1,-9.538499832E0,-1.292868972E0
2.263946561E1,-5.075707436E-1,-9.536105156E0,-1.280897856E0
2.264144926E1,-4.979939461E-1,-9.543288231E0,-1.247379065E0
2.264343290E1,-5.051765442E-1,-9.557653427E0,-1.182735682E0
2.264538602E1,-5.339069963E-1,-9.588777542E0,-1.089361787E0
2.264740018E1,-5.817909837E-1,-9.634267807E0,-9.744400978E-1
2.264935331E1,-6.081272364E-1,-9.686940193E0,-8.547300100E-1
2.265133695E1,-6.057330370E-1,-9.725247383E0,-7.469909191E-1
2.265329008E1,-5.913678408E-1,-9.753977776E0,-6.607996821E-1
2.265530424E1,-5.746083856E-1,-9.816226959E0,-5.770025849E-1
2.265725736E1,-5.650315881E-1,-9.916783333E0,-5.003881454E-1
2.265927152E1,-5.434837937E-1,-1.001255131E1,-4.453215301E-1
2.266122465E1,-4.860229492E-1,-1.010592556E1,-4.429273009E-1
2.266323881E1,-3.734954596E-1,-1.020169353E1,-4.836287498E-1
2.266516141E1,-2.226607651E-1,-1.029746151E1,-5.602431893E-1
2.266717558E1,-5.267243832E-2,-1.038844109E1,-6.799532771E-1
2.266915922E1,1.029506698E-1,-1.048420906E1,-8.331822157E-1
2.267114286E1,2.370259613E-1,-1.062786102E1,-9.935936928E-1
2.267309598E1,3.639186621E-1,-1.080263805E1,-1.139639974E0
2.267511014E1,4.764461517E-1,-1.098220348E1,-1.276109457E0
2.267706327E1,6.033388376E-1,-1.114500904E1,-1.417367458E0
2.267904691E1,7.589619160E-1,-1.127668953E1,-1.577778935E0
2.268100004E1,9.433154464E-1,-1.137245846E1,-1.733402014E0
2.268301420E1,1.118092179E0,-1.144188976E1,-1.843535304E0
2.268496732E1,1.276109457E0,-1.147780323E1,-1.910573006E0
2.268695096E1,1.400607944E0,-1.147301483E1,-1.934514999E0
2.268893461E1,1.522712231E0,-1.147540855E1,-1.879448295E0
2.269091825E1,1.666364431E0,-1.150413895E1,-1.752555609E0
2.269287138E1,1.800439715E0,-1.154244614E1,-1.594538331E0
2.269485502E1,1.905784607E0,-1.156159973E1,-1.438915253E0
2.269683866E1,1.963245392E0,-1.154244614E1,-1.283292055E0
2.269885282E1,1.968033791E0,-1.149216843E1,-1.110909581E0
2.270080595E1,1.948880196E0,-1.143470764E1,-9.217676520E-1
2.270278959E1,1.896207690E0,-1.139400578E1,-7.062895298E-1
2.270474271E1,1.802833915E0,-1.137485218E1,-4.429273009E-1
2.270675687E1,1.673547029E0,-1.138682365E1,-1.412578970E-1
2.270871000E1,1.522712231E0,-1.142273617E1,1.819593310E-1
2.271072416E1,1.362300754E0,-1.148498535E1,5.291185975E-1
2.271267728E1,1.209071875E0,-1.157596493E1,8.930372596E-1
2.271466093E1,1.067813993E0,-1.169806957E1,1.249773264E0
2.271661405E1,9.241618514E-1,-1.183214474E1,1.580173135E0
2.271862821E1,7.709329724E-1,-1.198776817E1,1.872265697E0
2.272058134E1,6.320692301E-1,-1.214578533E1,2.128445387E0
2.272256498E1,5.147533417E-1,-1.229183197E1,2.336740971E0
2.272451810E1,4.572925270E-1,-1.236605167E1,2.415749550E0
2.272653226E1,3.495534360E-1,-1.250970364E1,2.533065319E0
2.272848539E1,2.513911724E-1,-1.264617348E1,2.607285738E0
2.273046903E1,1.628057212E-1,-1.277546024E1,2.645592928E0
2.273245267E1,8.858546615E-2,-1.291911221E1,2.669534922E0
2.273443632E1,3.830722719E-2,-1.306276417E1,2.691082716E0
2.273638944E1,1.436521020E-2,-1.318247414E1,2.703053713E0
2.273837308E1,0.000000000E0,-1.326866627E1,2.729389906E0
2.274035673E1,1.197100803E-2,-1.333330917E1,2.789244890E0
2.274234037E1,5.027823523E-2,-1.337161636E1,2.880224705E0
2.274429349E1,9.576806426E-2,-1.338837624E1,3.016694069E0
2.274630766E1,1.340752989E-1,-1.338119316E1,3.193865061E0
2.274826078E1,1.628057212E-1,-1.335246277E1,3.392583847E0
2.275024442E1,1.675941199E-1,-1.329979038E1,3.608062029E0
2.275222806E1,1.484405100E-1,-1.324711800E1,3.828328609E0
2.275421171E1,1.197100878E-1,-1.320881081E1,4.043806553E0
2.275616483E1,9.097966552E-2,-1.318247414E1,4.252102375E0
2.275814848E1,5.985504389E-2,-1.319205093E1,4.441244125E0
2.276013212E1,1.915361360E-2,-1.324951267E1,4.608838081E0
2.276211576E1,-9.576806799E-3,-1.335485744E1,4.764461517E0
2.276403837E1,-4.309562966E-2,-1.350090313E1,4.896142483E0
2.276605253E1,-1.077390760E-1,-1.367568016E1,4.996698856E0
2.276800565E1,-2.011129409E-1,-1.388158131E1,5.073313236E0
2.276998930E1,-3.112462163E-1,-1.412100124E1,5.142745018E0
2.277194242E1,-4.213795066E-1,-1.438915253E1,5.188235283E0
2.277395658E1,-5.195417404E-1,-1.464293766E1,5.200206280E0
2.277587919E1,-6.105214357E-1,-1.487756920E1,5.200206280E0
2.277789335E1,-6.967126727E-1,-1.508347034E1,5.166687489E0
2.277984647E1,-7.733271718E-1,-1.526303577E1,5.073313236E0
2.278183012E1,-8.403648138E-1,-1.541865921E1,4.941632271E0
2.278381376E1,-8.954314590E-1,-1.554555130E1,4.793191910E0
2.278579740E1,-9.361328483E-1,-1.563413715E1,4.635174274E0
2.278772001E1,-9.720458984E-1,-1.566286755E1,4.489128113E0
2.278973417E1,-1.036689281E0,-1.564131927E1,4.335899353E0
2.279168729E1,-1.108515382E0,-1.557188797E1,4.146757126E0
2.279367094E1,-1.194706678E0,-1.545936012E1,3.943250179E0
2.279565458E1,-1.285686255E0,-1.530134296E1,3.768473387E0
2.279766874E1,-1.357512355E0,-1.512177753E1,3.639186621E0
2.279962186E1,-1.424550056E0,-1.492784786E1,3.531447411E0
2.280160551E1,-1.482010841E0,-1.471476364E1,3.447650433E0
2.280358915E1,-1.527500629E0,-1.448731422E1,3.380612850E0
2.280557279E1,-1.568202138E0,-1.424310589E1,3.313575268E0
2.280749540E1,-1.601720929E0,-1.399410915E1,3.220201254E0
2.280950956E1,-1.613691926E0,-1.374271774E1,3.100491285E0
2.281146268E1,-1.606509328E0,-1.348414421E1,2.952050686E0
2.281344633E1,-1.582567334E0,-1.323754120E1,2.760514498E0
2.281539945E1,-1.534683347E0,-1.300769806E1,2.542642117E0
2.281741361E1,-1.446097851E0,-1.279222012E1,2.324769735E0
2.281936674E1,-1.340752959E0,-1.258392429E1,2.114080191E0
2.282135038E1,-1.233013868E0,-1.237802315E1,1.905784607E0
2.282333402E1,-1.146822572E0,-1.216733265E1,1.687912226E0
2.282531766E1,-1.120486379E0,-1.196621990E1,1.414973259E0
2.282724027E1,-1.163581967E0,-1.177707863E1,1.070208192E0
2.282922391E1,-1.252167463E0,-1.159511852E1,6.895300746E-1
2.283120756E1,-1.362300754E0,-1.142273617E1,3.040636182E-1
2.283319120E1,-1.491587639E0,-1.127668953E1,-3.351882473E-2
2.283514432E1,-1.611297727E0,-1.116895103E1,-3.160346150E-1
2.283712797E1,-1.707065821E0,-1.108515358E1,-5.506663918E-1
2.283911161E1,-1.790862918E0,-1.102290440E1,-7.517793179E-1
2.284109525E1,-1.826775908E0,-1.097741508E1,-9.744400978E-1
2.284304838E1,-1.790862918E0,-1.097023201E1,-1.187524080E0
2.284506254E1,-1.754949808E0,-1.101332760E1,-1.321599364E0
2.284701566E1,-1.754949808E0,-1.108754826E1,-1.417367458E0
2.284896879E1,-1.800439715E0,-1.117613316E1,-1.517923832E0
2.285095243E1,-1.865083098E0,-1.125035381E1,-1.642422318E0
2.285293607E1,-1.922544003E0,-1.131499767E1,-1.771709204E0
2.285488920E1,-1.939303398E0,-1.138203526E1,-1.881842494E0
2.285687284E1,-1.915361404E0,-1.145386124E1,-1.980004787E0
2.285885648E1,-1.881842494E0,-1.153526402E1,-2.070984364E0
2.286084013E1,-1.862688899E0,-1.157117653E1,-2.111685991E0
2.286279325E1,-1.850717902E0,-1.164060879E1,-2.176329374E0
2.286480741E1,-1.915361404E0,-1.171004009E1,-2.257732153E0
2.286676054E1,-2.073378563E0,-1.177468395E1,-2.391807556E0
2.286871366E1,-2.264914751E0,-1.183453941E1,-2.530671120E0
2.287069730E1,-2.461239338E0,-1.188481712E1,-2.643198729E0
2.287271146E1,-2.652775526E0,-1.191354752E1,-2.731784105E0
2.287466459E1,-2.784456491E0,-1.191115379E1,-2.765302896E0
2.287667875E1,-2.813186884E0,-1.188002872E1,-2.779668093E0
2.287863187E1,-2.755726099E0,-1.181777954E1,-2.806004286E0
2.288064603E1,-2.592920542E0,-1.171961689E1,-2.813186884E0
2.288259916E1,-2.346317768E0,-1.159511852E1,-2.794033289E0
2.288458280E1,-2.104503393E0,-1.146822643E1,-2.772485495E0
2.288656644E1,-1.934514999E0,-1.133654499E1,-2.777273893E0
2.288855009E1,-1.714248419E0,-1.119049835E1,-2.801215887E0
2.289047269E1,-1.352723956E0,-1.102529907E1,-2.786850691E0
2.289248685E1,-9.385270476E-1,-1.086249352E1,-2.705447912E0
2.289443998E1,-5.530605912E-1,-1.071644688E1,-2.588132143E0
2.289642362E1,-1.580173075E-1,-1.056082344E1,-2.513911724E0
2.289837675E1,2.154781520E-1,-1.038604736E1,-2.542642117E0
2.290039091E1,5.578489900E-1,-1.018972206E1,-2.734178305E0
2.290231351E1,9.193734527E-1,-1.001015759E1,-2.952050686E0
2.290432767E1,1.218648672E0,-9.864110947E0,-3.040636063E0
2.290631132E1,1.355118155E0,-9.768342972E0,-3.007117271E0
2.290829496E1,1.458068848E0,-9.720458984E0,-2.889801502E0
2.291024808E1,1.740584612E0,-9.708487511E0,-2.724601507E0
2.291226224E1,2.183511972E0,-9.753977776E0,-2.580949545E0
2.291418485E1,2.628833532E0,-9.873687744E0,-2.442085743E0
2.291619901E1,2.784456491E0,-9.993397713E0,-2.142810583E0
2.291818266E1,2.621650934E0,-1.008916569E1,-1.637633920E0
2.292019682E1,2.300827742E0,-1.019451046E1,-1.170764685E0
2.292214994E1,2.025494576E0,-1.029985619E1,-8.547300100E-1
2.292413358E1,1.960851192E0,-1.043871975E1,-5.698199868E-1
2.292611723E1,2.087743998E0,-1.058237171E1,-2.418143749E-1
2.292810087E1,2.305616140E0,-1.070687008E1,1.005564705E-1
2.293008451E1,2.432508945E0,-1.087925243E1,3.950432837E-1
2.293206815E1,2.358288765E0,-1.108275986E1,6.033388376E-1
2.293405180E1,2.157175779E0,-1.121204662E1,7.541735172E-1
2.293603544E1,1.980004787E0,-1.124556541E1,9.265560508E-1
2.293801908E1,1.833958507E0,-1.122880554E1,1.142034173E0
2.294003324E1,1.666364431E0,-1.122162342E1,1.316810966E0
2.294198637E1,1.505952835E0,-1.127908421E1,1.412579060E0
2.294400053E1,1.412579060E0,-1.138682365E1,1.350329757E0
2.294595365E1,1.369483352E0,-1.149935055E1,1.223437071E0
2.294793729E1,1.321599364E0,-1.160469532E1,1.175553083E0
2.294992094E1,1.304839969E0,-1.167412758E1,1.156399369E0
2.295190458E1,1.364694953E0,-1.171722317E1,1.096544385E0
2.295385770E1,1.515529633E0,-1.173877048E1,9.385270476E-1
2.295584135E1,1.620874524E0,-1.172201157E1,7.110779285E-1
2.295782499E1,1.549048543E0,-1.169328117E1,5.219359994E-1
2.295980863E1,1.309628367E0,-1.166215611E1,4.309563041E-1
2.296176176E1,9.792284966E-1,-1.163821411E1,4.118026793E-1
2.296377592E1,5.961562395E-1,-1.164539719E1,4.022258818E-1
2.296572904E1,2.442085743E-1,-1.166215611E1,4.668693244E-1
2.296771268E1,-1.675941236E-2,-1.162624359E1,6.703764796E-1
2.296969633E1,-1.915361285E-1,-1.154484081E1,9.337386489E-1
2.297167997E1,-3.016694188E-1,-1.142991924E1,1.120486379E0
2.297363309E1,-3.591302633E-1,-1.130302620E1,1.139639974E0
2.297561674E1,-4.046200812E-1,-1.118570995E1,1.022324085E0
2.297760038E1,-4.692635238E-1,-1.106121159E1,8.595184088E-1
2.297955350E1,-5.291185975E-1,-1.090319443E1,7.038952708E-1
2.298153715E1,-5.865794420E-1,-1.071165848E1,5.865794420E-1
2.298355131E1,-6.584054828E-1,-1.053448772E1,4.884171486E-1
2.298550443E1,-6.607996821E-1,-1.034774017E1,3.711012602E-1
2.298748808E1,-6.392518282E-1,-1.017056847E1,2.705447972E-1
2.298947172E1,-6.129156351E-1,-9.991003990E0,2.011129409E-1
2.299145536E1,-5.722141862E-1,-9.806650162E0,1.316810995E-1
2.299337797E1,-6.224924326E-1,-9.662998199E0,4.070143029E-2
2.299539213E1,-7.158663273E-1,-9.536105156E0,-6.464344263E-2
2.299737577E1,-8.283938169E-1,-9.447520256E0,-1.987187415E-1
2.299935941E1,-9.193734527E-1,-9.402029991E0,-3.519476354E-1
2.300134306E1,-9.552865028E-1,-9.325415611E0,-4.860229492E-1
2.300335722E1,-9.935936928E-1,-9.241618156E0,-5.482721925E-1
2.300531034E1,-1.043871999E0,-9.145850182E0,-5.315127969E-1
2.300726346E1,-1.089361787E0,-9.040505409E0,-4.429273009E-1
2.300924711E1,-1.125274777E0,-8.937555313E0,-3.208230138E-1
2.301123075E1,-1.163581967E0,-8.832210541E0,-2.130839527E-1
2.301318388E1,-1.201889277E0,-8.722076416E0,-1.436520964E-1
2.301519804E1,-1.237802267E0,-8.635885239E0,-1.268926859E-1
2.301715116E1,-1.302445769E0,-8.571242332E0,-1.843535304E-1
2.301916532E1,-1.326387763E0,-8.547300339E0,-3.088520169E-1
2.302114896E1,-1.209071875E0,-8.535328865E0,-3.854664862E-1
2.302313261E1,-1.046266198E0,-8.501810074E0,-4.165911078E-1
2.302511625E1,-9.481038451E-1,-8.487444878E0,-4.477157295E-1
2.302709989E1,-8.906430602E-1,-8.504204750E0,-4.836287498E-1
2.302905302E1,-8.020575643E-1,-8.508993149E0,-5.267243981E-1
2.303106718E1,-6.991068721E-1,-8.516175270E0,-5.817909837E-1
2.303298978E1,-5.722141862E-1,-8.549694061E0,-6.320692301E-1
2.303500394E1,-4.453215301E-1,-8.607154846E0,-6.392518282E-1
2.303695707E1,-3.495534360E-1,-8.678980827E0,-6.392518282E-1
2.303894071E1,-2.825157940E-1,-8.738836288E0,-6.296750307E-1
2.304092435E1,-2.202665508E-1,-8.784325600E0,-6.248866320E-1
2.304290800E1,-1.891419291E-1,-8.796297073E0,-6.224924326E-1
2.304483060E1,-1.244984865E-1,-8.786720276E0,-6.224924326E-1
2.304684476E1,-7.182604820E-2,-8.767566681E0,-6.368576288E-1
2.304882841E1,-1.675941236E-2,-8.753201485E0,-6.392518282E-1
2.305081205E1,2.394201607E-2,-8.746018410E0,-6.464344859E-1
2.305276517E1,8.619125932E-2,-8.712499619E0,-6.895300746E-1
2.305474882E1,1.651999205E-1,-8.643068314E0,-7.422025204E-1
2.305673246E1,1.915361285E-1,-8.578424454E0,-7.733271718E-1
2.305868558E1,1.628057212E-1,-8.518569946E0,-7.326257229E-1
2.306066923E1,8.379705995E-2,-8.465897560E0,-6.153098345E-1
2.306268339E1,-1.915361360E-2,-8.403648376E0,-4.548983276E-1
2.306463651E1,-1.364694983E-1,-8.355764389E0,-2.777273953E-1
2.306662016E1,-2.346317619E-1,-8.293514252E0,-9.816227108E-2
2.306860380E1,-3.471592367E-1,-8.195352554E0,9.337386489E-2
2.307058744E1,-5.099649429E-1,-8.104372978E0,3.208230138E-1
2.307254056E1,-6.919242740E-1,-8.042123795E0,5.482721925E-1
2.307452421E1,-8.714894056E-1,-7.994239330E0,6.703764796E-1
2.307650785E1,-1.024718285E0,-7.929595947E0,6.823474765E-1
2.307846098E1,-1.146822572E0,-7.812280178E0,6.464344859E-1
2.308044462E1,-1.254561663E0,-7.663839817E0,6.057330370E-1
2.308245878E1,-1.338358760E0,-7.503427982E0,5.746083856E-1
2.308441190E1,-1.424550056E0,-7.350199223E0,5.482721925E-1
2.308639555E1,-1.527500629E0,-7.199364662E0,5.554547906E-1
2.308834867E1,-1.601720929E0,-7.024587631E0,5.865794420E-1
2.309036283E1,-1.651999116E0,-6.821080685E0,5.698199868E-1
2.309231596E1,-1.692700624E0,-6.584054470E0,4.908113480E-1
2.309433012E1,-1.733402014E0,-6.356605530E0,4.094084799E-1
2.309628324E1,-1.802833915E0,-6.165069580E0,3.327940404E-1
2.309826688E1,-1.889025092E0,-6.004657745E0,2.418143749E-1
2.310025053E1,-1.980004787E0,-5.829881191E0,1.292868853E-1
2.310223417E1,-2.097320795E0,-5.691017628E0,1.197100803E-2
2.310415678E1,-2.209848166E0,-5.552153587E0,-1.316810995E-1
2.310617094E1,-2.341529369E0,-5.430049419E0,-2.537853718E-1
2.310812406E1,-2.475604534E0,-5.324704647E0,-3.734954596E-1
2.311010770E1,-2.561795712E0,-5.200206280E0,-5.123591423E-1
2.311209135E1,-2.681505919E0,-5.121197224E0,-6.248866320E-1
2.311410551E1,-2.834734917E0,-5.092466831E0,-7.206547260E-1
2.311605863E1,-2.913743496E0,-5.042188644E0,-8.044517636E-1
2.311807279E1,-2.908955097E0,-4.941632271E0,-8.619126081E-1
2.312002592E1,-2.920926094E0,-4.855441093E0,-9.169792533E-1
2.312200956E1,-2.949656487E0,-4.795586109E0,-9.864110947E-1
2.312399320E1,-2.973598480E0,-4.733336926E0,-1.053448796E0
2.312597684E1,-3.019088268E0,-4.687847137E0,-1.113303781E0
2.312792997E1,-3.102885485E0,-4.692635536E0,-1.120486379E0
2.312994413E1,-3.205836058E0,-4.726154327E0,-1.106121182E0
2.313189725E1,-3.217807055E0,-4.704606533E0,-1.127668977E0
2.313388090E1,-3.193865061E0,-4.654327869E0,-1.201889277E0
2.313580350E1,-3.244143248E0,-4.642356873E0,-1.266532660E0
2.313781766E1,-3.335123062E0,-4.668693542E0,-1.292868972E0
2.313977079E1,-3.383007050E0,-4.692635536E0,-1.307234168E0
2.314175443E1,-3.402160645E0,-4.678270340E0,-1.309628367E0
2.314373808E1,-3.394978046E0,-4.642356873E0,-1.302445769E0
2.314572172E1,-3.411737442E0,-4.639962673E0,-1.276109457E0
2.314764432E1,-3.462015629E0,-4.675876141E0,-1.242590666E0
2.314965848E1,-3.519476414E0,-4.716577530E0,-1.209071875E0
2.315161161E1,-3.576937437E0,-4.759673119E0,-1.185129881E0
2.315359525E1,-3.610456228E0,-4.797980309E0,-1.165976286E0
2.315554838E1,-3.615244627E0,-4.802768707E0,-1.154005170E0
2.315756254E1,-3.715801001E0,-4.821922302E0,-1.146822572E0
2.315951566E1,-3.854664803E0,-4.857835293E0,-1.130063176E0
2.316149931E1,-3.840299606E0,-4.869806290E0,-1.108515382E0
2.316348295E1,-3.737348795E0,-4.860229492E0,-1.063025594E0
2.316543607E1,-3.643975019E0,-4.860229492E0,-1.010353088E0
2.316741972E1,-3.591302633E0,-4.891354084E0,-9.816226959E-1
2.316940336E1,-3.562572241E0,-4.934449673E0,-9.911994934E-1
2.317135648E1,-3.536235809E0,-4.932055473E0,-1.007958889E0
2.317334013E1,-3.500322819E0,-4.905719280E0,-1.015141487E0
2.317532377E1,-3.459621429E0,-4.891354084E0,-1.012747288E0
2.317730741E1,-3.435679436E0,-4.898536682E0,-1.007958889E0
2.317926054E1,-3.440467834E0,-4.929661274E0,-1.007958889E0
2.318127470E1,-3.473986626E0,-4.967968464E0,-1.010353088E0
2.318322782E1,-3.495534420E0,-5.003881454E0,-1.007958889E0
2.318521146E1,-3.502717018E0,-5.032611847E0,-9.911994934E-1
2.318719511E1,-3.493140221E0,-5.058948040E0,-9.720458984E-1
2.318917875E1,-3.452438831E0,-5.085284233E0,-9.481038451E-1
2.319113187E1,-3.430891037E0,-5.099649429E0,-9.361328483E-1
2.319311552E1,-3.385401249E0,-5.114014626E0,-9.169792533E-1
2.319509916E1,-3.330334663E0,-5.123591423E0,-8.954314590E-1
2.319708280E1,-3.270479441E0,-5.149928093E0,-8.690952063E-1
2.319903593E1,-3.236960649E0,-5.181052685E0,-8.451532125E-1
2.320105009E1,-3.210624456E0,-5.195417881E0,-8.116343617E-1
2.320300321E1,-3.162740469E0,-5.214571476E0,-7.709329724E-1
2.320498685E1,-3.093308687E0,-5.233725071E0,-7.254431248E-1
2.320697050E1,-3.021482468E0,-5.250484467E0,-6.727706790E-1
2.320895414E1,-2.942473888E0,-5.272032261E0,-6.200982332E-1
2.321090726E1,-2.834734917E0,-5.276820660E0,-5.602431893E-1
2.321292142E1,-2.698265314E0,-5.257667065E0,-4.668693244E-1
2.321487455E1,-2.530671120E0,-5.228936672E0,-3.375824392E-1
2.321685819E1,-2.360682964E0,-5.207388878E0,-1.867477298E-1
2.321881132E1,-2.205059767E0,-5.185841084E0,-3.830722719E-2
2.322082548E1,-2.063801765E0,-5.164293289E0,8.858546615E-2
2.322277860E1,-1.924938202E0,-5.154716492E0,1.939303428E-1
2.322479276E1,-1.781286120E0,-5.140350819E0,2.992752194E-1
2.322674589E1,-1.644816518E0,-5.142745018E0,4.165911078E-1
2.322872953E1,-1.513135433E0,-5.159504890E0,5.434837937E-1
2.323071317E1,-1.376665950E0,-5.190629482E0,6.919242740E-1
2.323272733E1,-1.240196466E0,-5.240907669E0,8.475474119E-1
2.323468046E1,-1.118092179E0,-5.322310448E0,1.027112484E0
2.323666410E1,-1.027112484E0,-5.449203014E0,1.233013868E0
2.323861723E1,-9.481038451E-1,-5.609614372E0,1.460463047E0
2.324063138E1,-8.667010069E-1,-5.805939198E0,1.687912226E0
2.324258451E1,-7.781155705E-1,-6.002263546E0,1.898601890E0
2.324459867E1,-6.703764796E-1,-6.193799973E0,2.092532396E0
2.324655180E1,-5.243301988E-1,-6.390124321E0,2.262520552E0
2.324853544E1,-3.687070608E-1,-6.586448669E0,2.420537949E0
2.325051908E1,-2.585737705E-1,-6.797138691E0,2.597708941E0
2.325253324E1,-1.508347094E-1,-6.998251438E0,2.786850691E0
2.325448637E1,-1.675941236E-2,-7.196970463E0,3.016694069E0
2.325647001E1,1.316810995E-1,-7.412448406E0,3.339911461E0
2.325845365E1,2.705447972E-1,-7.651868820E0,3.727771997E0
2.326043729E1,3.854664862E-1,-7.910442352E0,4.122815132E0
2.326239042E1,4.572925270E-1,-8.204929352E0,4.496310711E0
2.326440458E1,4.979939461E-1,-8.532935143E0,4.853046894E0
2.326635770E1,5.458779931E-1,-8.901641846E0,5.207388878E0
2.326837186E1,6.560112834E-1,-9.296685219E0,5.602431774E0
2.327029447E1,8.283938169E-1,-9.696516991E0,6.066906929E0
2.327230863E1,9.983820915E-1,-1.013465595E1,6.550535679E0
2.327429227E1,1.144428372E0,-1.063025570E1,7.019799232E0
2.327627592E1,1.316810966E0,-1.115937424E1,7.479485989E0
2.327825956E1,1.539471745E0,-1.169328117E1,7.927201748E0
2.328027372E1,1.793257117E0,-1.225831223E1,8.343792915E0
2.328222684E1,2.015917778E0,-1.288798809E1,8.712499619E0
2.328421049E1,2.240972757E0,-1.356794071E1,8.985439301E0
2.328619413E1,2.504334927E0,-1.426944256E1,9.165003777E0
2.328817777E1,2.849100113E0,-1.494221306E1,9.339780807E0
2.329013090E1,3.253720045E0,-1.560301208E1,9.574412346E0
2.329211454E1,3.701435804E0,-1.624705315E1,9.852140427E0
2.329409818E1,4.149151325E0,-1.688630486E1,1.022084713E1
2.329608182E1,4.513070107E0,-1.753752708E1,1.066137981E1
2.329803495E1,4.814739704E0,-1.818156815E1,1.118331623E1
2.330004911E1,5.104437828E0,-1.877293587E1,1.183214474E1
2.330200224E1,5.279214859E0,-1.931641960E1,1.259110641E1
2.330395536E1,5.408501625E0,-1.979765320E1,1.343386555E1
2.330593900E1,5.583278179E0,-2.015439034E1,1.430056667E1
2.330792264E1,5.758055210E0,-2.039381027E1,1.517444992E1
2.330987577E1,5.877765179E0,-2.054224968E1,1.604594040E1
2.331188993E1,6.004657745E0,-2.056140327E1,1.685996819E1
2.331384306E1,6.193799973E0,-2.041057014E1,1.751597977E1
2.331582670E1,6.399701118E0,-2.005622673E1,1.794454193E1
2.331781034E1,6.543353081E0,-1.953429222E1,1.809777069E1
2.331979398E1,6.576871872E0,-1.890701103E1,1.799481964E1
2.332171659E1,6.536170483E0,-1.823902893E1,1.767160225E1
2.332373075E1,6.414066315E0,-1.756147003E1,1.719036865E1
2.332568388E1,6.198588371E0,-1.688391113E1,1.653914452E1
2.332766752E1,5.868188381E0,-1.619677544E1,1.569399261E1
2.332965116E1,5.449203014E0,-1.549287891E1,1.473870564E1
2.333163480E1,4.970362663E0,-1.479616642E1,1.375708294E1
2.333358793E1,4.462791920E0,-1.411860752E1,1.277785492E1
2.333557157E1,3.940855980E0,-1.348174953E1,1.183214474E1
2.333752470E1,3.390189648E0,-1.288798809E1,1.090798283E1
2.333950834E1,2.794033289E0,-1.233732128E1,9.983820915E0
2.334149198E1,2.161964178E0,-1.183453941E1,9.045293808E0
2.334350614E1,1.501164436E0,-1.138203526E1,8.140285492E0
2.334545927E1,8.331822157E-1,-1.097741508E1,7.287950039E0
2.334744291E1,1.843535304E-1,-1.062067890E1,6.457161903E0
2.334942655E1,-4.477157295E-1,-1.029985619E1,5.669469833E0
2.335144071E1,-1.051054597E0,-1.000297451E1,4.948814869E0
2.335339384E1,-1.628057122E0,-9.739612579E0,4.304774761E0
2.335537748E1,-2.161964178E0,-9.497797966E0,3.775655985E0
2.335733060E1,-2.633621931E0,-9.277531624E0,3.356670856E0
2.335934476E1,-3.047818661E0,-9.066842079E0,3.014299870E0
2.336129789E1,-3.409343243E0,-8.848969460E0,2.719813108E0
2.336331205E1,-3.711012602E0,-8.616731644E0,2.446874142E0
2.336526517E1,-3.921702385E0,-8.377311707E0,2.159569979E0
2.336724882E1,-4.043806553E0,-8.125920296E0,1.819593310E0
2.336923246E1,-4.108449936E0,-7.864952564E0,1.391031146E0
2.337121610E1,-4.134786129E0,-7.735665798E0,1.142034173E0
2.337313871E1,-4.158728123E0,-7.501033783E0,6.033388376E-1
2.337515287E1,-4.141968727E0,-7.316680431E0,6.943184882E-2
2.337710599E1,-4.096478939E0,-7.196970463E0,-4.261679053E-1
2.337908964E1,-4.027047157E0,-7.170634270E0,-8.762778044E-1
2.338107328E1,-3.926490784E0,-7.237671852E0,-1.319205165E0
2.338308744E1,-3.842693806E0,-7.407660007E0,-1.805228114E0
2.338504056E1,-3.785232782E0,-7.692570210E0,-2.365471363E0
2.338702421E1,-3.754108191E0,-8.111555099E0,-3.059789658E0
2.338900785E1,-3.790021181E0,-8.623914719E0,-3.794809580E0
2.339099149E1,-3.876212597E0,-9.215282440E0,-4.491522312E0
2.339294462E1,-3.919308186E0,-9.825803757E0,-5.190629482E0
2.339492826E1,-3.842693806E0,-1.038365269E1,-5.872976780E0
2.339688138E1,-3.679888010E0,-1.090798283E1,-6.517016888E0
2.339886503E1,-3.514688015E0,-1.145386124E1,-7.127538681E0
2.340084867E1,-3.332728863E0,-1.198776817E1,-7.668628216E0
2.340286283E1,-3.167528868E0,-1.247618484E1,-8.090007782E0
2.340478544E1,-3.095702887E0,-1.295981407E1,-8.386888504E0
2.340679960E1,-3.129221678E0,-1.345062542E1,-8.542511940E0
2.340875272E1,-3.179499865E0,-1.387679291E1,-8.611943245E0
2.341073637E1,-3.184288263E0,-1.420240402E1,-8.607154846E0
2.341265897E1,-3.143586874E0,-1.442985344E1,-8.523358345E0
2.341467313E1,-3.035847664E0,-1.453040981E1,-8.331821442E0
2.341662626E1,-2.916137695E0,-1.452562141E1,-8.006210327E0
2.341860990E1,-2.832340717E0,-1.446576691E1,-7.603984833E0
2.342059354E1,-2.779668093E0,-1.435563374E1,-7.113173485E0
2.342257719E1,-2.741360903E0,-1.424550056E1,-6.526593685E0
2.342453031E1,-2.726995707E0,-1.411621284E1,-5.882553577E0
2.342654447E1,-2.746149302E0,-1.395580196E1,-5.212177277E0
2.342846708E1,-2.825158119E0,-1.379299641E1,-4.515464306E0
2.343048124E1,-2.954444885E0,-1.366370869E1,-3.737348795E0
2.343243436E1,-3.074155092E0,-1.355357552E1,-2.889801502E0
2.343441801E1,-3.160346270E0,-1.344583702E1,-2.030282974E0
2.343640165E1,-3.232172251E0,-1.332852077E1,-1.091755986E0
2.343838529E1,-3.292027235E0,-1.323275280E1,-4.548983276E-2
2.344030790E1,-3.258508444E0,-1.314656162E1,1.053448796E0
2.344232206E1,-3.088520288E0,-1.305079365E1,2.159569979E0
2.344430570E1,-2.813186884E0,-1.292629528E1,3.153163671E0
2.344628934E1,-2.444479942E0,-1.277546024E1,3.921702385E0
2.344821195E1,-1.968033791E0,-1.258152962E1,4.453215122E0
2.345022611E1,-1.414973259E0,-1.234450436E1,4.759673119E0
2.345220975E1,-8.451532125E-1,-1.210029507E1,4.891354084E0
2.345419340E1,-3.088520169E-1,-1.185848141E1,4.857835293E0
2.345617704E1,1.867477298E-1,-1.161187840E1,4.649539471E0
2.345819120E1,6.248866320E-1,-1.137006378E1,4.266467571E0
2.346014432E1,1.012747288E0,-1.110670185E1,3.773261786E0
2.346212797E1,1.343147159E0,-1.080263805E1,3.239354849E0
2.346411161E1,1.549048543E0,-1.048181534E1,2.681505919E0
2.346609525E1,1.568202138E0,-1.015620327E1,2.142810583E0
2.346804838E1,1.470039845E0,-9.816226959E0,1.637633920E0
2.347003202E1,1.340752959E0,-9.445125580E0,1.168370485E0
2.347201566E1,1.228225470E0,-9.050082207E0,7.517793179E-1
2.347396879E1,1.158793569E0,-8.631096840E0,3.615244627E-1
2.347595243E1,1.106121182E0,-8.216899872E0,-1.675941236E-2
2.347796659E1,1.029506683E0,-7.855375767E0,-3.112462163E-1
2.347991972E1,9.026140571E-1,-7.560888767E0,-5.937620401E-1
2.348190336E1,7.398083210E-1,-7.299921036E0,-9.433154464E-1
2.348385648E1,5.698199868E-1,-7.031770229E0,-1.335964561E0
2.348587064E1,3.926490843E-1,-6.737283707E0,-1.721431017E0
2.348782377E1,1.843535304E-1,-6.449979305E0,-2.073378563E0
2.348983793E1,-3.112462163E-2,-6.179434776E0,-2.396595955E0
2.349179105E1,-2.250549644E-1,-5.942408562E0,-2.657563925E0
2.349377470E1,-3.806780577E-1,-5.729324818E0,-2.817975283E0
2.349575834E1,-5.147533417E-1,-5.542576790E0,-2.930502892E0
2.349774198E1,-6.584054828E-1,-5.396530628E0,-3.004723072E0
2.349966459E1,-8.188169599E-1,-5.286397457E0,-3.021482468E0
2.350167875E1,-9.983820915E-1,-5.221754074E0,-3.031059265E0
2.350363187E1,-1.230619669E0,-5.212177277E0,-3.090914488E0
2.350564603E1,-1.503558636E0,-5.226542473E0,-3.232172251E0
2.350759916E1,-1.762132406E0,-5.262455463E0,-3.423708439E0
2.350958280E1,-1.977610588E0,-5.324704647E0,-3.593696833E0
2.351150541E1,-2.138022184E0,-5.422866821E0,-3.737348795E0
2.351351957E1,-2.264914751E0,-5.549759388E0,-3.897760391E0
2.351547269E1,-2.322375536E0,-5.628767967E0,-3.979163170E0
2.351745634E1,-2.492363930E0,-5.930437565E0,-4.199429989E0
2.351943998E1,-2.561795712E0,-6.050147533E0,-4.249708176E0
2.352142362E1,-2.715024710E0,-6.320692539E0,-4.326322556E0
2.352337675E1,-2.829946518E0,-6.627150536E0,-4.388571739E0
2.352539091E1,-2.901772499E0,-6.971915245E0,-4.424484730E0
2.352737455E1,-2.959233284E0,-7.338228226E0,-4.395754337E0
2.352935819E1,-2.966415882E0,-7.726089001E0,-4.295197964E0
2.353128080E1,-2.935291290E0,-8.121131897E0,-4.161122322E0
2.353329496E1,-2.863465309E0,-8.511386871E0,-4.029441357E0
2.353524808E1,-2.734178305E0,-8.894459724E0,-3.916913986E0
2.353723173E1,-2.533065319E0,-9.258378029E0,-3.787626982E0
2.353921537E1,-2.245761156E0,-9.636661530E0,-3.691859007E0
2.354119901E1,-1.927332401E0,-1.007480049E1,-3.622427225E0
2.354312162E1,-1.692700624E0,-1.052730465E1,-3.507505417E0
2.354513578E1,-1.489193439E0,-1.092713642E1,-3.359065056E0
2.354708891E1,-1.213860273E0,-1.128147888E1,-3.213018656E0
2.354907255E1,-8.259995580E-1,-1.158793640E1,-3.117250681E0
2.355099516E1,-3.639186621E-1,-1.183932781E1,-3.081337690E0
2.355300932E1,1.149216816E-1,-1.203325748E1,-3.052607059E0
2.355493192E1,5.506663918E-1,-1.215296745E1,-3.004723072E0
2.355694608E1,8.451532125E-1,-1.220324612E1,-2.937685490E0
2.355892973E1,1.041477680E0,-1.219127464E1,-2.844311714E0
2.356088285E1,1.192312479E0,-1.213142014E1,-2.683900118E0
2.356286649E1,1.335964561E0,-1.205001736E1,-2.439691544E0
2.356485014E1,1.503558636E0,-1.193988419E1,-2.109291792E0
2.356680326E1,1.690306425E0,-1.182735634E1,-1.685518026E0
2.356878690E1,1.910573006E0,-1.171004009E1,-1.213860273E0
2.357077055E1,2.176329374E0,-1.157596493E1,-7.469909191E-1
2.357272367E1,2.480392933E0,-1.142513084E1,-3.160346150E-1
2.357470731E1,2.784456491E0,-1.126950741E1,5.267243832E-2
2.357672147E1,3.081337690E0,-1.114022064E1,3.639186621E-1
2.357867460E1,3.383007050E0,-1.102529907E1,6.224924326E-1
2.358065824E1,3.682282209E0,-1.090558910E1,8.307880163E-1
2.358264188E1,3.938461781E0,-1.078348446E1,9.983820915E-1
2.358462553E1,4.139574528E0,-1.065419769E1,1.146822572E0
2.358654813E1,4.323928356E0,-1.051772785E1,1.276109457E0
2.358856229E1,4.493916512E0,-1.038844109E1,1.367089152E0
2.359054594E1,4.632780075E0,-1.027830791E1,1.443703651E0
2.359256010E1,4.740519524E0,-1.016099167E1,1.537077546E0
2.359451322E1,4.783615112E0,-1.005085850E1,1.630451322E0
2.359652738E1,4.764461517E0,-9.962273598E0,1.714248419E0
2.359848051E1,4.735731125E0,-9.876082420E0,1.766920805E0
2.360046415E1,4.733336926E0,-9.785101891E0,1.771709204E0
2.360244779E1,4.730942726E0,-9.706093788E0,1.769315004E0
2.360443143E1,4.695029736E0,-9.629479408E0,1.757344007E0
2.360638456E1,4.635174274E0,-9.543288231E0,1.740584612E0
2.360836820E1,4.510675907E0,-9.485827446E0,1.762132406E0
2.361035184E1,4.271255970E0,-9.483432770E0,1.865083098E0
2.361233549E1,3.931279182E0,-9.521739960E0,2.025494576E0
2.361425809E1,3.488351822E0,-9.603142738E0,2.212242365E0
2.361627225E1,3.028665066E0,-9.725247383E0,2.379836559E0
2.361822538E1,2.604891539E0,-9.849745750E0,2.506729126E0
2.362020902E1,2.221819162E0,-9.976638794E0,2.633621931E0
2.362213163E1,1.874659896E0,-1.010353088E1,2.825158119E0
2.362414579E1,1.549048543E0,-1.020408726E1,3.062183857E0
2.362609891E1,1.163581967E0,-1.030703831E1,3.236960649E0
2.362808256E1,6.655880809E-1,-1.044350815E1,3.311181068E0
2.363000516E1,4.788403213E-2,-1.059673691E1,3.361459255E0
2.363201932E1,-6.536170840E-1,-1.072362900E1,3.356670856E0
2.363394193E1,-1.316810966E0,-1.079545593E1,3.287238836E0
2.363595609E1,-1.817199111E0,-1.080503273E1,3.162740469E0
2.363793974E1,-2.123656988E0,-1.077390766E1,3.043030262E0
2.363992338E1,-2.315192938E0,-1.073560047E1,2.980781078E0
2.364187650E1,-2.451662540E0,-1.069729328E1,2.978386879E0
2.364389066E1,-2.557007313E0,-1.065180302E1,3.007117271E0
2.364587431E1,-2.669534922E0,-1.058476543E1,3.047818661E0
2.364785795E1,-2.801215887E0,-1.052491093E1,3.057395458E0
2.364978056E1,-2.964021683E0,-1.050575733E1,3.021482468E0
2.365179472E1,-3.177105665E0,-1.051772785E1,2.904166698E0
2.365374784E1,-3.301604033E0,-1.052012253E1,2.798821688E0
2.365573148E1,-3.550601006E0,-1.049857426E1,2.518700123E0
2.365771513E1,-3.694253206E0,-1.044350815E1,2.176329374E0
2.365969877E1,-3.655946016E0,-1.034055710E1,1.721431017E0
2.366165189E1,-3.514688015E0,-1.020169353E1,1.295263171E0
2.366363554E1,-3.394978046E0,-1.003409958E1,1.089361787E0
2.366561918E1,-3.313575268E0,-9.847352028E0,1.101332784E0
2.366763334E1,-3.205836058E0,-9.684545517E0,1.225831270E0
2.366958646E1,-3.040636063E0,-9.564835548E0,1.386242747E0
2.367157011E1,-2.863465309E0,-9.483432770E0,1.556231141E0
2.367355375E1,-2.695871115E0,-9.457097054E0,1.740584612E0
2.367553739E1,-2.489969730E0,-9.481039047E0,1.903390408E0
2.367749052E1,-2.229001760E0,-9.516951561E0,2.027888775E0
2.367950468E1,-1.934514999E0,-9.528923035E0,2.092532396E0
2.368145780E1,-1.647210717E0,-9.500192642E0,2.044648170E0
2.368344144E1,-1.381454349E0,-9.435548782E0,1.891419291E0
2.368542509E1,-1.139639974E0,-9.366117477E0,1.675941229E0
2.368743925E1,-9.169792533E-1,-9.308655739E0,1.426944256E0
2.368939237E1,-6.991068721E-1,-9.272743225E0,1.185129881E0
2.369137601E1,-4.764461517E-1,-9.234436035E0,9.792284966E-1
2.369335966E1,-2.537853718E-1,-9.186552048E0,7.900865674E-1
2.369534330E1,-3.112462163E-2,-9.155426979E0,6.248866320E-1
2.369729642E1,1.987187415E-1,-9.129091263E0,4.884171486E-1
2.369931058E1,4.309563041E-1,-9.107542992E0,3.854664862E-1
2.370126371E1,6.703764796E-1,-9.090784073E0,3.064578176E-1
2.370324735E1,9.169792533E-1,-9.076418877E0,2.011129409E-1
2.370523099E1,1.149216771E0,-9.064447403E0,6.224924326E-2
2.370724516E1,1.345541358E0,-9.064447403E0,-1.005564705E-1
2.370919828E1,1.508347034E0,-9.074024200E0,-2.801215947E-1
2.371121244E1,1.637633920E0,-9.074024200E0,-4.740519226E-1
2.371316556E1,1.726219416E0,-9.078812599E0,-6.655880809E-1
2.371514921E1,1.786074519E0,-9.095572472E0,-8.595184088E-1
2.371713285E1,1.824381709E0,-9.112331390E0,-1.051054597E0
2.371911649E1,1.853112102E0,-9.117119789E0,-1.259350061E0
2.372106962E1,1.853112102E0,-9.119514465E0,-1.441309452E0
2.372308378E1,1.829170108E0,-9.117119789E0,-1.589749932E0
2.372503690E1,1.795651317E0,-9.129091263E0,-1.704671621E0
2.372702055E1,1.759738207E0,-9.145850182E0,-1.786074519E0
2.372897367E1,1.721431017E0,-9.169792175E0,-1.829170108E0
2.373098783E1,1.656787634E0,-9.188945770E0,-1.860294700E0
2.373294096E1,1.580173135E0,-9.200917244E0,-1.900996208E0
2.373492460E1,1.501164436E0,-9.193734169E0,-1.948880196E0
2.373690824E1,1.398213744E0,-9.186552048E0,-1.999158382E0
2.373889188E1,1.278503656E0,-9.165003777E0,-2.056619167E0
2.374081449E1,1.154005170E0,-9.136273384E0,-2.097320795E0
2.374282865E1,1.024718285E0,-9.117119789E0,-2.123656988E0
2.374478178E1,8.882488012E-1,-9.097966194E0,-2.149993181E0
2.374676542E1,7.541735172E-1,-9.069235802E0,-2.171540976E0
2.374871854E1,6.129156351E-1,-9.047688484E0,-2.173935175E0
2.375073270E1,4.836287498E-1,-9.035717010E0,-2.161964178E0
2.375268583E1,3.471592367E-1,-9.023746490E0,-2.147598982E0
2.375466947E1,2.106897533E-1,-9.006986618E0,-2.133233786E0
2.375665311E1,7.661445439E-2,-8.987833023E0,-2.106897593E0
2.375863676E1,-4.070143029E-2,-8.983044624E0,-2.087743998E0
2.376058988E1,-1.412578970E-1,-8.985439301E0,-2.080561161E0
2.376260404E1,-2.274491638E-1,-8.985439301E0,-2.080561161E0
2.376455717E1,-3.064578176E-1,-8.973467827E0,-2.075772762E0
2.376657133E1,-3.830722570E-1,-8.966285706E0,-2.070984364E0
2.376852445E1,-4.596867263E-1,-8.959102631E0,-2.070984364E0
2.377053861E1,-5.147533417E-1,-8.947132111E0,-2.066195965E0
2.377246122E1,-5.506663918E-1,-8.932766914E0,-2.051830769E0
2.377447538E1,-5.626373887E-1,-8.920795441E0,-2.039859772E0
2.377645902E1,-5.793967843E-1,-8.913613319E0,-2.025494576E0
2.377844266E1,-5.865794420E-1,-8.899248123E0,-2.003946781E0
2.378039579E1,-6.033388376E-1,-8.875306129E0,-1.980004787E0
2.378240995E1,-6.129156351E-1,-8.865729332E0,-1.956062794E0
2.378436308E1,-6.129156351E-1,-8.863334656E0,-1.946485996E0
2.378634672E1,-6.177040339E-1,-8.863334656E0,-1.944091797E0
2.378829984E1,-6.033388376E-1,-8.851364136E0,-1.929726601E0
2.379031400E1,-5.793967843E-1,-8.822632790E0,-1.900996208E0
2.379226713E1,-5.530605912E-1,-8.793902397E0,-1.867477298E0
2.379425077E1,-5.171475410E-1,-8.772355080E0,-1.829170108E0
2.379623441E1,-4.764461517E-1,-8.748413086E0,-1.786074519E0
2.379821806E1,-4.333505034E-1,-8.724471092E0,-1.738190413E0
2.380017118E1,-3.878606856E-1,-8.705317497E0,-1.697489023E0
2.380218534E1,-3.423708379E-1,-8.681375504E0,-1.659181833E0
2.380413846E1,-2.968810201E-1,-8.657433510E0,-1.625662923E0
2.380612211E1,-2.442085743E-1,-8.631096840E0,-1.592144132E0
2.380810575E1,-2.011129409E-1,-8.621520042E0,-1.549048543E0
2.381008939E1,-1.771709323E-1,-8.640673637E0,-1.503558636E0
2.381207304E1,-1.675941199E-1,-8.667010307E0,-1.438915253E0
2.381408720E1,-1.532289088E-1,-8.705317497E0,-1.364694953E0
2.381604032E1,-1.316810995E-1,-8.743624687E0,-1.280897856E0
2.381802396E1,-1.221042871E-1,-8.774748802E0,-1.230619669E0
2.382000761E1,-1.340752989E-1,-8.817844391E0,-1.197100878E0
2.382199125E1,-1.436520964E-1,-8.882488251E0,-1.165976286E0
2.382391386E1,-1.412578970E-1,-8.947132111E0,-1.142034173E0
2.382592802E1,-1.580173075E-1,-9.014169693E0,-1.120486379E0
2.382788114E1,-1.843535304E-1,-9.088389397E0,-1.098938584E0
2.382986478E1,-2.035071403E-1,-9.165003777E0,-1.084573388E0
2.383184843E1,-2.106897533E-1,-9.222464561E0,-1.074996591E0
2.383383207E1,-2.130839527E-1,-9.253589630E0,-1.079784989E0
2.383581571E1,-2.226607651E-1,-9.323021889E0,-1.106121182E0
2.383776884E1,-2.537853718E-1,-9.409213066E0,-1.146822572E0
2.383975248E1,-2.873041928E-1,-9.514557838E0,-1.187524080E0
2.384173612E1,-3.088520169E-1,-9.610325813E0,-1.218648672E0
2.384368925E1,-3.327940404E-1,-9.701305389E0,-1.244984865E0
2.384567289E1,-3.711012602E-1,-9.801861763E0,-1.273715258E0
2.384765653E1,-4.141969085E-1,-9.902418137E0,-1.295263171E0
2.384960966E1,-4.548983276E-1,-9.995792389E0,-1.309628367E0
2.385159330E1,-4.836287498E-1,-1.008677197E1,-1.316810966E0
2.385360746E1,-5.027823448E-1,-1.016578007E1,-1.309628367E0
2.385556058E1,-5.051765442E-1,-1.023281765E1,-1.297657371E0
2.385754423E1,-5.123591423E-1,-1.029746151E1,-1.297657371E0
2.385952787E1,-5.195417404E-1,-1.035252857E1,-1.297657371E0
2.386151151E1,-5.363011956E-1,-1.040041256E1,-1.290474772E0
2.386346464E1,-5.530605912E-1,-1.045308495E1,-1.276109457E0
2.386544828E1,-5.626373887E-1,-1.050336266E1,-1.252167463E0
2.386743192E1,-5.626373887E-1,-1.052969933E1,-1.218648672E0
2.386944608E1,-5.554547906E-1,-1.055364132E1,-1.180341482E0
2.387139921E1,-5.482721925E-1,-1.057040024E1,-1.142034173E0
2.387341337E1,-5.458779931E-1,-1.059194851E1,-1.074996591E0
2.387536649E1,-5.458779931E-1,-1.061828423E1,-9.935936928E-1
2.387731962E1,-5.482721925E-1,-1.063504410E1,-9.097966552E-1
2.387930326E1,-5.602431893E-1,-1.063983250E1,-8.236053586E-1
2.388128690E1,-5.602431893E-1,-1.063983250E1,-7.326257229E-1
2.388324003E1,-5.554547906E-1,-1.063264942E1,-6.464344859E-1
2.388522367E1,-5.506663918E-1,-1.061828423E1,-5.626373887E-1
2.388720731E1,-5.458779931E-1,-1.059434223E1,-4.908113480E-1
2.388919096E1,-5.267243981E-1,-1.056561184E1,-4.165911078E-1
2.389114408E1,-4.955997467E-1,-1.054166985E1,-3.471592367E-1
2.389315824E1,-4.501099288E-1,-1.051533413E1,-2.849099934E-1
2.389511137E1,-3.950432837E-1,-1.048181534E1,-2.274491638E-1
2.389709501E1,-3.399766386E-1,-1.044590187E1,-1.819593310E-1
2.389907865E1,-2.777273953E-1,-1.041956615E1,-1.484405100E-1
2.390106229E1,-2.130839527E-1,-1.040520096E1,-1.340752989E-1
2.390301542E1,-1.364694983E-1,-1.038844109E1,-1.388636976E-1
2.390499906E1,-5.027823523E-2,-1.036928749E1,-1.412578970E-1
2.390692167E1,2.394201607E-2,-1.035971069E1,-1.460463107E-1
2.390893583E1,9.097966552E-2,-1.033576870E1,-1.675941199E-1
2.391088895E1,1.675941199E-1,-1.029746151E1,-2.154781520E-1
2.391287260E1,2.705447972E-1,-1.025197124E1,-2.729389966E-1
2.391485624E1,3.734954596E-1,-1.020169353E1,-3.399766386E-1
2.391683988E1,4.501099288E-1,-1.015859795E1,-4.070142806E-1
2.391882352E1,5.051765442E-1,-1.013704967E1,-4.692635238E-1
2.392080717E1,5.458779931E-1,-1.012507915E1,-5.315127969E-1
2.392279081E1,5.937620401E-1,-1.010831928E1,-5.841852427E-1
2.392477445E1,6.320692301E-1,-1.008437729E1,-6.416460276E-1
2.392672758E1,6.368576288E-1,-1.005564690E1,-7.661445141E-1
2.392871122E1,6.344634295E-1,-1.001015759E1,-9.074024558E-1
2.393066434E1,6.440402865E-1,-9.935936928E0,-9.744400978E-1
2.393264799E1,6.512228847E-1,-9.861717224E0,-9.528923035E-1
2.393463163E1,6.392518282E-1,-9.818621635E0,-9.074024558E-1
2.393661527E1,6.057330370E-1,-9.797073364E0,-8.499416113E-1
2.393856840E1,5.602431893E-1,-9.797073364E0,-7.685387731E-1
2.394058256E1,5.171475410E-1,-9.818621635E0,-6.655880809E-1
2.394256620E1,4.740519226E-1,-9.844957352E0,-5.722141862E-1
2.394454984E1,4.261679053E-1,-9.868899345E0,-4.812345505E-1
2.394647245E1,4.046200812E-1,-9.900024414E0,-4.046200812E-1
2.394848661E1,3.926490843E-1,-9.923966408E0,-3.447650373E-1
2.395043974E1,3.806780577E-1,-9.938331604E0,-2.944868207E-1
2.395242338E1,3.854664862E-1,-9.974244118E0,-2.609679997E-1
2.395440702E1,4.189853072E-1,-1.001255131E1,-2.537853718E-1
2.395639066E1,4.764461517E-1,-1.005085850E1,-2.681505978E-1
2.395831327E1,5.434837937E-1,-1.009634876E1,-3.088520169E-1
2.396032743E1,6.296750307E-1,-1.014902115E1,-3.806780577E-1
2.396228056E1,7.445967197E-1,-1.021845245E1,-4.908113480E-1
2.396426420E1,8.714894056E-1,-1.029506683E1,-6.272808313E-1
2.396621732E1,9.935936928E-1,-1.038365269E1,-7.589619160E-1
2.396823148E1,1.120486379E0,-1.047223854E1,-8.762778044E-1
2.397018461E1,1.252167463E0,-1.056321812E1,-9.816226959E-1
2.397216825E1,1.395819545E0,-1.065180302E1,-1.079784989E0
2.397415189E1,1.534683347E0,-1.073560047E1,-1.156399369E0
2.397613554E1,1.666364431E0,-1.080742645E1,-1.233013868E0
2.397805814E1,1.728613615E0,-1.084094524E1,-1.264138460E0
2.398007230E1,1.831564307E0,-1.091755962E1,-1.292868972E0
2.398205595E1,1.924938202E0,-1.100375080E1,-1.300051570E0
2.398403959E1,2.006340981E0,-1.108754826E1,-1.297657371E0
2.398599271E1,2.075772762E0,-1.117613316E1,-1.292868972E0
2.398797636E1,2.147598982E0,-1.128147888E1,-1.271321058E0
2.398992948E1,2.190694571E0,-1.139400578E1,-1.216254473E0
2.399191312E1,2.197877169E0,-1.152329254E1,-1.149216771E0
2.399389677E1,2.188300371E0,-1.165736771E1,-1.077390790E0
2.399588041E1,2.157175779E0,-1.180102062E1,-9.888052940E-1
2.399780302E1,2.102109194E0,-1.194467258E1,-8.810662031E-1
2.399981718E1,2.035071373E0,-1.209311295E1,-7.469909191E-1
2.400177030E1,1.941697598E0,-1.223197651E1,-6.129156351E-1
2.400375394E1,1.821987510E0,-1.235408115E1,-4.692635238E-1
2.400573759E1,1.675941229E0,-1.247857952E1,-3.016694188E-1
2.400772123E1,1.501164436E0,-1.259589481E1,-1.173158810E-1
2.400967435E1,1.307234168E0,-1.269645119E1,8.619125932E-2
2.401168851E1,1.089361787E0,-1.278503704E1,2.968810201E-1
2.401364164E1,8.451532125E-1,-1.287601662E1,5.171475410E-1
2.401562528E1,5.961562395E-1,-1.294544888E1,7.422025204E-1
2.401760892E1,3.495534360E-1,-1.300530338E1,9.792284966E-1
2.401959257E1,1.197100878E-1,-1.305079365E1,1.209071875E0
2.402151517E1,-1.077390760E-1,-1.309388924E1,1.434126854E0
2.402352933E1,-3.160346150E-1,-1.313459015E1,1.635239720E0
2.402551298E1,-4.908113480E-1,-1.315613842E1,1.829170108E0
2.402749662E1,-6.368576288E-1,-1.317050362E1,2.027888775E0
2.402948026E1,-7.517793179E-1,-1.316810894E1,2.200271368E0
2.403149442E1,-8.619126081E-1,-1.314656162E1,2.363077164E0
2.403344755E1,-9.552865028E-1,-1.312022495E1,2.523488522E0
2.403540067E1,-1.024718285E0,-1.309149456E1,2.669534922E0
2.403738432E1,-1.065419793E0,-1.305318737E1,2.803610086E0
2.403936796E1,-1.094150186E0,-1.299812126E1,2.920926094E0
2.404135160E1,-1.120486379E0,-1.295023727E1,3.021482468E0
2.404333524E1,-1.142034173E0,-1.291671848E1,3.112462282E0
2.404531888E1,-1.161187768E0,-1.289756489E1,3.196259260E0
2.404727201E1,-1.192312479E0,-1.290235329E1,3.268085241E0
2.404925565E1,-1.242590666E0,-1.293347740E1,3.320757866E0
2.405126981E1,-1.304839969E0,-1.299093819E1,3.361459255E0
2.405322294E1,-1.369483352E0,-1.306515884E1,3.397372246E0
2.405517606E1,-1.441309452E0,-1.316092682E1,3.430891037E0
2.405715970E1,-1.520318031E0,-1.326387787E1,3.469198227E0
2.405914335E1,-1.606509328E0,-1.336203957E1,3.505111217E0
2.406109647E1,-1.687912226E0,-1.345541382E1,3.536235809E0
2.406308012E1,-1.759738207E0,-1.354639339E1,3.567360640E0
2.406506376E1,-1.824381709E0,-1.363976669E1,3.627215624E0
2.406704740E1,-1.881842494E0,-1.373553562E1,3.694253206E0
2.406900053E1,-1.910573006E0,-1.383609200E1,3.770867586E0
2.407101469E1,-1.896207690E0,-1.392228317E1,3.866635799E0
2.407296781E1,-1.872265697E0,-1.398932076E1,3.943250179E0
2.407495145E1,-1.857900500E0,-1.404438686E1,3.983951569E0
2.407693510E1,-1.860294700E0,-1.409945393E1,3.991134167E0
2.407891874E1,-1.872265697E0,-1.415452003E1,3.976768970E0
2.408087186E1,-1.893813491E0,-1.421676922E1,3.940855980E0
2.408285551E1,-1.920149803E0,-1.425986576E1,3.883395195E0
2.408483915E1,-1.948880196E0,-1.426465416E1,3.806780815E0
2.408679227E1,-1.987187386E0,-1.423113537E1,3.713406801E0
2.408877592E1,-2.059013367E0,-1.418325043E1,3.591302633E0
2.409079008E1,-2.173935175E0,-1.412578964E1,3.426102638E0
2.409274320E1,-2.317587137E0,-1.405396366E1,3.251325846E0
2.409472684E1,-2.470816135E0,-1.395340729E1,3.105279684E0
2.409671049E1,-2.633621931E0,-1.381215000E1,2.980781078E0
2.409869413E1,-2.791639090E0,-1.363018990E1,2.885013103E0
2.410064725E1,-2.937685490E0,-1.341471195E1,2.834734917E0
2.410263090E1,-3.088520288E0,-1.317289734E1,2.837129116E0
2.410461454E1,-3.256114244E0,-1.291671848E1,2.877830505E0
2.410659818E1,-3.445256233E0,-1.264138508E1,2.937685490E0
2.410855131E1,-3.622427225E0,-1.236126328E1,3.014299870E0
2.411056547E1,-3.778050184E0,-1.207395935E1,3.076549292E0
2.411251859E1,-3.914519787E0,-1.179383755E1,3.102885485E0
2.411450224E1,-4.046200752E0,-1.155202293E1,3.095702887E0
2.411642484E1,-4.170699596E0,-1.135330486E1,3.035847664E0
2.411843900E1,-4.278438568E0,-1.116895103E1,2.892195702E0
2.412039213E1,-4.357447147E0,-1.100375080E1,2.681505919E0
2.412240629E1,-4.390965939E0,-1.085531044E1,2.451662540E0
2.412435941E1,-4.371812344E0,-1.073320580E1,2.243366957E0
2.412637357E1,-4.319139957E0,-1.063743782E1,2.032677174E0
2.412832670E1,-4.278438568E0,-1.059434223E1,1.912967205E0
2.413031034E1,-4.106055737E0,-1.049618053E1,1.522712231E0
2.413229398E1,-4.036623955E0,-1.047702694E1,1.386242747E0
2.413427763E1,-3.895366192E0,-1.044111347E1,1.106121182E0
2.413620023E1,-3.737348795E0,-1.040041256E1,8.403648138E-1
2.413821439E1,-3.564966440E0,-1.037886429E1,5.913678408E-1
2.414016752E1,-3.371036053E0,-1.036928749E1,3.687070608E-1
2.414215116E1,-3.160346270E0,-1.036928749E1,1.699883193E-1
2.414410428E1,-2.932897091E0,-1.037407589E1,-9.576806799E-3
2.414611845E1,-2.681505919E0,-1.037647057E1,-1.987187415E-1
2.414807157E1,-2.430114746E0,-1.037647057E1,-4.285621047E-1
2.415005521E1,-2.161964178E0,-1.037886429E1,-7.158663273E-1
2.415203886E1,-1.898601890E0,-1.038365269E1,-1.012747288E0
2.415402250E1,-1.659181833E0,-1.039083576E1,-1.295263171E0
2.415597562E1,-1.453280449E0,-1.039083576E1,-1.587355733E0
2.415798978E1,-1.280897856E0,-1.039083576E1,-1.884236693E0
2.415994291E1,-1.146822572E0,-1.038844109E1,-2.173935175E0
2.416195707E1,-1.005564690E0,-1.036689377E1,-2.403778553E0
2.416391019E1,-8.499416113E-1,-1.032858658E1,-2.578555346E0
2.416592435E1,-7.781155705E-1,-1.031182671E1,-2.808398485E0
2.416784696E1,-7.852981687E-1,-1.029985619E1,-3.098097086E0
2.416986112E1,-7.541735172E-1,-1.028309631E1,-3.313575268E0
2.417184476E1,-6.392518282E-1,-1.025436592E1,-3.402160645E0
2.417379789E1,-4.405331016E-1,-1.018972206E1,-3.438073635E0
2.417578153E1,-9.816227108E-2,-1.007001209E1,-3.557783842E0
2.417779569E1,4.046200812E-1,-9.933543205E0,-3.780444384E0
2.417974882E1,9.074024558E-1,-9.789890289E0,-3.988739967E0
2.418176298E1,1.177947283E0,-9.619902611E0,-4.077325344E0
2.418371610E1,1.261744261E0,-9.454702377E0,-4.046200752E0
2.418573026E1,1.436521053E0,-9.351752281E0,-3.912125587E0
2.418765287E1,1.630451322E0,-9.279925346E0,-3.643975019E0
2.418966703E1,1.666364431E0,-9.176975250E0,-3.289633036E0
2.419165067E1,1.759738207E0,-9.050082207E0,-2.949656487E0
2.419363432E1,1.951274395E0,-8.937555313E0,-2.647987127E0
2.419558744E1,2.252943754E0,-8.880094528E0,-2.394201756E0
2.419760160E1,2.796427488E0,-8.880094528E0,-2.171540976E0
2.419952421E1,3.371036053E0,-8.963891029E0,-2.018311977E0
2.420153837E1,3.634398222E0,-9.050082207E0,-1.946485996E0
2.420352201E1,3.600879431E0,-9.105149269E0,-1.817199111E0
2.420550565E1,3.476380825E0,-9.138668060E0,-1.599326730E0
2.420748930E1,3.421314240E0,-9.167398453E0,-1.367089152E0
2.420950346E1,3.452438831E0,-9.186552048E0,-1.154005170E0
2.421145658E1,3.490746021E0,-9.229647636E0,-9.552865028E-1
2.421344022E1,3.452438831E0,-9.311050415E0,-8.044517636E-1
2.421542387E1,3.344699860E0,-9.378087997E0,-7.110779285E-1
2.421740751E1,3.220201254E0,-9.445125580E0,-5.961562395E-1
2.421936063E1,3.148375273E0,-9.548076630E0,-3.351882398E-1
2.422134428E1,3.265691042E0,-9.631873131E0,8.858546615E-2
2.422332792E1,3.517082214E0,-9.701305389E0,6.560112834E-1
2.422534208E1,3.653551817E0,-9.775525093E0,1.283292055E0
2.422729520E1,3.531447411E0,-9.849745750E0,1.833958507E0
2.422930936E1,3.229778051E0,-9.931148529E0,2.231395960E0
2.423126249E1,2.923320293E0,-9.993397713E0,2.468421936E0
2.423321561E1,2.657563925E0,-1.005085850E1,2.595314741E0
2.423519926E1,2.430114746E0,-1.011789608E1,2.691082716E0
2.423721342E1,2.260126352E0,-1.015141487E1,2.765302896E0
2.423916654E1,2.090138197E0,-1.017296314E1,2.791639090E0
2.424115018E1,1.963245392E0,-1.017056847E1,2.750937700E0
2.424313383E1,1.896207690E0,-1.014902115E1,2.640804529E0
2.424514799E1,1.857900500E0,-1.013465595E1,2.468421936E0
2.424707059E1,1.848323703E0,-1.012029076E1,2.284068346E0
2.424908475E1,1.860294700E0,-1.010592556E1,2.128445387E0
2.425103788E1,1.898601890E0,-1.007240677E1,1.999158382E0
2.425299100E1,1.977610588E0,-9.995792389E0,1.903390408E0
2.425497465E1,2.097320795E0,-9.890447617E0,1.848323703E0
2.425695829E1,2.209848166E0,-9.768342972E0,1.699883223E0
2.425891141E1,2.214636564E0,-9.682151794E0,1.400607944E0
2.426089506E1,2.066195965E0,-9.674968719E0,1.134851575E0
2.426287870E1,1.881842494E0,-9.694122314E0,1.127668977E0
2.426486234E1,1.695094824E0,-9.686940193E0,1.252167463E0
2.426681547E1,1.465251446E0,-9.679757118E0,1.295263171E0
2.426882963E1,1.237802267E0,-9.653421402E0,1.244984865E0
2.427078275E1,1.051054597E0,-9.612719536E0,1.189918280E0
2.427273588E1,8.714894056E-1,-9.588777542E0,1.125274777E0
2.427471952E1,6.799532771E-1,-9.586383820E0,1.034295082E0
2.427670316E1,4.453215301E-1,-9.612719536E0,9.145850539E-1
2.427862577E1,2.537853718E-1,-9.631873131E0,7.805097699E-1
2.428063993E1,1.699883193E-1,-9.603142738E0,6.320692301E-1
2.428262357E1,1.723825186E-1,-9.524134636E0,4.860229492E-1
2.428460722E1,2.059013397E-1,-9.423578262E0,3.280056417E-1
2.428659086E1,2.298433632E-1,-9.330204010E0,1.628057212E-1
2.428860502E1,1.987187415E-1,-9.263166428E0,1.197100803E-2
2.429055814E1,1.436520964E-1,-9.220070839E0,-1.197100878E-1
2.429254178E1,9.576806426E-2,-9.179368973E0,-2.442085743E-1
2.429452543E1,1.125274822E-1,-9.112331390E0,-3.854664862E-1
2.429650907E1,1.819593310E-1,-9.040505409E0,-5.003881454E-1
2.429846220E1,2.322375625E-1,-8.978256226E0,-5.865794420E-1
2.430044584E1,2.609679997E-1,-8.908824921E0,-6.847416759E-1
2.430236845E1,2.729389966E-1,-8.877699852E0,-7.350199223E-1
2.430438261E1,3.088520169E-1,-8.820239067E0,-8.092401624E-1
2.430633573E1,3.232172430E-1,-8.774748802E0,-8.427590132E-1
2.430831937E1,3.208230138E-1,-8.753201485E0,-8.786720037E-1
2.431030302E1,3.399766386E-1,-8.729259491E0,-8.906430602E-1
2.431231718E1,3.495534360E-1,-8.707711220E0,-8.499416113E-1
2.431427030E1,3.495534360E-1,-8.705317497E0,-7.733271718E-1
2.431625394E1,3.495534360E-1,-8.707711220E0,-6.799532771E-1
2.431823759E1,3.543418646E-1,-8.712499619E0,-5.722141862E-1
2.432025175E1,3.806780577E-1,-8.719682693E0,-4.333505034E-1
2.432220487E1,4.213795066E-1,-8.726864815E0,-2.729389966E-1
2.432418851E1,4.692635238E-1,-8.705317497E0,-1.005564705E-1
2.432614164E1,5.123591423E-1,-8.669404030E0,7.661445439E-2
2.432815580E1,5.195417404E-1,-8.628703117E0,2.633621991E-1
2.433010892E1,5.243301988E-1,-8.588001251E0,4.141969085E-1
2.433212308E1,5.315127969E-1,-8.583212852E0,5.123591423E-1
2.433407621E1,5.554547906E-1,-8.592789650E0,5.817909837E-1
2.433605985E1,5.937620401E-1,-8.566453934E0,6.703764796E-1
2.433804349E1,5.985504389E-1,-8.535328865E0,7.829039693E-1
2.434005766E1,5.650315881E-1,-8.525752068E0,9.169792533E-1
2.434201078E1,5.123591423E-1,-8.518569946E0,1.024718285E0
2.434399442E1,4.285621047E-1,-8.530540466E0,1.096544385E0
2.434594755E1,3.519476354E-1,-8.535328865E0,1.161187768E0
2.434796171E1,3.016694188E-1,-8.516175270E0,1.249773264E0
2.434991483E1,2.801215947E-1,-8.485051155E0,1.343147159E0
2.435192899E1,2.442085743E-1,-8.461109161E0,1.450886250E0
2.435388212E1,1.771709323E-1,-8.451532364E0,1.558625340E0
2.435586576E1,8.379705995E-2,-8.477868080E0,1.647210717E0
2.435784940E1,4.548983276E-2,-8.475474358E0,1.702277422E0
2.435986356E1,3.830722719E-2,-8.441955566E0,1.740584612E0
2.436181669E1,9.576806799E-3,-8.413225174E0,1.802833915E0
2.436380033E1,-2.633621916E-2,-8.396465302E0,1.881842494E0
2.436575346E1,-3.591302410E-2,-8.365341187E0,1.934514999E0
2.436776762E1,-2.154781483E-2,-8.336610794E0,1.958456993E0
2.436972074E1,-1.436521020E-2,-8.322244644E0,1.944091797E0
2.437173490E1,-4.070143029E-2,-8.305485725E0,1.905784607E0
2.437368803E1,-8.858546615E-2,-8.255207062E0,1.850717902E0
2.437567167E1,-1.388636976E-1,-8.204929352E0,1.778891921E0
2.437765531E1,-1.723825186E-1,-8.152256966E0,1.680729628E0
2.437966947E1,-2.489969730E-1,-8.133103371E0,1.561019540E0
2.438162260E1,-2.944868207E-1,-8.092401505E0,1.434126854E0
2.438360624E1,-3.232172430E-1,-8.049305916E0,1.278503656E0
2.438558988E1,-3.471592367E-1,-8.013393402E0,1.110909581E0
2.438757352E1,-3.663128614E-1,-7.943961143E0,9.600749016E-1
2.438952665E1,-3.926490843E-1,-7.855375767E0,8.283938169E-1
2.439154081E1,-4.501099288E-1,-7.769184589E0,6.871358752E-1
2.439349393E1,-5.147533417E-1,-7.668628216E0,5.315127969E-1
2.439547758E1,-6.081272364E-1,-7.589619160E0,3.758896589E-1
2.439746122E1,-6.967126727E-1,-7.532158375E0,2.298433632E-1
2.439944486E1,-7.469909191E-1,-7.477091789E0,7.422025502E-2
2.440136747E1,-8.116343617E-1,-7.429207802E0,-9.097966552E-2
2.440338163E1,-8.762778044E-1,-7.359776020E0,-2.394201756E-1
2.440533475E1,-9.193734527E-1,-7.261613846E0,-3.806780577E-1
2.440731840E1,-1.005564690E0,-7.168240070E0,-4.812345505E-1
2.440930204E1,-1.158793569E0,-7.082048416E0,-5.291185975E-1
2.441128568E1,-1.302445769E0,-6.981492043E0,-5.650315881E-1
2.441323881E1,-1.438915253E0,-6.902483463E0,-6.368576288E-1
2.441525297E1,-1.575384736E0,-6.854599476E0,-7.182605267E-1
2.441720609E1,-1.699883223E0,-6.813898087E0,-7.852981687E-1
2.441922025E1,-1.867477298E0,-6.797138691E0,-8.451532125E-1
2.442117338E1,-1.963245392E0,-6.742072105E0,-8.906430602E-1
2.442318754E1,-1.989581585E0,-6.653486729E0,-9.361328483E-1
2.442511014E1,-2.025494576E0,-6.574477673E0,-9.959878922E-1
2.442712431E1,-2.138022184E0,-6.524199486E0,-1.036689281E0
2.442910795E1,-2.293645144E0,-6.493074894E0,-1.039083481E0
2.443109159E1,-2.394201756E0,-6.438008308E0,-1.022324085E0
2.443301420E1,-2.432508945E0,-6.351817131E0,-9.935936928E-1
2.443502836E1,-2.480392933E0,-6.263231754E0,-9.409212470E-1
2.443698148E1,-2.571372509E0,-6.200982571E0,-8.523358107E-1
2.443896513E1,-2.700659513E0,-6.169857979E0,-7.278373241E-1
2.444091825E1,-2.829946518E0,-6.148310184E0,-5.841852427E-1
2.444293241E1,-2.899378300E0,-6.107608318E0,-4.668693244E-1
2.444485502E1,-2.889801502E0,-6.035782337E0,-3.663128614E-1
2.444686918E1,-2.832340717E0,-5.937620163E0,-2.729389966E-1
2.444885282E1,-2.806004286E0,-5.846640587E0,-1.987187415E-1
2.445083646E1,-2.870647907E0,-5.796362400E0,-1.388636976E-1
2.445275907E1,-2.983175278E0,-5.777208805E0,-5.506663769E-2
2.445477323E1,-3.083731890E0,-5.762843609E0,3.830722719E-2
2.445672636E1,-3.134010077E0,-5.746084213E0,1.244984865E-1
2.445871000E1,-3.105279684E0,-5.702988625E0,2.106897533E-1
2.446066312E1,-3.074155092E0,-5.664681435E0,3.016694188E-1
2.446267728E1,-3.066972494E0,-5.643133640E0,4.189853072E-1
2.446463041E1,-3.081337690E0,-5.626373768E0,5.434837937E-1
2.446661405E1,-3.105279684E0,-5.612008572E0,6.416460276E-1
2.446859769E1,-3.153163671E0,-5.602431774E0,7.038952708E-1
2.447058134E1,-3.205836058E0,-5.602431774E0,7.469909191E-1
2.447253446E1,-3.227383852E0,-5.604825974E0,7.757213712E-1
2.447454862E1,-3.244143248E0,-5.633556366E0,8.882488012E-1
2.447650175E1,-3.241749048E0,-5.652710438E0,9.289502501E-1
2.447851591E1,-3.222595453E0,-5.688623428E0,1.022324085E0
2.448046903E1,-3.165134668E0,-5.724536419E0,1.101332784E0
2.448248319E1,-3.098097086E0,-5.765237808E0,1.180341482E0
2.448443632E1,-3.023876667E0,-5.803544998E0,1.254561663E0
2.448641996E1,-2.940079689E0,-5.841852188E0,1.314416766E0
2.448840360E1,-2.841917515E0,-5.877765179E0,1.364694953E0
2.449038724E1,-2.729389906E0,-5.920860767E0,1.403002143E0
2.449234037E1,-2.621650934E0,-5.973533154E0,1.424550056E0
2.449435453E1,-2.518700123E0,-6.026205540E0,1.429338455E0
2.449627714E1,-2.410961151E0,-6.083666325E0,1.429338455E0
2.449829130E1,-2.310404539E0,-6.148310184E0,1.424550056E0
2.450027494E1,-2.229001760E0,-6.234501362E0,1.407790542E0
2.450228910E1,-2.149993181E0,-6.320692539E0,1.379060149E0
2.450424223E1,-2.059013367E0,-6.394912720E0,1.345541358E0
2.450625638E1,-1.972822189E0,-6.466738701E0,1.302445769E0
2.450820951E1,-1.881842494E0,-6.552929878E0,1.264138460E0
2.451019315E1,-1.814804912E0,-6.646304131E0,1.252167463E0
2.451217680E1,-1.764526606E0,-6.734889507E0,1.252167463E0
2.451416044E1,-1.714248419E0,-6.816292286E0,1.247379065E0
2.451608305E1,-1.668758631E0,-6.895300865E0,1.228225470E0
2.451809720E1,-1.606509328E0,-6.952761650E0,1.206677675E0
2.452008085E1,-1.532289028E0,-7.015010834E0,1.204283476E0
2.452209501E1,-1.472434044E0,-7.074865818E0,1.218648672E0
2.452404813E1,-1.441309452E0,-7.141903877E0,1.264138460E0
2.452606229E1,-1.405396342E0,-7.211335659E0,1.343147159E0
2.452801542E1,-1.347935557E0,-7.271190643E0,1.419761658E0
2.452999906E1,-1.261744261E0,-7.309497833E0,1.467645645E0
2.453198270E1,-1.154005170E0,-7.328651428E0,1.486799240E0
2.453396635E1,-1.041477680E0,-7.331045628E0,1.479616642E0
2.453591947E1,-9.528923035E-1,-7.328651428E0,1.443703651E0
2.453790311E1,-8.978256583E-1,-7.333439827E0,1.381454349E0
2.453988676E1,-8.786720037E-1,-7.364564419E0,1.304839969E0
2.454183988E1,-8.595184088E-1,-7.395689011E0,1.249773264E0
2.454382352E1,-8.403648138E-1,-7.400477409E0,1.237802267E0
2.454583768E1,-8.212111592E-1,-7.414842606E0,1.266532660E0
2.454779081E1,-7.948749661E-1,-7.448361397E0,1.338358760E0
2.454977445E1,-7.589619160E-1,-7.493851185E0,1.450886250E0
2.455175809E1,-7.422025204E-1,-7.541735172E0,1.532289028E0
2.455374174E1,-7.637503147E-1,-7.587224960E0,1.553836942E0
2.455566434E1,-7.661445141E-1,-7.623138428E0,1.601720929E0
2.455767850E1,-7.398083210E-1,-7.654263020E0,1.738190413E0
2.455966215E1,-7.086837292E-1,-7.692570210E0,1.936909199E0
2.456167631E1,-6.847416759E-1,-7.730877399E0,2.149993181E0
2.456362943E1,-6.536170840E-1,-7.778761387E0,2.396595955E0
2.456564359E1,-6.248866320E-1,-7.838616371E0,2.679111719E0
2.456759672E1,-5.937620401E-1,-7.905653954E0,2.966415882E0
2.456958036E1,-5.410895944E-1,-7.991845131E0,3.251325846E0
2.457156400E1,-4.596867263E-1,-8.085219383E0,3.552995205E0
2.457354764E1,-3.471592367E-1,-8.185775757E0,3.864241600E0
2.457550077E1,-2.130839527E-1,-8.295908928E0,4.165910721E0
2.457748441E1,-3.830722719E-2,-8.415618896E0,4.453215122E0
2.457946806E1,1.819593310E-1,-8.552088737E0,4.709394932E0
2.458148222E1,4.237737060E-1,-8.688557625E0,4.908113480E0
2.458340482E1,6.631938815E-1,-8.851364136E0,5.046977043E0
2.458541898E1,9.026140571E-1,-9.045293808E0,5.140350819E0
2.458737211E1,1.146822572E0,-9.270348549E0,5.212177277E0
2.458932523E1,1.386242747E0,-9.526528358E0,5.272032261E0
2.459130888E1,1.647210717E0,-9.792284966E0,5.312733650E0
2.459329252E1,1.912967205E0,-1.008198357E1,5.360617638E0
2.459524564E1,2.159569979E0,-1.041238308E1,5.418078423E0
2.459725980E1,2.379836559E0,-1.077630138E1,5.473145008E0
2.459921293E1,2.595314741E0,-1.116895103E1,5.537788391E0
2.460119657E1,2.817975283E0,-1.158793640E1,5.597643375E0
2.460318021E1,3.016694069E0,-1.203325748E1,5.645527840E0
2.460516386E1,3.189076662E0,-1.248576164E1,5.686229229E0
2.460708646E1,3.335123062E0,-1.294544888E1,5.760449409E0
2.460910062E1,3.478775024E0,-1.337879944E1,5.877765179E0
2.461105375E1,3.612850428E0,-1.378581333E1,6.059724331E0
2.461306791E1,3.725377798E0,-1.416170311E1,6.325480938E0
2.461502103E1,3.787626982E0,-1.450886250E1,6.663063526E0
2.461703519E1,3.809175014E0,-1.481771469E1,7.060500622E0
2.461901884E1,3.828328609E0,-1.506192303E1,7.529764175E0
2.462100248E1,3.852270603E0,-1.526303577E1,8.068459511E0
2.462298612E1,3.890577793E0,-1.539950562E1,8.657433510E0
2.462500028E1,3.940855980E0,-1.546414852E1,9.267954826E0
2.462695341E1,3.979163170E0,-1.548090839E1,9.864110947E0
2.462890653E1,4.007893562E0,-1.545696640E1,1.041477776E1
2.463089017E1,4.041412354E0,-1.538514042E1,1.093671322E1
2.463287382E1,4.067748547E0,-1.525345898E1,1.141076565E1
2.463482694E1,4.110844135E0,-1.506192303E1,1.180341434E1
2.463681058E1,4.165910721E0,-1.481532001E1,1.210029507E1
2.463879423E1,4.264073372E0,-1.450167942E1,1.231098557E1
2.464077787E1,4.374206543E0,-1.415452003E1,1.243787766E1
2.464270048E1,4.417302132E0,-1.380257320E1,1.248576164E1
2.464471464E1,4.383783340E0,-1.345541382E1,1.244506073E1
2.464666776E1,4.292803764E0,-1.312740803E1,1.231577396E1
2.464862089E1,4.232948780E0,-1.297178459E1,1.221761131E1
2.465060453E1,4.079719543E0,-1.265814400E1,1.196861458E1
2.465258817E1,3.892971992E0,-1.234210968E1,1.164060879E1
2.465454130E1,3.682282209E0,-1.204283428E1,1.122401714E1
2.465652494E1,3.462015629E0,-1.175553036E1,1.073081207E1
2.465850858E1,3.222595453E0,-1.146583176E1,1.015380955E1
2.466046171E1,2.949656487E0,-1.117613316E1,9.495404243E0
2.466244535E1,2.655169725E0,-1.088164711E1,8.779537201E0
2.466445951E1,2.355894566E0,-1.058955383E1,8.022970200E0
2.466641264E1,2.051830769E0,-1.030703831E1,7.247248650E0
2.466839628E1,1.745373011E0,-1.003409958E1,6.471527100E0
2.467034940E1,1.450886250E0,-9.775525093E0,5.686229229E0
2.467236356E1,1.165976286E0,-9.550470352E0,4.893748283E0
2.467428617E1,9.002198577E-1,-9.346963882E0,4.137180328E0
2.467630033E1,6.584054828E-1,-9.165003777E0,3.411737442E0
2.467825346E1,4.453215301E-1,-9.023746490E0,2.698265314E0
2.468023710E1,2.274491638E-1,-8.913613319E0,2.001552582E0
2.468222074E1,2.394201700E-3,-8.836998940E0,1.347935557E0
2.468420438E1,-2.178723514E-1,-8.789113998E0,7.709329724E-1
2.468612699E1,-4.333505034E-1,-8.753201485E0,2.585737705E-1
2.468814115E1,-6.057330370E-1,-8.729259491E0,-2.059013397E-1
2.469009428E1,-7.206547260E-1,-8.712499619E0,-6.224924326E-1
2.469207792E1,-8.044517636E-1,-8.717288017E0,-9.959878922E-1
2.469406156E1,-8.714894056E-1,-8.738836288E0,-1.316810966E0
2.469604520E1,-9.050082564E-1,-8.757989883E0,-1.606509328E0
2.469799833E1,-8.499416113E-1,-8.793902397E0,-1.951274395E0
2.470001249E1,-7.278373241E-1,-8.870517731E0,-2.355894566E0
2.470196561E1,-6.105214357E-1,-9.011775017E0,-2.772485495E0
2.470394926E1,-5.698199868E-1,-9.244012833E0,-3.184288263E0
2.470593290E1,-6.416460276E-1,-9.574412346E0,-3.624821424E0
2.470791654E1,-7.709329724E-1,-9.950302124E0,-4.173093796E0
2.470986967E1,-9.121908545E-1,-1.033576870E1,-4.850652695E0
2.471188383E1,-1.067813993E0,-1.076911926E1,-5.559336185E0
2.471383695E1,-1.199495077E0,-1.126711273E1,-6.172252178E0
2.471582059E1,-1.259350061E0,-1.180341434E1,-6.660669327E0
2.471777372E1,-1.300051570E0,-1.236365795E1,-7.084442616E0
2.471978788E1,-1.367089152E0,-1.292390060E1,-7.484274387E0
2.472174100E1,-1.508347034E0,-1.347696114E1,-7.852981567E0
2.472372465E1,-1.757344007E0,-1.400847435E1,-8.195352554E0
2.472570829E1,-2.169146776E0,-1.453280449E1,-8.458714485E0
2.472769193E1,-2.640804529E0,-1.505952835E1,-8.571242332E0
2.472961454E1,-3.040636063E0,-1.554555130E1,-8.556877136E0
2.473162870E1,-3.327940464E0,-1.596932507E1,-8.437167168E0
2.473358182E1,-3.538630009E0,-1.636676216E1,-8.185775757E0
2.473556547E1,-3.720589399E0,-1.672828674E1,-7.788338184E0
2.473748808E1,-3.924096584E0,-1.703713989E1,-7.335834026E0
2.473950224E1,-4.194641590E0,-1.726458931E1,-6.804321289E0
2.474142484E1,-4.479551315E0,-1.739387512E1,-6.129156113E0
2.474343900E1,-4.730942726E0,-1.742021179E1,-5.384559631E0
2.474542264E1,-5.003881454E0,-1.738908768E1,-4.553771496E0
2.474737577E1,-5.307945251E0,-1.731486702E1,-3.600879431E0
2.474935941E1,-5.595249176E0,-1.717600250E1,-2.557007313E0
2.475134306E1,-5.846640587E0,-1.701080322E1,-1.374271750E0
2.475329618E1,-6.042964935E0,-1.684320831E1,-2.633621916E-2
2.475527982E1,-6.121973515E0,-1.663970184E1,1.453280449E0
2.475726346E1,-6.057330132E0,-1.644337654E1,3.141192675E0
2.475924711E1,-5.853823185E0,-1.624705315E1,4.989516258E0
2.476120023E1,-5.513846397E0,-1.599566174E1,6.777985096E0
2.476321439E1,-5.046977043E0,-1.566047287E1,8.391676903E0
2.476516752E1,-4.455609322E0,-1.523191166E1,9.797073364E0
2.476715116E1,-3.703830004E0,-1.470997524E1,1.084573364E1
2.476913480E1,-2.825158119E0,-1.405156994E1,1.141794777E1
2.477111845E1,-1.960851192E0,-1.329021358E1,1.144667816E1
2.477307157E1,-1.218648672E0,-1.251449203E1,1.093671322E1
2.477505521E1,-6.392518282E-1,-1.177947235E1,9.950302124E0
2.477703886E1,-2.274491638E-1,-1.105881786E1,8.571242332E0
2.477902250E1,0.000000000E0,-1.036928749E1,6.900089264E0
2.478097562E1,1.915361360E-2,-9.768342972E0,4.994304657E0
2.478298978E1,-1.460463107E-1,-9.251194954E0,2.930502892E0
2.478494291E1,-2.729389966E-1,-9.014169693E0,1.886630893E0
2.478692655E1,-7.398083210E-1,-8.343792915E0,-1.082179189E0
2.478891019E1,-9.145850539E-1,-8.133103371E0,-1.944091797E0
2.479089384E1,-1.295263171E0,-7.754819393E0,-3.402160645E0
2.479281644E1,-1.709460020E0,-7.426813602E0,-4.544194698E0
2.479483060E1,-2.061407566E0,-7.120356083E0,-5.442020416E0
2.479678373E1,-2.262520552E0,-6.813898087E0,-6.095637321E0
2.479876737E1,-2.346317768E0,-6.555324078E0,-6.461950302E0
2.480072050E1,-2.418143749E0,-6.337451935E0,-6.576871872E0
2.480273466E1,-2.477998734E0,-6.136339188E0,-6.555324078E0
2.480468778E1,-2.513911724E0,-5.932831764E0,-6.459556103E0
2.480670194E1,-2.542642117E0,-5.712565422E0,-6.303933144E0
2.480865507E1,-2.583343744E0,-5.482721806E0,-6.086060524E0
2.481063871E1,-2.652775526E0,-5.272032261E0,-5.789179802E0
2.481262235E1,-2.717418909E0,-5.082890034E0,-5.516240597E0
2.481463651E1,-2.767697096E0,-4.891354084E0,-5.432443619E0
2.481658964E1,-2.832340717E0,-4.714183331E0,-5.542576790E0
2.481857328E1,-2.913743496E0,-4.587290287E0,-5.688623428E0
2.482055692E1,-2.971204281E0,-4.534617901E0,-5.791574001E0
2.482254056E1,-3.028665066E0,-4.570530891E0,-5.791574001E0
2.482446317E1,-3.138798475E0,-4.680664539E0,-5.645527840E0
2.482647733E1,-3.224989653E0,-4.829104900E0,-5.489904404E0
2.482843046E1,-3.241749048E0,-5.003881454E0,-5.415684223E0
2.483041410E1,-3.217807055E0,-5.207388878E0,-5.319916248E0
2.483233671E1,-3.172317266E0,-5.434837818E0,-5.082890034E0
2.483435087E1,-3.153163671E0,-5.700594425E0,-4.718971729E0
2.483630399E1,-3.143586874E0,-6.021417141E0,-4.271255970E0
2.483828764E1,-3.088520288E0,-6.414066315E0,-3.845088005E0
2.484027128E1,-3.014299870E0,-6.878541470E0,-3.457227230E0
2.484225492E1,-3.028665066E0,-7.398083210E0,-3.026270866E0
2.484420805E1,-2.992752075E0,-7.927201748E0,-2.607285738E0
2.484616117E1,-2.829946518E0,-8.508993149E0,-2.231395960E0
2.484814481E1,-2.533065319E0,-9.150638580E0,-1.843535304E0
2.485012846E1,-2.070984364E0,-9.765948296E0,-1.426944256E0
2.485208158E1,-1.532289028E0,-1.029267311E1,-1.106121182E0
2.485406522E1,-9.983820915E-1,-1.072841740E1,-1.046266198E0
2.485604887E1,-4.836287498E-1,-1.109712505E1,-1.151610970E0
2.485800199E1,4.548983276E-2,-1.142273617E1,-1.285686255E0
2.485998563E1,5.865794420E-1,-1.168849277E1,-1.393425345E0
2.486199979E1,1.115697980E0,-1.189200020E1,-1.448492050E0
2.486395292E1,1.640028119E0,-1.203565216E1,-1.407790542E0
2.486593656E1,2.154781580E0,-1.212184334E1,-1.261744261E0
2.486792020E1,2.631227732E0,-1.217451572E1,-1.051054597E0
2.486990385E1,3.090914488E0,-1.219366932E1,-8.092401624E-1
2.487185697E1,3.572149038E0,-1.217930412E1,-5.554547906E-1
2.487384061E1,4.086902142E0,-1.214817905E1,-3.040636182E-1
2.487582426E1,4.644751072E0,-1.209311295E1,-5.267243832E-2
2.487783842E1,5.228936672E0,-1.203086376E1,2.059013397E-1
2.487979154E1,5.755661011E0,-1.197100830E1,4.644751251E-1
2.488180570E1,6.196194172E0,-1.190397072E1,6.943184733E-1
2.488375883E1,6.600813866E0,-1.181299114E1,8.714894056E-1
2.488574247E1,6.945579052E0,-1.170764637E1,9.959878922E-1
2.488772611E1,7.153874874E0,-1.160709000E1,1.041477680E0
2.488970975E1,7.223306656E0,-1.153047562E1,9.983820915E-1
2.489166288E1,7.237671852E0,-1.142752457E1,9.169792533E-1
2.489367704E1,7.216124058E0,-1.127429581E1,8.140285611E-1
2.489563016E1,7.096413612E0,-1.110430717E1,6.943184733E-1
2.489761381E1,6.902483463E0,-1.093192482E1,5.674257874E-1
2.489959745E1,6.651092529E0,-1.075954247E1,4.189853072E-1
2.490158109E1,6.337451935E0,-1.061828423E1,2.609679997E-1
2.490350370E1,6.026205540E0,-1.047702694E1,1.125274822E-1
2.490551786E1,5.753266811E0,-1.031422138E1,-5.506663769E-2
2.490750150E1,5.456385612E0,-1.016099167E1,-2.394201756E-1
2.490948514E1,5.133168221E0,-1.002931118E1,-4.022258818E-1
2.491146879E1,4.802768707E0,-9.911994934E0,-5.027823448E-1
2.491348295E1,4.491522312E0,-9.785101891E0,-5.865794420E-1
2.491543607E1,4.244919777E0,-9.634267807E0,-6.655880809E-1
2.491741972E1,4.005499363E0,-9.497797966E0,-7.445967197E-1
2.491940336E1,3.677493811E0,-9.430760384E0,-8.092401624E-1
2.492138700E1,3.256114244E0,-9.402029991E0,-8.523358107E-1
2.492334013E1,2.794033289E0,-9.366117477E0,-8.738836050E-1
2.492535428E1,2.303221941E0,-9.320627213E0,-8.619126081E-1
2.492730741E1,1.774103403E0,-9.287108421E0,-8.140285611E-1
2.492929105E1,1.225831270E0,-9.272743225E0,-7.613561153E-1
2.493127470E1,6.967126727E-1,-9.277531624E0,-6.895300746E-1
2.493328886E1,2.346317619E-1,-9.287108421E0,-6.177040339E-1
2.493524198E1,-1.532289088E-1,-9.313444138E0,-5.770025849E-1
2.493722562E1,-4.979939461E-1,-9.344569206E0,-5.482721925E-1
2.493920927E1,-8.020575643E-1,-9.351752281E0,-5.075707436E-1
2.494119291E1,-1.110909581E0,-9.334992409E0,-4.692635238E-1
2.494314603E1,-1.482010841E0,-9.325415611E0,-3.902548850E-1
2.494516019E1,-1.946485996E0,-9.334992409E0,-2.801215947E-1
2.494711332E1,-2.473210335E0,-9.351752281E0,-1.771709323E-1
2.494909696E1,-3.004723072E0,-9.370905876E0,-1.101332754E-1
2.495105009E1,-3.241749048E0,-9.378087997E0,-7.900865376E-2
2.495306425E1,-3.591302633E0,-9.368511200E0,4.788403399E-3
2.495501737E1,-3.778050184E0,-9.313444138E0,1.197100878E-1
2.495700101E1,-3.897760391E0,-9.260771751E0,2.202665508E-1
2.495898466E1,-4.067748547E0,-9.224859238E0,2.873041928E-1
2.496096830E1,-4.340687752E0,-9.210494041E0,3.375824392E-1
2.496289091E1,-4.627991676E0,-9.217676163E0,3.136404157E-1
2.496490507E1,-4.766855717E0,-9.215282440E0,1.316810995E-1
2.496685819E1,-4.759673119E0,-9.148244858E0,-9.097966552E-2
2.496884183E1,-4.742913723E0,-9.026140213E0,-1.436520964E-1
2.497079496E1,-4.757278919E0,-8.916007042E0,9.576806799E-3
2.497280912E1,-4.786009312E0,-8.829815865E0,2.849099934E-1
2.497476224E1,-4.778826714E0,-8.762778282E0,5.722141862E-1
2.497674589E1,-4.723760128E0,-8.741230011E0,8.212111592E-1
2.497872953E1,-4.613626480E0,-8.769960403E0,1.015141487E0
2.498071317E1,-4.462791920E0,-8.815450668E0,1.139639974E0
2.498263578E1,-4.288015366E0,-8.851364136E0,1.211466074E0
2.498464994E1,-4.132391930E0,-8.868123055E0,1.225831270E0
2.498660306E1,-4.000710964E0,-8.875306129E0,1.175553083E0
2.498858671E1,-3.861847401E0,-8.908824921E0,1.084573388E0
2.499057035E1,-3.699041605E0,-8.939949036E0,9.528923035E-1
2.499255399E1,-3.514688015E0,-8.959102631E0,7.876923680E-1
2.499450712E1,-3.318363667E0,-8.999804497E0,6.177040339E-1
2.499652128E1,-3.117250681E0,-9.059659004E0,4.525041282E-1
2.499847440E1,-2.925714493E0,-9.112331390E0,2.920926213E-1
2.500045805E1,-2.726995707E0,-9.150638580E0,1.244984865E-1
2.500244169E1,-2.504334927E0,-9.179368973E0,-1.675941236E-2
2.500442533E1,-2.257732153E0,-9.224859238E0,-1.197100878E-1
2.500634794E1,-2.023100376E0,-9.279925346E0,-2.059013397E-1
2.500836210E1,-1.810016513E0,-9.313444138E0,-2.944868207E-1
2.501031522E1,-1.608903527E0,-9.320627213E0,-3.854664862E-1
2.501229887E1,-1.426944256E0,-9.325415611E0,-4.979939461E-1
2.501425199E1,-1.261744261E0,-9.354146004E0,-6.392518282E-1
2.501626615E1,-1.091755986E0,-9.397241592E0,-8.068459630E-1
2.501821928E1,-9.313444495E-1,-9.421183586E0,-9.624691010E-1
2.502020292E1,-7.685387731E-1,-9.433155060E0,-1.065419793E0
2.502218656E1,-6.009446383E-1,-9.449913979E0,-1.134851575E0
2.502417020E1,-4.477157295E-1,-9.469067574E0,-1.168370485E0
2.502612333E1,-3.088520169E-1,-9.461885452E0,-1.173158884E0
2.502810697E1,-1.819593310E-1,-9.445125580E0,-1.168370485E0
2.503009061E1,-7.900865376E-2,-9.437943459E0,-1.194706678E0
2.503207426E1,0.000000000E0,-9.445125580E0,-1.244984865E0
2.503399686E1,5.985504389E-2,-9.449913979E0,-1.300051570E0
2.503601102E1,1.125274822E-1,-9.447520256E0,-1.367089152E0
2.503796415E1,1.771709323E-1,-9.433155060E0,-1.455674648E0
2.503994779E1,2.489969730E-1,-9.428366661E0,-1.532289028E0
2.504193143E1,2.896983922E-1,-9.452308655E0,-1.580173135E0
2.504394559E1,3.208230138E-1,-9.488221169E0,-1.635239720E0
2.504586820E1,3.423708379E-1,-9.516951561E0,-1.683123827E0
2.504788236E1,3.687070608E-1,-9.519346237E0,-1.723825216E0
2.504986600E1,4.022258818E-1,-9.528923035E0,-1.774103403E0
2.505184965E1,4.309563041E-1,-9.552865028E0,-1.807622313E0
2.505380277E1,4.548983276E-1,-9.569623947E0,-1.831564307E0
2.505578641E1,5.027823448E-1,-9.576807022E0,-1.857900500E0
2.505773954E1,5.410895944E-1,-9.583989143E0,-1.857900500E0
2.505972318E1,5.698199868E-1,-9.591172218E0,-1.841141105E0
2.506170682E1,6.057330370E-1,-9.595960617E0,-1.833958507E0
2.506369047E1,6.464344859E-1,-9.572018623E0,-1.848323703E0
2.506561308E1,6.991068721E-1,-9.519346237E0,-1.853112102E0
2.506762724E1,7.589619160E-1,-9.476250648E0,-1.826775908E0
2.506958036E1,8.355764151E-1,-9.423578262E0,-1.800439715E0
2.507156400E1,9.169792533E-1,-9.363722801E0,-1.781286120E0
2.507348661E1,9.959878922E-1,-9.308655739E0,-1.750161409E0
2.507550077E1,1.074996591E0,-9.265560150E0,-1.704671621E0
2.507742338E1,1.156399369E0,-9.224859238E0,-1.644816518E0
2.507943754E1,1.233013868E0,-9.203310966E0,-1.563413739E0
2.508142118E1,1.292868972E0,-9.193734169E0,-1.467645645E0
2.508340482E1,1.319205165E0,-9.184157372E0,-1.424550056E0
2.508535795E1,1.362300754E0,-9.157821655E0,-1.359906554E0
2.508737211E1,1.412579060E0,-9.129091263E0,-1.328781962E0
2.508932523E1,1.460463047E0,-9.100360870E0,-1.331176162E0
2.509130888E1,1.501164436E0,-9.085995674E0,-1.345541358E0
2.509329252E1,1.520318031E0,-9.095572472E0,-1.362300754E0
2.509524564E1,1.515529633E0,-9.109937668E0,-1.383848548E0
2.509722928E1,1.493981838E0,-9.105149269E0,-1.412579060E0
2.509924345E1,1.470039845E0,-9.095572472E0,-1.453280449E0
2.510119657E1,1.429338455E0,-9.102754593E0,-1.496376038E0
2.510318021E1,1.379060149E0,-9.112331390E0,-1.525106430E0
2.510516386E1,1.350329757E0,-9.138668060E0,-1.537077546E0
2.510714750E1,1.323993564E0,-9.176975250E0,-1.539471745E0
2.510910062E1,1.283292055E0,-9.217676163E0,-1.522712231E0
2.511108427E1,1.230619669E0,-9.267954826E0,-1.491587639E0
2.511306791E1,1.165976286E0,-9.318233490E0,-1.450886250E0
2.511505155E1,1.089361787E0,-9.361329079E0,-1.412579060E0
2.511700468E1,1.017535686E0,-9.394847870E0,-1.379060149E0
2.511901884E1,9.409212470E-1,-9.416395187E0,-1.328781962E0
2.512097196E1,8.547300100E-1,-9.435548782E0,-1.252167463E0
2.512292509E1,7.733271718E-1,-9.454702377E0,-1.163581967E0
2.512490873E1,6.943184733E-1,-9.469067574E0,-1.063025594E0
2.512689237E1,6.153098345E-1,-9.469067574E0,-9.528923035E-1
2.512884550E1,5.315127969E-1,-9.459490776E0,-8.547300100E-1
2.513082914E1,4.357447028E-1,-9.464279175E0,-7.685387731E-1
2.513281278E1,3.375824392E-1,-9.473855972E0,-6.871358752E-1
2.513476591E1,2.418143749E-1,-9.473855972E0,-6.081272364E-1
2.513674955E1,1.292868853E-1,-9.478644371E0,-5.410895944E-1
2.513876371E1,7.182605099E-3,-9.483432770E0,-4.860229492E-1
2.514071683E1,-1.005564705E-1,-9.481039047E0,-4.501099288E-1
2.514270048E1,-1.939303428E-1,-9.488221169E0,-4.261679053E-1
2.514468412E1,-2.801215947E-1,-9.500192642E0,-3.878606856E-1
2.514666776E1,-3.495534360E-1,-9.521739960E0,-3.567360640E-1
2.514865141E1,-4.189853072E-1,-9.550470352E0,-3.519476354E-1
2.515063505E1,-4.955997467E-1,-9.579200745E0,-3.711012602E-1
2.515261869E1,-5.674257874E-1,-9.598354340E0,-4.070142806E-1
2.515457182E1,-6.320692301E-1,-9.607931137E0,-4.525041282E-1
2.515655546E1,-6.823474765E-1,-9.610325813E0,-5.027823448E-1
2.515856962E1,-7.230489254E-1,-9.617507935E0,-5.434837937E-1
2.516052274E1,-7.589619160E-1,-9.643844604E0,-5.770025849E-1
2.516250638E1,-7.852981687E-1,-9.674968719E0,-6.057330370E-1
2.516449003E1,-7.852981687E-1,-9.686940193E0,-6.392518282E-1
2.516647367E1,-7.733271718E-1,-9.691728592E0,-6.775590777E-1
2.516842680E1,-7.541735172E-1,-9.706093788E0,-7.182605267E-1
2.517041044E1,-7.398083210E-1,-9.725247383E0,-7.685387731E-1
2.517239408E1,-7.374141216E-1,-9.749189377E0,-8.092401624E-1
2.517437772E1,-7.326257229E-1,-9.789890289E0,-8.307880163E-1
2.517633085E1,-7.302315235E-1,-9.828198433E0,-8.523358107E-1
2.517834501E1,-7.302315235E-1,-9.868899345E0,-8.906430602E-1
2.518029813E1,-7.230489254E-1,-9.911994934E0,-9.337386489E-1
2.518228178E1,-7.015010715E-1,-9.955090523E0,-9.552865028E-1
2.518426542E1,-6.823474765E-1,-1.000297451E1,-9.528923035E-1
2.518624906E1,-6.703764796E-1,-1.005804157E1,-9.504981041E-1
2.518820219E1,-6.679822803E-1,-1.010353088E1,-9.624691010E-1
2.519021635E1,-6.464344859E-1,-1.012747288E1,-9.888052940E-1
2.519216947E1,-6.248866320E-1,-1.013226128E1,-9.983820915E-1
2.519415311E1,-5.961562395E-1,-1.013226128E1,-9.959878922E-1
2.519610624E1,-5.554547906E-1,-1.013226128E1,-9.864110947E-1
2.519812040E1,-5.147533417E-1,-1.012268448E1,-9.744400978E-1
2.520007352E1,-4.740519226E-1,-1.010592556E1,-9.552865028E-1
2.520208768E1,-4.285621047E-1,-1.009395409E1,-9.265560508E-1
2.520404081E1,-3.830722570E-1,-1.008198357E1,-8.906430602E-1
2.520602445E1,-3.399766386E-1,-1.004846478E1,-8.451532125E-1
2.520800809E1,-3.064578176E-1,-1.000776291E1,-7.733271718E-1
2.521002225E1,-2.705447972E-1,-9.964667320E0,-7.230489254E-1
2.521197538E1,-2.322375625E-1,-9.921571732E0,-6.943184733E-1
2.521395902E1,-1.939303428E-1,-9.856928825E0,-6.703764796E-1
2.521591215E1,-1.532289088E-1,-9.787496567E0,-6.248866320E-1
2.521792631E1,-1.149216816E-1,-9.737217903E0,-5.482721925E-1
2.521987943E1,-6.464344263E-2,-9.689333916E0,-4.357447028E-1
2.522189359E1,-2.633621916E-2,-9.655815125E0,-3.351882398E-1
2.522387724E1,-1.197100803E-2,-9.641449928E0,-3.351882398E-1
2.522586088E1,1.675941236E-2,-9.627084732E0,-4.070142806E-1
2.522781400E1,6.224924326E-2,-9.600749016E0,-4.716577232E-1
2.522979764E1,1.173158810E-1,-9.572018623E0,-5.147533417E-1
2.523178129E1,1.675941199E-1,-9.552865028E0,-5.817909837E-1
2.523376493E1,2.035071403E-1,-9.540893555E0,-6.943184733E-1
2.523571806E1,2.394201756E-1,-9.540893555E0,-8.140285611E-1
2.523773222E1,2.801215947E-1,-9.550470352E0,-9.169792533E-1
2.523968534E1,2.992752194E-1,-9.562441826E0,-1.012747288E0
2.524163846E1,2.968810201E-1,-9.591172218E0,-1.120486379E0
2.524362211E1,2.753331959E-1,-9.631873131E0,-1.240196466E0
2.524563627E1,2.154781520E-1,-9.677363396E0,-1.359906554E0
2.524758939E1,1.149216816E-1,-9.718064308E0,-1.460463047E0
2.524957304E1,-2.154781483E-2,-9.777919769E0,-1.513135433E0
2.525155668E1,-2.059013397E-1,-9.866505623E0,-1.517923832E0
2.525357084E1,-4.046200812E-1,-9.971850395E0,-1.496376038E0
2.525549345E1,-5.075707436E-1,-1.002691650E1,-1.477222443E0
2.525750761E1,-8.164227605E-1,-1.019451046E1,-1.398213744E0
2.525946073E1,-9.050082564E-1,-1.024000072E1,-1.379060149E0
2.526141386E1,-1.067813993E0,-1.031422138E1,-1.350329757E0
2.526339750E1,-1.211466074E0,-1.036210537E1,-1.304839969E0
2.526538114E1,-1.312022567E0,-1.037407589E1,-1.225831270E0
2.526733427E1,-1.381454349E0,-1.035492229E1,-1.132457376E0
2.526931791E1,-1.453280449E0,-1.034055710E1,-1.027112484E0
2.527130155E1,-1.539471745E0,-1.035971069E1,-9.193734527E-1
2.527328519E1,-1.635239720E0,-1.040280628E1,-8.355764151E-1
2.527523832E1,-1.719036818E0,-1.043632507E1,-7.757213712E-1
2.527725248E1,-1.762132406E0,-1.044350815E1,-7.493851185E-1
2.527920560E1,-1.759738207E0,-1.043153667E1,-7.781155705E-1
2.528118925E1,-1.721431017E0,-1.041477776E1,-8.499416113E-1
2.528317289E1,-1.647210717E0,-1.040998936E1,-9.361328483E-1
2.528515653E1,-1.527500629E0,-1.040759468E1,-1.022324085E0
2.528710966E1,-1.364694953E0,-1.040759468E1,-1.132457376E0
2.528909330E1,-1.170764685E0,-1.041238308E1,-1.254561663E0
2.529107694E1,-9.935936928E-1,-1.043871975E1,-1.352723956E0
2.529306058E1,-8.212111592E-1,-1.046745014E1,-1.426944256E0
2.529498319E1,-6.368576288E-1,-1.047223854E1,-1.508347034E0
2.529699735E1,-4.572925270E-1,-1.046266174E1,-1.596932530E0
2.529895048E1,-2.849099934E-1,-1.045308495E1,-1.661576033E0
2.530093412E1,-9.816227108E-2,-1.045308495E1,-1.707065821E0
2.530288724E1,9.816227108E-2,-1.044111347E1,-1.721431017E0
2.530487089E1,2.920926213E-1,-1.040520096E1,-1.702277422E0
2.530685453E1,4.836287498E-1,-1.036689377E1,-1.673547029E0
2.530886869E1,6.679822803E-1,-1.034055710E1,-1.618480325E0
2.531082182E1,8.523358107E-1,-1.033337498E1,-1.527500629E0
2.531280546E1,1.010353088E0,-1.033098030E1,-1.412579060E0
2.531478910E1,1.130063176E0,-1.033337498E1,-1.268926859E0
2.531677274E1,1.242590666E0,-1.033098030E1,-1.122880578E0
2.531869535E1,1.352723956E0,-1.030224991E1,-9.935936928E-1
2.532070951E1,1.450886250E0,-1.029267311E1,-8.834604025E-1
2.532266264E1,1.513135433E0,-1.032619190E1,-7.302315235E-1
2.532464628E1,1.553836942E0,-1.037886429E1,-5.482721925E-1
2.532659940E1,1.556231141E0,-1.044350815E1,-3.806780577E-1
2.532861356E1,1.520318031E0,-1.052969933E1,-2.442085743E-1
2.533056669E1,1.474828243E0,-1.062546730E1,-1.268926859E-1
2.533255033E1,1.426944256E0,-1.073560047E1,-4.788403399E-3
2.533453397E1,1.364694953E0,-1.086728191E1,1.149216816E-1
2.533651762E1,1.285686255E0,-1.101093388E1,2.394201756E-1
2.533847074E1,1.194706678E0,-1.115458584E1,3.615244627E-1
2.534048490E1,1.110909581E0,-1.129344940E1,4.932055473E-1
2.534243803E1,1.034295082E0,-1.143949604E1,6.033388376E-1
2.534442167E1,9.481038451E-1,-1.160948372E1,6.919242740E-1
2.534637479E1,8.595184088E-1,-1.178665543E1,7.541735172E-1
2.534838895E1,7.781155705E-1,-1.195424938E1,7.900865674E-1
2.535034208E1,7.015010715E-1,-1.211705494E1,8.236053586E-1
2.535232572E1,6.272808313E-1,-1.226549530E1,8.547300100E-1
2.535430936E1,5.626373887E-1,-1.240675354E1,8.906430602E-1
2.535629301E1,5.003881454E-1,-1.253125191E1,9.409212470E-1
2.535821561E1,4.405331016E-1,-1.264377880E1,1.005564690E0
2.536019926E1,3.854664862E-1,-1.274912453E1,1.086967587E0
2.536215238E1,3.351882398E-1,-1.282095051E1,1.189918280E0
2.536416654E1,2.801215947E-1,-1.286883450E1,1.300051570E0
2.536608915E1,2.202665508E-1,-1.289995861E1,1.417367458E0
2.536810331E1,1.460463107E-1,-1.291911221E1,1.539471745E0
2.537008695E1,6.943184882E-2,-1.292390060E1,1.675941229E0
2.537207059E1,4.788403399E-3,-1.292150688E1,1.831564307E0
2.537405424E1,-5.746084079E-2,-1.292868900E1,2.001552582E0
2.537606840E1,-1.221042871E-1,-1.294784260E1,2.161964178E0
2.537802152E1,-1.795651317E-1,-1.298136139E1,2.322375536E0
2.538000516E1,-2.466027737E-1,-1.302206326E1,2.482787132E0
2.538195829E1,-3.160346150E-1,-1.308431244E1,2.636016130E0
2.538397245E1,-3.926490843E-1,-1.317289734E1,2.777273893E0
2.538592558E1,-4.812345505E-1,-1.328542519E1,2.896984100E0
2.538790922E1,-5.698199868E-1,-1.340752983E1,3.009511471E0
2.538986234E1,-6.679822803E-1,-1.352723980E1,3.110068083E0
2.539187650E1,-7.637503147E-1,-1.365892029E1,3.208230257E0
2.539382963E1,-8.475474119E-1,-1.380257320E1,3.311181068E0
2.539581327E1,-9.337386489E-1,-1.394622517E1,3.418920040E0
2.539779691E1,-1.022324085E0,-1.409466553E1,3.524264812E0
2.539978056E1,-1.063025594E0,-1.417127991E1,3.574543238E0
2.540170316E1,-1.142034173E0,-1.431253815E1,3.679888010E0
2.540371732E1,-1.218648672E0,-1.443943024E1,3.794809580E0
2.540567045E1,-1.295263171E0,-1.454477501E1,3.890577793E0
2.540765409E1,-1.355118155E0,-1.463336086E1,3.955221176E0
2.540960722E1,-1.393425345E0,-1.470039845E1,4.000710964E0
2.541162138E1,-1.414973259E0,-1.472194672E1,4.046200752E0
2.541357450E1,-1.431732655E0,-1.470279217E1,4.098873138E0
2.541555814E1,-1.431732655E0,-1.465730286E1,4.137180328E0
2.541754178E1,-1.426944256E0,-1.458787060E1,4.168305397E0
2.541952543E1,-1.431732655E0,-1.448731422E1,4.182670593E0
2.542144804E1,-1.446097851E0,-1.435323906E1,4.185064793E0
2.542346220E1,-1.448492050E0,-1.421437550E1,4.201824188E0
2.542544584E1,-1.450886250E0,-1.406832886E1,4.225766182E0
2.542742948E1,-1.462857246E0,-1.389594650E1,4.235342979E0
2.542935209E1,-1.501164436E0,-1.370680428E1,4.240131378E0
2.543136625E1,-1.565807939E0,-1.352245140E1,4.235342979E0
2.543331937E1,-1.637633920E0,-1.334528065E1,4.194641590E0
2.543530302E1,-1.719036818E0,-1.316092682E1,4.120420933E0
2.543728666E1,-1.800439715E0,-1.296939087E1,4.034229755E0
2.543927030E1,-1.893813491E0,-1.276348972E1,3.919308186E0
2.544122343E1,-2.013523579E0,-1.255998230E1,3.792415380E0
2.544323759E1,-2.154781580E0,-1.237323475E1,3.658340216E0
2.544522123E1,-2.308010340E0,-1.220563984E1,3.529053211E0
2.544720487E1,-2.451662540E0,-1.204283428E1,3.399766445E0
2.544915800E1,-2.578555346E0,-1.188242340E1,3.248931646E0
2.545114164E1,-2.686294317E0,-1.170764637E1,3.086126089E0
2.545309476E1,-2.750937700E0,-1.152568722E1,2.925714493E0
2.545507841E1,-2.779668093E0,-1.134133339E1,2.774879694E0
2.545706205E1,-2.789244890E0,-1.117613316E1,2.628833532E0
2.545907621E1,-2.786850691E0,-1.103008747E1,2.456450939E0
2.546102933E1,-2.777273893E0,-1.088643551E1,2.250549555E0
2.546304349E1,-2.738966703E0,-1.075714779E1,2.023100376E0
2.546499662E1,-2.679111719E0,-1.065180302E1,1.807622313E0
2.546698026E1,-2.626439333E0,-1.058716011E1,1.589749932E0
2.546890287E1,-2.592920542E0,-1.056561184E1,1.367089152E0
2.547091703E1,-2.578555346E0,-1.057997704E1,1.149216771E0
2.547283964E1,-2.585737944E0,-1.061110210E1,9.313444495E-1
2.547485380E1,-2.585737944E0,-1.064701462E1,7.110779285E-1
2.547683744E1,-2.566584110E0,-1.070447540E1,4.836287498E-1
2.547882108E1,-2.537853718E0,-1.078108978E1,2.753331959E-1
2.548077421E1,-2.497152328E0,-1.086967564E1,8.619125932E-2
2.548278837E1,-2.446874142E0,-1.095586681E1,-1.508347094E-1
2.548471098E1,-2.367865562E0,-1.104445267E1,-4.405331016E-1
2.548672514E1,-2.319981337E0,-1.113782597E1,-6.919242740E-1
2.548870878E1,-2.319981337E0,-1.121922874E1,-8.475474119E-1
2.549069242E1,-2.334346771E0,-1.129584408E1,-9.911994934E-1
2.549267606E1,-2.370259762E0,-1.136527538E1,-1.211466074E0
2.549465970E1,-2.389413357E0,-1.142991924E1,-1.498770237E0
2.549661283E1,-2.348711967E0,-1.151850414E1,-1.783680320E0
2.549859647E1,-2.284068346E0,-1.160469532E1,-2.023100376E0
2.550054960E1,-2.219424963E0,-1.165497398E1,-2.195482969E0
2.550256376E1,-2.152387381E0,-1.165018559E1,-2.286462545E0
2.550448637E1,-2.078166962E0,-1.160230160E1,-2.272097349E0
2.550650053E1,-1.968033791E0,-1.154244614E1,-2.207453966E0
2.550848417E1,-1.783680320E0,-1.146104336E1,-2.164358377E0
2.551046781E1,-1.551442742E0,-1.135809326E1,-2.149993181E0
2.551245145E1,-1.297657371E0,-1.125274754E1,-2.145204782E0
2.551446561E1,-1.096544385E0,-1.116895103E1,-2.140416384E0
2.551641874E1,-9.433154464E-1,-1.107318306E1,-2.147598982E0
2.551840238E1,-7.206547260E-1,-1.094629002E1,-2.147598982E0
2.552038602E1,-3.615244627E-1,-1.083615685E1,-2.138022184E0
2.552236967E1,6.703764945E-2,-1.075954247E1,-2.116474390E0
2.552432279E1,5.147533417E-1,-1.069729328E1,-2.118868589E0
2.552630643E1,9.768342972E-1,-1.062546730E1,-2.173935175E0
2.552829008E1,1.350329757E0,-1.055842972E1,-2.243366957E0
2.553030424E1,1.529894829E0,-1.053688145E1,-2.308010340E0
2.553225736E1,1.513135433E0,-1.054166985E1,-2.341529369E0
2.553427152E1,1.448492050E0,-1.050336266E1,-2.360682964E0
2.553622465E1,1.496376038E0,-1.043153667E1,-2.422932148E0
2.553820829E1,1.695094824E0,-1.042674828E1,-2.540247917E0
2.554019193E1,2.011129379E0,-1.045787334E1,-2.681505919E0
2.554217558E1,2.351106167E0,-1.052491093E1,-2.734178305E0
2.554409818E1,2.571372509E0,-1.061828423E1,-2.683900118E0
2.554611234E1,2.636016130E0,-1.067813969E1,-2.542642117E0
2.554809599E1,2.640804529E0,-1.073799419E1,-2.296039343E0
2.555011014E1,2.588132143E0,-1.083376312E1,-1.999158382E0
2.555206327E1,2.497152328E0,-1.091037750E1,-1.764526606E0
2.555407743E1,2.458845139E0,-1.094389629E1,-1.690306425E0
2.555603056E1,2.542642117E0,-1.093192482E1,-1.702277422E0
2.555801420E1,2.767697096E0,-1.090319443E1,-1.747767210E0
2.555999784E1,3.165134668E0,-1.091995430E1,-1.790862918E0
2.556198148E1,3.423708439E0,-1.098459721E1,-1.616086125E0
2.556396513E1,3.184288263E0,-1.104205799E1,-1.237802267E0
2.556594877E1,2.703053713E0,-1.104445267E1,-8.307880163E-1
2.556793241E1,2.262520552E0,-1.103008747E1,-5.171475410E-1
2.556994657E1,2.035071373E0,-1.104684639E1,-4.046200812E-1
2.557189970E1,2.080561161E0,-1.110909557E1,-3.591302633E-1
2.557391386E1,2.214636564E0,-1.124317074E1,-2.873041928E-1
2.557586698E1,2.231395960E0,-1.131260300E1,-2.106897533E-1
2.557785062E1,2.054224968E0,-1.149216843E1,1.316810995E-1
2.557980375E1,1.932120800E0,-1.154962921E1,2.681505978E-1
2.558181791E1,1.532289028E0,-1.166455078E1,5.793967843E-1
2.558380155E1,1.010353088E0,-1.173637676E1,9.169792533E-1
2.558578519E1,5.386953950E-1,-1.174834728E1,1.206677675E0
2.558770780E1,1.771709323E-1,-1.171004009E1,1.395819545E0
2.558972196E1,-9.337386489E-2,-1.167173290E1,1.589749932E0
2.559167509E1,-2.585737705E-1,-1.162384892E1,1.941697598E0
2.559365873E1,-4.429273009E-1,-1.160230160E1,2.415749550E0
2.559564237E1,-7.206547260E-1,-1.160230160E1,2.889801502E0
2.559762601E1,-1.010353088E0,-1.155202293E1,3.224989653E0
2.559957914E1,-1.247379065E0,-1.146822643E1,3.306392431E0
2.560159330E1,-1.398213744E0,-1.132936287E1,3.155557871E0
2.560354642E1,-1.496376038E0,-1.117134476E1,2.935291290E0
2.560553007E1,-1.539471745E0,-1.099656868E1,2.750937700E0
2.560748319E1,-1.568202138E0,-1.083615685E1,2.624045134E0
2.560949735E1,-1.594538331E0,-1.068771648E1,2.482787132E0
2.561141996E1,-1.596932530E0,-1.052491093E1,2.281674147E0
2.561343412E1,-1.589749932E0,-1.036210537E1,2.027888775E0
2.561538724E1,-1.558625340E0,-1.020648193E1,1.757344007E0
2.561737089E1,-1.503558636E0,-1.004846478E1,1.505952835E0
2.561932401E1,-1.412579060E0,-9.871294022E0,1.242590666E0
2.562133817E1,-1.319205165E0,-9.701305389E0,9.959878922E-1
2.562329130E1,-1.204283476E0,-9.524134636E0,8.092401624E-1
2.562527494E1,-1.055842996E0,-9.346963882E0,6.584054828E-1
2.562722806E1,-9.074024558E-1,-9.176975250E0,5.027823448E-1
2.562924223E1,-7.637503147E-1,-9.002198219E0,3.303998411E-1
2.563116483E1,-6.655880809E-1,-8.829815865E0,1.723825186E-1
2.563317899E1,-6.105214357E-1,-8.667010307E0,2.394201607E-2
2.563516264E1,-6.033388376E-1,-8.528146744E0,-7.900865376E-2
2.563714628E1,-5.841852427E-1,-8.396465302E0,-1.723825186E-1
2.563909940E1,-5.147533417E-1,-8.243236542E0,-2.873041928E-1
2.564111356E1,-4.118026793E-1,-8.082824707E0,-3.854664862E-1
2.564306669E1,-2.992752194E-1,-7.929595947E0,-4.812345505E-1
2.564505033E1,-1.963245422E-1,-7.800309181E0,-5.841852427E-1
2.564700346E1,-8.619125932E-2,-7.682993412E0,-6.967126727E-1
2.564901762E1,-2.394201700E-3,-7.592013359E0,-7.757213712E-1
2.565097074E1,7.422025502E-2,-7.529764175E0,-8.259995580E-1
2.565298490E1,1.077390760E-1,-7.522581577E0,-8.188169599E-1
2.565496854E1,1.460463107E-1,-7.534552574E0,-7.637503147E-1
2.565695219E1,2.202665508E-1,-7.551311970E0,-6.655880809E-1
2.565890531E1,3.399766386E-1,-7.572859764E0,-5.602431893E-1
2.566091947E1,4.812345505E-1,-7.587224960E0,-4.596867263E-1
2.566287260E1,6.033388376E-1,-7.618350029E0,-3.734954596E-1
2.566485624E1,6.967126727E-1,-7.656657219E0,-3.016694188E-1
2.566683988E1,7.733271718E-1,-7.706935406E0,-2.322375625E-1
2.566885404E1,8.690952063E-1,-7.750030994E0,-1.460463107E-1
2.567077665E1,9.433154464E-1,-7.812280178E0,-6.464344263E-2
2.567279081E1,1.010353088E0,-7.872135162E0,-2.394201700E-3
2.567474393E1,1.065419793E0,-7.920019150E0,7.422025502E-2
2.567669706E1,1.122880578E0,-7.946355343E0,1.508347094E-1
2.567868070E1,1.130063176E0,-7.977479935E0,2.274491638E-1
2.568066434E1,1.101332784E0,-8.018181801E0,3.232172430E-1
2.568261747E1,1.108515382E0,-8.025363922E0,4.333505034E-1
2.568460111E1,1.091755986E0,-8.034940720E0,5.626373887E-1
2.568658475E1,9.983820915E-1,-8.078036308E0,6.895300746E-1
2.568856840E1,8.930372596E-1,-8.075642586E0,7.948749661E-1
2.569052152E1,7.589619160E-1,-8.063671112E0,8.690952063E-1
2.569250516E1,7.374141216E-1,-8.030152321E0,9.385270476E-1
2.569448881E1,7.374141216E-1,-8.020575523E0,1.022324085E0
2.569647245E1,7.038952708E-1,-8.030152321E0,1.067813993E0
2.569839506E1,6.440402865E-1,-8.044517517E0,1.108515382E0
2.570040922E1,5.650315881E-1,-8.066065788E0,1.170764685E0
2.570236234E1,4.501099288E-1,-8.073247910E0,1.268926859E0
2.570434599E1,2.681505978E-1,-8.068459511E0,1.300051570E0
2.570629911E1,1.005564705E-1,-8.015787125E0,1.218648672E0
2.570831327E1,-9.337386489E-2,-7.967903137E0,1.144428372E0
2.571023588E1,-3.040636182E-1,-7.939172745E0,1.122880578E0
2.571225004E1,-4.429273009E-1,-7.860164165E0,1.130063176E0
2.571420316E1,-5.674257874E-1,-7.764396191E0,1.146822572E0
2.571615629E1,-7.326257229E-1,-7.685387611E0,1.137245774E0
2.571813993E1,-9.528923035E-1,-7.620744228E0,1.163581967E0
2.572012357E1,-1.072602391E0,-7.589619160E0,1.175553083E0
2.572207670E1,-1.273715258E0,-7.536946774E0,1.094150186E0
2.572406034E1,-1.362300754E0,-7.441178799E0,8.690952063E-1
2.572604398E1,-1.364694953E0,-7.278373241E0,6.320692301E-1
2.572802763E1,-1.422155857E0,-7.120356083E0,4.548983276E-1
2.572998075E1,-1.515529633E0,-6.988674641E0,3.232172430E-1
2.573199491E1,-1.599326730E0,-6.845022678E0,2.298433632E-1
2.573394804E1,-1.644816518E0,-6.682217121E0,1.580173075E-1
2.573593168E1,-1.690306425E0,-6.488286495E0,9.097966552E-2
2.573791532E1,-1.800439715E0,-6.323086739E0,3.830722719E-2
2.573989896E1,-1.934514999E0,-6.191405773E0,-9.576806799E-3
2.574182157E1,-2.023100376E0,-6.054935932E0,-2.633621916E-2
2.574383573E1,-2.140416384E0,-5.930437565E0,-3.591302410E-2
2.574581937E1,-2.245761156E0,-5.770026207E0,-5.985504389E-2
2.574780302E1,-2.370259762E0,-5.640739441E0,-8.140286058E-2
2.574978666E1,-2.494758129E0,-5.542576790E0,-1.005564705E-1
2.575177030E1,-2.616862535E0,-5.449203014E0,-1.197100878E-1
2.575375394E1,-2.707842112E0,-5.346252441E0,-1.460463107E-1
2.575573759E1,-2.772485495E0,-5.269638062E0,-1.867477298E-1
2.575772123E1,-2.829946518E0,-5.226542473E0,-2.130839527E-1
2.575970487E1,-2.887407303E0,-5.212177277E0,-2.346317619E-1
2.576165800E1,-2.952050686E0,-5.224148273E0,-2.322375625E-1
2.576364164E1,-3.023876667E0,-5.233725071E0,-1.987187415E-1
2.576562528E1,-3.088520288E0,-5.248090267E0,-1.460463107E-1
2.576763944E1,-3.153163671E0,-5.276820660E0,-9.576806426E-2
2.576959257E1,-3.126827478E0,-5.257667065E0,-8.379705995E-2
2.577160673E1,-3.143586874E0,-5.281609058E0,-8.379705995E-2
2.577355985E1,-3.172317266E0,-5.331887245E0,-4.548983276E-2
2.577554349E1,-3.172317266E0,-5.348646641E0,-1.197100803E-2
2.577749662E1,-3.160346270E0,-5.341464043E0,1.915361360E-2
2.577948026E1,-3.100491285E0,-5.284003258E0,4.788403213E-2
2.578146391E1,-3.031059265E0,-5.197812080E0,4.788403213E-2
2.578344755E1,-2.985569477E0,-5.116408825E0,5.506663769E-2
2.578540067E1,-3.007117271E0,-5.068524837E0,6.943184882E-2
2.578741483E1,-3.059789658E0,-5.032611847E0,7.182604820E-2
2.578933744E1,-3.124433279E0,-5.011064053E0,7.661445439E-2
2.579135160E1,-3.174711466E0,-5.006275654E0,9.337386489E-2
2.579333524E1,-3.189076662E0,-4.991910458E0,1.029506698E-1
2.579531888E1,-3.172317266E0,-4.960785866E0,1.005564705E-1
2.579727201E1,-3.169923067E0,-4.936843872E0,1.029506698E-1
2.579928617E1,-3.193865061E0,-4.903325081E0,1.101332754E-1
2.580123930E1,-3.224989653E0,-4.850652695E0,1.149216816E-1
2.580325346E1,-3.241749048E0,-4.797980309E0,1.101332754E-1
2.580520658E1,-3.287238836E0,-4.786009312E0,9.816227108E-2
2.580722074E1,-3.320757866E0,-4.790797710E0,8.858546615E-2
2.580914335E1,-3.325546265E0,-4.786009312E0,5.506663769E-2
2.581115751E1,-3.327940464E0,-4.786009312E0,-2.394201700E-3
2.581314115E1,-3.327940464E0,-4.800374508E0,-5.267243832E-2
2.581512479E1,-3.327940464E0,-4.824316502E0,-7.661445439E-2
2.581704740E1,-3.311181068E0,-4.843470097E0,-9.097966552E-2
2.581906156E1,-3.263296843E0,-4.869806290E0,-1.005564705E-1
2.582101469E1,-3.189076662E0,-4.900930882E0,-1.005564705E-1
2.582299833E1,-3.110068083E0,-4.941632271E0,-9.816227108E-2
2.582495145E1,-3.035847664E0,-4.996698856E0,-9.337386489E-2
2.582696561E1,-2.961627483E0,-5.051765442E0,-1.173158810E-1
2.582891874E1,-2.880224705E0,-5.068524837E0,-1.604115069E-1
2.583090238E1,-2.789244890E0,-5.078101635E0,-1.819593310E-1
2.583288602E1,-2.691082716E0,-5.094861031E0,-1.843535304E-1
2.583486967E1,-2.592920542E0,-5.106832027E0,-1.723825186E-1
2.583679227E1,-2.494758129E0,-5.111620426E0,-1.580173075E-1
2.583880643E1,-2.408566952E0,-5.121197224E0,-1.508347094E-1
2.584075956E1,-2.327163935E0,-5.130774021E0,-1.484405100E-1
2.584277372E1,-2.219424963E0,-5.125985622E0,-1.364694983E-1
2.584472684E1,-2.099714994E0,-5.109226227E0,-1.197100878E-1
2.584674100E1,-1.980004787E0,-5.092466831E0,-9.816227108E-2
2.584866361E1,-1.879448295E0,-5.082890034E0,-5.985504389E-2
2.585067777E1,-1.776497602E0,-5.066130638E0,-2.394201607E-2
2.585263090E1,-1.654393315E0,-5.039794445E0,7.182605099E-3
2.585461454E1,-1.534683347E0,-5.015852451E0,4.788403213E-2
2.585659818E1,-1.443703651E0,-5.006275654E0,1.077390760E-1
2.585858182E1,-1.345541358E0,-5.013458252E0,1.747767180E-1
2.586053495E1,-1.235408068E0,-5.030217648E0,2.609679997E-1
2.586251859E1,-1.130063176E0,-5.068524837E0,3.687070608E-1
2.586450224E1,-1.029506683E0,-5.130774021E0,5.003881454E-1
2.586651640E1,-9.265560508E-1,-5.204994678E0,6.464344859E-1
2.586846952E1,-8.212111592E-1,-5.288791656E0,7.805097699E-1
2.587048368E1,-7.254431248E-1,-5.398924828E0,9.074024558E-1
2.587243681E1,-6.655880809E-1,-5.530605793E0,1.048660398E0
2.587442045E1,-6.320692301E-1,-5.702988625E0,1.201889277E0
2.587640409E1,-6.033388376E-1,-5.896918774E0,1.364694953E0
2.587838773E1,-5.722141862E-1,-6.098031521E0,1.525106430E0
2.588034086E1,-5.051765442E-1,-6.306327343E0,1.675941229E0
2.588235502E1,-4.213795066E-1,-6.509834290E0,1.824381709E0
2.588430814E1,-3.567360640E-1,-6.734889507E0,2.008735180E0
2.588629178E1,-2.801215947E-1,-6.986280441E0,2.255337954E0
2.588824491E1,-2.226607651E-1,-7.108384609E0,2.394201756E0
2.589025907E1,-6.703764945E-2,-7.354987621E0,2.679111719E0
2.589221220E1,9.576806426E-2,-7.603984833E0,2.954444885E0
2.589422636E1,2.537853718E-1,-7.864952564E0,3.229778051E0
2.589617948E1,3.806780577E-1,-8.161833763E0,3.509899616E0
2.589816312E1,4.644751251E-1,-8.487444878E0,3.782838583E0
2.590014677E1,5.506663918E-1,-8.827422142E0,4.043806553E0
2.590216093E1,6.775590777E-1,-9.150638580E0,4.307168961E0
2.590411405E1,8.212111592E-1,-9.488221169E0,4.611232281E0
2.590609769E1,9.600749016E-1,-9.864110947E0,4.805162907E0
2.590808134E1,1.115697980E0,-1.023521233E1,4.939238071E0
2.591006498E1,1.333570361E0,-1.057758331E1,5.121197224E0
2.591201810E1,1.561019540E0,-1.092234802E1,5.303156853E0
2.591403226E1,1.800439715E0,-1.126950741E1,5.492298603E0
2.591598539E1,2.015917778E0,-1.161427212E1,5.729324818E0
2.591796903E1,2.193088770E0,-1.199016190E1,5.971138954E0
2.591995267E1,2.360682964E0,-1.239478207E1,6.217741966E0
2.592196683E1,2.535459518E0,-1.283770943E1,6.507440090E0
2.592391996E1,2.691082716E0,-1.331655025E1,6.842628479E0
2.592590360E1,2.851494312E0,-1.381215000E1,7.208941460E0
2.592785673E1,3.122039080E0,-1.428620148E1,7.462726593E0
2.592984037E1,3.476380825E0,-1.475307083E1,7.577648163E0
2.593182401E1,3.794809580E0,-1.526303577E1,7.726089001E0
2.593383817E1,4.108449936E0,-1.577300072E1,7.903259754E0
2.593576078E1,4.448426723E0,-1.625184059E1,8.066065788E0
2.593777494E1,4.824316502E0,-1.666124916E1,8.257601738E0
2.593975858E1,5.169081688E0,-1.703235054E1,8.511386871E0
2.594174223E1,5.410895824E0,-1.739387512E1,8.904036522E0
2.594366483E1,5.540182590E0,-1.772666931E1,9.433155060E0
2.594567899E1,5.566518784E0,-1.800918579E1,1.008198357E1
2.594763212E1,5.494692802E0,-1.824381638E1,1.083376312E1
2.594961576E1,5.372588634E0,-1.840901756E1,1.163582039E1
2.595159940E1,5.252878666E0,-1.848323631E1,1.247139645E1
2.595358305E1,5.135562420E0,-1.844971848E1,1.327584839E1
2.595550565E1,5.018246651E0,-1.831564331E1,1.401805115E1
2.595751981E1,4.946420670E0,-1.807861710E1,1.469800377E1
2.595947294E1,4.917690277E0,-1.770272827E1,1.525585365E1
2.596145658E1,4.927267075E0,-1.719994545E1,1.559582996E1
2.596340970E1,4.836287498E0,-1.664688492E1,1.562695408E1
2.596542387E1,4.446032524E0,-1.621832275E1,1.557667637E1
2.596737699E1,3.861847401E0,-1.589031696E1,1.573948193E1
2.596936063E1,3.284844637E0,-1.555512810E1,1.595017147E1
2.597134428E1,2.837129116E0,-1.516966152E1,1.597171974E1
2.597332792E1,2.537853718E0,-1.471715832E1,1.579215431E1
2.597525053E1,2.365471363E0,-1.420240402E1,1.547612000E1
2.597726469E1,2.245761156E0,-1.364694977E1,1.504037476E1
2.597918729E1,2.109291792E0,-1.307952404E1,1.447534370E1
2.598120145E1,1.910573006E0,-1.251449203E1,1.375708294E1
2.598315458E1,1.623268723E0,-1.196861458E1,1.290953541E1
2.598513822E1,1.218648672E0,-1.145625496E1,1.196861458E1
2.598712186E1,7.182605267E-1,-1.099656868E1,1.097262669E1
2.598910551E1,1.268926859E-1,-1.060152531E1,9.931148529E0
2.599102811E1,-5.458779931E-1,-1.029506683E1,8.844181061E0
2.599304227E1,-1.271321058E0,-1.007480049E1,7.747636795E0
2.599499540E1,-2.001552582E0,-9.919178009E0,6.684611320E0
2.599697904E1,-2.681505919E0,-9.813833237E0,5.679046631E0
2.599896268E1,-3.275267839E0,-9.734824181E0,4.745307922E0
2.600097684E1,-3.746925592E0,-9.665391922E0,3.921702385E0
2.600292997E1,-4.118026733E0,-9.612719536E0,3.208230257E0
2.600491361E1,-4.390965939E0,-9.562441826E0,2.580949545E0
2.600689725E1,-4.534617901E0,-9.466673851E0,2.006340981E0
2.600888090E1,-4.541800499E0,-9.294290543E0,1.407790542E0
2.601080350E1,-4.417302132E0,-9.030928612E0,6.775590777E-1
2.601281766E1,-4.220977783E0,-8.700529099E0,-1.867477298E-1
2.601480131E1,-4.039018154E0,-8.382100105E0,-1.010353088E0
2.601678495E1,-3.866635799E0,-8.128314972E0,-1.620874524E0
2.601873808E1,-3.658340216E0,-7.915230751E0,-2.116474390E0
2.602072172E1,-3.387795448E0,-7.740454197E0,-2.683900118E0
2.602270536E1,-3.047818661E0,-7.627926826E0,-3.337517262E0
2.602471952E1,-2.671929121E0,-7.575253963E0,-4.036623955E0
2.602667264E1,-2.346317768E0,-7.584830761E0,-4.699818134E0
2.602868681E1,-2.090138197E0,-7.647080421E0,-5.243301868E0
2.603063993E1,-1.900996208E0,-7.766790390E0,-5.604825974E0
2.603259306E1,-1.812410712E0,-7.972691536E0,-5.853823185E0
2.603457670E1,-1.812410712E0,-8.245630264E0,-6.153098583E0
2.603656034E1,-1.836352706E0,-8.525752068E0,-6.641515732E0
2.603851346E1,-1.867477298E0,-8.805873871E0,-7.235277653E0
2.604049711E1,-1.932120800E0,-9.138668060E0,-7.745242596E0
2.604248075E1,-2.087743998E0,-9.572018623E0,-8.056488991E0
2.604443388E1,-2.200271368E0,-9.811438560E0,-8.147468567E0
2.604641752E1,-2.432508945E0,-1.029746151E1,-8.250418663E0
2.604840116E1,-2.626439333E0,-1.075714779E1,-8.312667847E0
2.605038480E1,-2.738966703E0,-1.117613316E1,-8.324639320E0
2.605236845E1,-2.786850691E0,-1.153286934E1,-8.214506149E0
2.605432157E1,-2.829946518E0,-1.182496262E1,-7.996633530E0
2.605633573E1,-2.901772499E0,-1.204522896E1,-7.716512203E0
2.605825834E1,-3.021482468E0,-1.223437023E1,-7.398083210E0
2.606027250E1,-3.165134668E0,-1.238520527E1,-7.048529625E0
2.606222562E1,-3.313575268E0,-1.251209831E1,-6.646304131E0
2.606420927E1,-3.469198227E0,-1.261026001E1,-6.138733387E0
2.606619291E1,-3.612850428E0,-1.266053867E1,-5.542576790E0
2.606817655E1,-3.754108191E0,-1.268926907E1,-4.867412090E0
2.607009916E1,-3.883395195E0,-1.268687439E1,-4.122815132E0
2.607211332E1,-3.976768970E0,-1.265096188E1,-3.287238836E0
2.607406644E1,-3.995922565E0,-1.261983681E1,-2.279279947E0
2.607605009E1,-3.967192173E0,-1.259589481E1,-1.077390790E0
2.607800321E1,-3.936067581E0,-1.258631802E1,2.873041928E-1
2.608001737E1,-3.888183594E0,-1.259589481E1,1.762132406E0
2.608197050E1,-3.806780815E0,-1.260786629E1,3.263296843E0
2.608395414E1,-3.646369219E0,-1.261744308E1,4.604049683E0
2.608593778E1,-3.359065056E0,-1.264138508E1,5.705382824E0
2.608792142E1,-2.932897091E0,-1.267250919E1,6.569689274E0
2.608987455E1,-2.401384354E0,-1.272039318E1,7.139509678E0
2.609185819E1,-1.786074519E0,-1.278503704E1,7.410054207E0
2.609384183E1,-1.156399369E0,-1.287122822E1,7.376535416E0
2.609582548E1,-5.674257874E-1,-1.300051498E1,7.122750282E0
2.609774808E1,-4.788403213E-2,-1.315374374E1,6.737283707E0
2.609976224E1,4.118026793E-1,-1.328781986E1,6.258443356E0
2.610174589E1,7.972691655E-1,-1.337640476E1,5.698200226E0
2.610372953E1,1.101332784E0,-1.343386555E1,5.090072632E0
2.610571317E1,1.362300754E0,-1.345541382E1,4.477157116E0
2.610772733E1,1.570596337E0,-1.339555836E1,3.885789394E0
2.610968046E1,1.685518026E0,-1.324472427E1,3.308786631E0
2.611166410E1,1.735796213E0,-1.302685165E1,2.746149302E0
2.611364774E1,1.848323703E0,-1.273715305E1,2.188300371E0
2.611563138E1,2.049436569E0,-1.237323475E1,1.582567334E0
2.611758451E1,2.296039343E0,-1.193509579E1,9.217676520E-1
2.611956815E1,2.568978310E0,-1.143949604E1,2.585737705E-1
2.612155180E1,2.863465309E0,-1.091755962E1,-3.974374831E-1
2.612353544E1,3.114856482E0,-1.040998936E1,-1.036689281E0
2.612551908E1,3.280056238E0,-9.933543205E0,-1.628057122E0
2.612753324E1,3.363853455E0,-9.471462250E0,-2.147598982E0
2.612948637E1,3.390189648E0,-9.011775017E0,-2.600103140E0
2.613147001E1,3.308786631E0,-8.588001251E0,-2.947262287E0
2.613345365E1,3.076549292E0,-8.245630264E0,-3.136404276E0
2.613543729E1,2.722207308E0,-7.970297337E0,-3.177105665E0
2.613739042E1,2.300827742E0,-7.742848396E0,-3.071760893E0
2.613940458E1,1.841141105E0,-7.544129372E0,-2.853888512E0
2.614138822E1,1.374271750E0,-7.366958618E0,-2.619256735E0
2.614340238E1,9.121908545E-1,-7.196970463E0,-2.444479942E0
2.614535551E1,4.764461517E-1,-7.031770229E0,-2.389413357E0
2.614736967E1,9.576806426E-2,-6.880935669E0,-2.475604534E0
2.614932279E1,-2.059013397E-1,-6.727706909E0,-2.693476915E0
2.615130643E1,-4.405331016E-1,-6.572083473E0,-3.038241863E0
2.615329008E1,-6.344634295E-1,-6.447585106E0,-3.387795448E0
2.615527372E1,-8.212111592E-1,-6.378153324E0,-3.646369219E0
2.615722684E1,-1.029506683E0,-6.351817131E0,-3.809175014E0
2.615921049E1,-1.259350061E0,-6.382941723E0,-3.859453201E0
2.616119413E1,-1.467645645E0,-6.469132900E0,-3.801992416E0
2.616317777E1,-1.640028119E0,-6.588842869E0,-3.663128614E0
2.616513090E1,-1.795651317E0,-6.742072105E0,-3.493140221E0
2.616714506E1,-1.924938202E0,-6.943184853E0,-3.313575268E0
2.616909818E1,-2.025494576E0,-7.201758862E0,-3.110068083E0
2.617105131E1,-2.068590164E0,-7.505822182E0,-2.916137695E0
2.617303495E1,-2.044648170E0,-7.826645374E0,-2.746149302E0
2.617501859E1,-1.951274395E0,-8.164227486E0,-2.604891539E0
2.617697172E1,-1.826775908E0,-8.506598473E0,-2.442085743E0
2.617895536E1,-1.800439715E0,-8.832210541E0,-2.161964178E0
2.618087797E1,-1.757344007E0,-9.133879662E0,-1.817199111E0
2.618289213E1,-1.604115129E0,-9.414001465E0,-1.508347034E0
2.618484525E1,-1.383848548E0,-9.667786598E0,-1.256955862E0
2.618682890E1,-1.118092179E0,-9.878476143E0,-1.053448796E0
2.618881254E1,-7.948749661E-1,-1.003409958E1,-8.834604025E-1
2.619079618E1,-4.046200812E-1,-1.013226128E1,-7.493851185E-1
2.619271879E1,-4.788403399E-3,-1.019451046E1,-6.536170840E-1
2.619473295E1,3.543418646E-1,-1.023281765E1,-5.674257874E-1
2.619668607E1,6.799532771E-1,-1.025675964E1,-4.716577232E-1
2.619870023E1,9.816226959E-1,-1.026633644E1,-3.447650373E-1
2.620065336E1,1.228225470E0,-1.025915432E1,-1.628057212E-1
2.620266752E1,1.455674648E0,-1.022324085E1,3.830722719E-2
2.620462064E1,1.582567334E0,-1.019929886E1,1.412578970E-1
2.620660428E1,1.855506301E0,-1.013226128E1,3.471592367E-1
2.620858793E1,2.142810583E0,-1.005804157E1,5.410895944E-1
2.621057157E1,2.446874142E0,-1.000776291E1,7.158663273E-1
2.621252470E1,2.765302896E0,-9.981427193E0,8.667010069E-1
2.621450834E1,3.124433279E0,-9.971850395E0,9.600749016E-1
2.621649198E1,3.514688015E0,-9.971850395E0,9.888052940E-1
2.621847562E1,3.912125587E0,-9.969455719E0,9.720458984E-1
2.622039823E1,4.264073372E0,-9.962273598E0,9.265560508E-1
2.622241239E1,4.508281708E0,-9.945513725E0,8.690952063E-1
2.622436552E1,4.639962673E0,-9.935936928E0,8.571242094E-1
2.622634916E1,4.683058739E0,-9.940725327E0,9.002198577E-1
2.622833280E1,4.661510944E0,-9.952696800E0,9.720458984E-1
2.623031644E1,4.592078686E0,-9.976638794E0,1.039083481E0
2.623223905E1,4.489128113E0,-1.000297451E1,1.074996591E0
2.623425321E1,4.383783340E0,-1.002452278E1,1.067813993E0
2.623620634E1,4.276044369E0,-1.004846478E1,1.017535686E0
2.623818998E1,4.170699596E0,-1.005325317E1,9.337386489E-1
2.624014310E1,4.060565948E0,-1.003649330E1,8.379706144E-1
2.624215726E1,3.938461781E0,-1.002212811E1,7.350199223E-1
2.624407987E1,3.787626982E0,-9.995792389E0,6.512228847E-1
2.624609403E1,3.643975019E0,-9.945513725E0,5.746083856E-1
2.624804716E1,3.514688015E0,-9.892841339E0,4.716577232E-1
2.625000028E1,3.287238836E0,-9.866505623E0,3.591302633E-1
2.625198392E1,2.952050686E0,-9.866505623E0,2.729389966E-1
2.625396757E1,2.547430515E0,-9.873687744E0,2.035071403E-1
2.625592069E1,2.128445387E0,-9.864110947E0,1.149216816E-1
2.625790433E1,1.738190413E0,-9.821015358E0,2.154781483E-2
2.625988798E1,1.393425345E0,-9.763554573E0,-7.422025502E-2
2.626187162E1,1.086967587E0,-9.689333916E0,-1.867477298E-1
2.626382474E1,8.116343617E-1,-9.612719536E0,-3.112462163E-1
2.626583891E1,5.626373887E-1,-9.536105156E0,-4.165911078E-1
2.626779203E1,2.825157940E-1,-9.478644371E0,-5.219359994E-1
2.626977567E1,-6.464344263E-2,-9.433155060E0,-6.488286853E-1
2.627175932E1,-4.764461517E-1,-9.399636269E0,-7.709329724E-1
2.627374296E1,-9.792284966E-1,-9.394847870E0,-8.547300100E-1
2.627569608E1,-1.520318031E0,-9.404424667E0,-8.954314590E-1
2.627771024E1,-2.025494576E0,-9.433155060E0,-9.217676520E-1
2.627966337E1,-2.415749550E0,-9.454702377E0,-9.026140571E-1
2.628164701E1,-2.707842112E0,-9.442731857E0,-8.236053586E-1
2.628360014E1,-2.980781078E0,-9.404424667E0,-7.302315235E-1
2.628561430E1,-3.220201254E0,-9.366117477E0,-6.488286853E-1
2.628756742E1,-3.402160645E0,-9.296685219E0,-5.602431893E-1
2.628958158E1,-3.538630009E0,-9.188945770E0,-4.405331016E-1
2.629153470E1,-3.655946016E0,-9.069235802E0,-2.825157940E-1
2.629351835E1,-3.761290789E0,-8.954314232E0,-1.005564705E-1
2.629550199E1,-3.847482204E0,-8.868123055E0,8.379705995E-2
2.629751615E1,-3.955221176E0,-8.810662270E0,2.585737705E-1
2.629946928E1,-4.103661537E0,-8.757989883E0,4.381389022E-1
2.630145292E1,-4.259284973E0,-8.714894295E0,6.344634295E-1
2.630340604E1,-4.496310711E0,-8.700529099E0,7.972691655E-1
2.630538969E1,-4.752490520E0,-8.729259491E0,7.302315235E-1
2.630734281E1,-4.946420670E0,-8.748413086E0,4.955997467E-1
2.630935697E1,-5.128379822E0,-8.724471092E0,2.968810201E-1
2.631131010E1,-5.269638062E0,-8.669404030E0,2.370259613E-1
2.631329374E1,-5.310339451E0,-8.599972725E0,3.016694188E-1
2.631527738E1,-5.221754074E0,-8.547300339E0,3.854664862E-1
2.631726102E1,-5.051765442E0,-8.520963669E0,4.812345505E-1
2.631918363E1,-4.843470097E0,-8.501810074E0,6.105214357E-1
2.632119779E1,-4.599261284E0,-8.499416351E0,7.637503147E-1
2.632315092E1,-4.338293552E0,-8.544905663E0,9.145850539E-1
2.632513456E1,-4.058171749E0,-8.616731644E0,1.046266198E0
2.632711820E1,-3.737348795E0,-8.683769226E0,1.165976286E0
2.632910184E1,-3.402160645E0,-8.753201485E0,1.256955862E0
2.633102445E1,-3.059789658E0,-8.844181061E0,1.307234168E0
2.633303861E1,-2.679111719E0,-8.942343712E0,1.333570361E0
2.633499174E1,-2.262520552E0,-9.033323288E0,1.340752959E0
2.633697538E1,-1.817199111E0,-9.097966194E0,1.326387763E0
2.633889799E1,-1.580173135E0,-9.124302864E0,1.297657371E0
2.634091215E1,-1.084573388E0,-9.172186852E0,1.199495077E0
2.634286527E1,-5.841852427E-1,-9.208099365E0,1.086967587E0
2.634484891E1,-9.337386489E-2,-9.239224434E0,1.005564690E0
2.634683256E1,3.758896589E-1,-9.289502144E0,9.169792533E-1
2.634881620E1,8.140285611E-1,-9.323021889E0,8.212111592E-1
2.635076932E1,1.204283476E0,-9.306262016E0,7.015010715E-1
2.635278349E1,1.563413739E0,-9.284713745E0,5.482721925E-1
2.635473661E1,1.912967205E0,-9.277531624E0,3.687070608E-1
2.635672025E1,2.236184359E0,-9.282320023E0,1.580173075E-1
2.635867338E1,2.513911724E0,-9.303867340E0,-4.548983276E-2
2.636068754E1,2.743755102E0,-9.334992409E0,-2.106897533E-1
2.636261014E1,2.942473888E0,-9.368511200E0,-3.519476354E-1
2.636462431E1,3.126827478E0,-9.380482674E0,-4.884171486E-1
2.636660795E1,3.301604033E0,-9.366117477E0,-6.177040339E-1
2.636856107E1,3.454833031E0,-9.337387085E0,-7.422025204E-1
2.637054472E1,3.560178041E0,-9.306262016E0,-8.762778044E-1
2.637255888E1,3.610456228E0,-9.287108421E0,-9.935936928E-1
2.637451200E1,3.617638826E0,-9.258378029E0,-1.084573388E0
2.637652616E1,3.591302633E0,-9.236829758E0,-1.149216771E0
2.637847928E1,3.538630009E0,-9.236829758E0,-1.192312479E0
2.638046293E1,3.464409828E0,-9.241618156E0,-1.216254473E0
2.638244657E1,3.368641853E0,-9.251194954E0,-1.242590666E0
2.638443021E1,3.272873640E0,-9.270348549E0,-1.252167463E0
2.638635282E1,3.184288263E0,-9.277531624E0,-1.247379065E0
2.638836698E1,3.066972494E0,-9.279925346E0,-1.228225470E0
2.639032011E1,2.913743496E0,-9.284713745E0,-1.182735682E0
2.639230375E1,2.722207308E0,-9.306262016E0,-1.144428372E0
2.639428739E1,2.492363930E0,-9.346963882E0,-1.096544385E0
2.639630155E1,2.243366957E0,-9.366117477E0,-1.031900883E0
2.639825468E1,1.994369984E0,-9.370905876E0,-9.768342972E-1
2.640023832E1,1.733402014E0,-9.390059471E0,-9.457096457E-1
2.640219144E1,1.486799240E0,-9.416395187E0,-9.241618514E-1
2.640420560E1,1.280897856E0,-9.411606789E0,-9.145850539E-1
2.640615873E1,1.084573388E0,-9.368511200E0,-9.145850539E-1
2.640817289E1,9.002198577E-1,-9.330204010E0,-9.026140571E-1
2.641012601E1,7.182605267E-1,-9.315838814E0,-8.714894056E-1
2.641214017E1,5.578489900E-1,-9.308655739E0,-8.259995580E-1
2.641406278E1,4.237737060E-1,-9.294290543E0,-7.781155705E-1
2.641607694E1,2.968810201E-1,-9.294290543E0,-7.230489254E-1
2.641806058E1,1.819593310E-1,-9.299078941E0,-6.727706790E-1
2.642004423E1,9.816227108E-2,-9.284713745E0,-6.392518282E-1
2.642202787E1,4.548983276E-2,-9.239224434E0,-6.320692301E-1
2.642401151E1,1.197100803E-2,-9.193734169E0,-6.488286853E-1
2.642596464E1,-3.830722719E-2,-9.162610054E0,-6.751648784E-1
2.642794828E1,-9.816227108E-2,-9.126696587E0,-6.967126727E-1
2.642993192E1,-1.340752989E-1,-9.093177795E0,-7.015010715E-1
2.643191556E1,-1.460463107E-1,-9.071630478E0,-6.895300746E-1
2.643383817E1,-1.580173075E-1,-9.059659004E0,-6.703764796E-1
2.643585233E1,-1.675941199E-1,-9.057265282E0,-6.727706790E-1
2.643783598E1,-1.532289088E-1,-9.052476883E0,-6.967126727E-1
2.643981962E1,-1.316810995E-1,-9.026140213E0,-7.350199223E-1
2.644180326E1,-1.197100878E-1,-9.018958092E0,-7.805097699E-1
2.644381742E1,-1.125274822E-1,-9.026140213E0,-8.331822157E-1
2.644577055E1,-1.197100878E-1,-9.047688484E0,-8.690952063E-1
2.644775419E1,-1.244984865E-1,-9.078812599E0,-8.858546019E-1
2.644973783E1,-1.197100878E-1,-9.112331390E0,-8.882488012E-1
2.645172147E1,-1.077390760E-1,-9.126696587E0,-8.954314590E-1
2.645364408E1,-1.029506698E-1,-9.121908188E0,-9.121908545E-1
2.645565824E1,-9.816227108E-2,-9.119514465E0,-9.433154464E-1
2.645761137E1,-9.337386489E-2,-9.090784073E0,-9.816226959E-1
2.645959501E1,-1.005564705E-1,-9.047688484E0,-1.005564690E0
2.646157865E1,-1.053448766E-1,-8.999804497E0,-1.003170490E0
2.646356229E1,-1.244984865E-1,-8.971074104E0,-9.696516991E-1
2.646548490E1,-1.508347094E-1,-8.987833023E0,-9.050082564E-1
2.646749906E1,-1.795651317E-1,-9.014169693E0,-8.236053586E-1
2.646945219E1,-2.106897533E-1,-9.030928612E0,-7.613561153E-1
2.647143583E1,-2.370259613E-1,-9.040505409E0,-7.326257229E-1
2.647341947E1,-2.561795712E-1,-9.016563416E0,-7.206547260E-1
2.647543363E1,-2.753331959E-1,-8.971074104E0,-7.182605267E-1
2.647738676E1,-2.968810201E-1,-8.939949036E0,-7.182605267E-1
2.647940092E1,-3.375824392E-1,-8.939949036E0,-7.015010715E-1
2.648138456E1,-3.998316824E-1,-8.975862503E0,-6.631938815E-1
2.648336820E1,-4.668693244E-1,-9.021351814E0,-6.224924326E-1
2.648535184E1,-5.195417404E-1,-9.066842079E0,-5.961562395E-1
2.648733549E1,-5.722141862E-1,-9.095572472E0,-5.937620401E-1
2.648925809E1,-6.105214357E-1,-9.102754593E0,-5.985504389E-1
2.649127225E1,-6.392518282E-1,-9.114726067E0,-6.129156351E-1
2.649322538E1,-6.368576288E-1,-9.148244858E0,-6.272808313E-1
2.649520902E1,-6.081272364E-1,-9.186552048E0,-6.296750307E-1
2.649716215E1,-5.865794420E-1,-9.222464561E0,-6.224924326E-1
2.649917631E1,-5.817909837E-1,-9.267954826E0,-6.224924326E-1
2.650109891E1,-5.793967843E-1,-9.313444138E0,-6.368576288E-1
2.650311308E1,-5.793967843E-1,-9.368511200E0,-6.703764796E-1
2.650506620E1,-5.817909837E-1,-9.399636269E0,-6.895300746E-1
2.650701932E1,-5.889736414E-1,-9.466673851E0,-7.398083210E-1
2.650900297E1,-5.817909837E-1,-9.533711433E0,-8.020575643E-1
2.651098661E1,-5.339069963E-1,-9.595960617E0,-8.690952063E-1
2.651293974E1,-4.644751251E-1,-9.653421402E0,-9.409212470E-1
2.651492338E1,-4.141969085E-1,-9.730035782E0,-1.019929886E0
2.651690702E1,-3.758896589E-1,-9.823410034E0,-1.086967587E0
2.651889066E1,-3.232172430E-1,-9.926360130E0,-1.149216771E0
2.652084379E1,-2.537853718E-1,-1.002691650E1,-1.204283476E0
2.652285795E1,-1.843535304E-1,-1.012507915E1,-1.256955862E0
2.652481107E1,-1.197100878E-1,-1.023281765E1,-1.304839969E0
2.652679472E1,-4.548983276E-2,-1.033098030E1,-1.357512355E0
2.652877836E1,4.070143029E-2,-1.041477776E1,-1.395819545E0
2.653076200E1,1.292868853E-1,-1.049139214E1,-1.403002143E0
2.653271513E1,2.202665508E-1,-1.058476543E1,-1.379060149E0
2.653469877E1,2.992752194E-1,-1.068292809E1,-1.343147159E0
2.653668241E1,3.591302633E-1,-1.077390766E1,-1.297657371E0
2.653866605E1,4.141969085E-1,-1.085291672E1,-1.254561663E0
2.654061918E1,4.548983276E-1,-1.093431950E1,-1.221042871E0
2.654263334E1,4.740519226E-1,-1.101332760E1,-1.194706678E0
2.654458646E1,4.740519226E-1,-1.106121159E1,-1.182735682E0
2.654657011E1,4.525041282E-1,-1.108994198E1,-1.175553083E0
2.654855375E1,4.118026793E-1,-1.109712505E1,-1.154005170E0
2.655053739E1,3.591302633E-1,-1.108275986E1,-1.118092179E0
2.655249052E1,2.896983922E-1,-1.105163479E1,-1.063025594E0
2.655447416E1,1.963245422E-1,-1.101332760E1,-9.816226959E-1
2.655645780E1,6.703764945E-2,-1.097262669E1,-8.738836050E-1
2.655841093E1,-8.858546615E-2,-1.090558910E1,-7.613561153E-1
2.656039457E1,-2.801215947E-1,-1.081700325E1,-6.847416759E-1
2.656240873E1,-4.884171486E-1,-1.071405220E1,-5.889736414E-1
2.656436185E1,-6.919242740E-1,-1.060631371E1,-4.070142806E-1
2.656631498E1,-9.074024558E-1,-1.051293945E1,-1.340752989E-1
2.656829862E1,-1.151610970E0,-1.042914295E1,1.580173075E-1
2.657028226E1,-1.403002143E0,-1.036449909E1,4.692635238E-1
2.657223539E1,-1.642422318E0,-1.032379818E1,8.140285611E-1
2.657424955E1,-1.867477298E0,-1.030703831E1,1.185129881E0
2.657620267E1,-2.068590164E0,-1.030464458E1,1.565807939E0
2.657818632E1,-2.236184359E0,-1.030703831E1,1.922544003E0
2.658016996E1,-2.375048161E0,-1.030464458E1,2.197877169E0
2.658215360E1,-2.480392933E0,-1.031900978E1,2.391807556E0
2.658410673E1,-2.545036316E0,-1.034534550E1,2.513911724E0
2.658612089E1,-2.545036316E0,-1.036689377E1,2.549824715E0
2.658807401E1,-2.461239338E0,-1.038365269E1,2.511517525E0
2.659005766E1,-2.298433542E0,-1.040520096E1,2.396595955E0
2.659204130E1,-2.080561161E0,-1.043632507E1,2.212242365E0
2.659405546E1,-1.802833915E0,-1.046745014E1,1.999158382E0
2.659600858E1,-1.470039845E0,-1.051772785E1,1.774103403E0
2.659799223E1,-1.103726983E0,-1.060152531E1,1.546654344E0
2.659997587E1,-7.206547260E-1,-1.070926380E1,1.340752959E0
2.660195951E1,-3.351882398E-1,-1.082658005E1,1.137245774E0
2.660388212E1,4.070143029E-2,-1.094629002E1,9.193734527E-1
2.660589628E1,4.094084799E-1,-1.103966427E1,7.110779285E-1
2.660787992E1,7.589619160E-1,-1.113543224E1,5.554547906E-1
2.660986356E1,1.082179189E0,-1.125753593E1,4.596867263E-1
2.661178617E1,1.381454349E0,-1.138921738E1,4.022258818E-1
2.661380033E1,1.640028119E0,-1.151850414E1,3.615244627E-1
2.661578397E1,1.872265697E0,-1.164060879E1,3.112462163E-1
2.661779813E1,2.094926596E0,-1.176510715E1,2.777273953E-1
2.661975126E1,2.286462545E0,-1.190157700E1,2.825157940E-1
2.662176542E1,2.456450939E0,-1.205480576E1,3.112462163E-1
2.662371854E1,2.619256735E0,-1.221521664E1,3.543418646E-1
2.662567167E1,2.762908697E0,-1.238041687E1,4.070142806E-1
2.662765531E1,2.873042107E0,-1.255519390E1,4.668693244E-1
2.662963895E1,2.971204281E0,-1.275391293E1,5.506663918E-1
2.663159208E1,3.043030262E0,-1.298375607E1,6.607996821E-1
2.663357572E1,3.071760893E0,-1.322796440E1,7.829039693E-1
2.663555936E1,3.071760893E0,-1.346977901E1,9.121908545E-1
2.663751249E1,3.050212860E0,-1.371638107E1,1.046266198E0
2.663949613E1,3.009511471E0,-1.394861889E1,1.180341482E0
2.664151029E1,2.947262287E0,-1.415212631E1,1.323993564E0
2.664346342E1,2.865859509E0,-1.432929707E1,1.513135433E0
2.664544706E1,2.765302896E0,-1.447773743E1,1.738190413E0
2.664740018E1,2.655169725E0,-1.459505367E1,1.980004787E0
2.664941434E1,2.547430515E0,-1.465490818E1,2.226607561E0
2.665133695E1,2.442085743E0,-1.464772606E1,2.492363930E0
2.665335111E1,2.331952572E0,-1.460463047E1,2.794033289E0
2.665530424E1,2.276885748E0,-1.457350540E1,2.956839085E0
2.665728788E1,2.092532396E0,-1.447534370E1,3.452438831E0
2.665927152E1,2.018311977E0,-1.443943024E1,3.608062029E0
2.666125516E1,1.855506301E0,-1.436760426E1,3.902548790E0
2.666317777E1,1.678335428E0,-1.431493187E1,4.175487995E0
2.666519193E1,1.491587639E0,-1.429577827E1,4.424484730E0
2.666714506E1,1.304839969E0,-1.430056667E1,4.647145271E0
2.666915922E1,1.125274777E0,-1.431732655E1,4.833893299E0
2.667111234E1,9.409212470E-1,-1.434605694E1,4.996698856E0
2.667309599E1,7.781155705E-1,-1.439633465E1,5.159504890E0
2.667501859E1,6.344634295E-1,-1.447055531E1,5.307945251E0
2.667703275E1,4.548983276E-1,-1.453759289E1,5.418078423E0
2.667898588E1,2.873041928E-1,-1.459984207E1,5.509057999E0
2.668096952E1,1.460463107E-1,-1.467406178E1,5.609614372E0
2.668295316E1,2.394201607E-2,-1.473870564E1,5.693411827E0
2.668493681E1,-8.379705995E-2,-1.479616642E1,5.760449409E0
2.668688993E1,-1.747767180E-1,-1.485123348E1,5.805939198E0
2.668890409E1,-2.585737705E-1,-1.491108799E1,5.839457989E0
2.669085722E1,-3.519476354E-1,-1.496615505E1,5.839457989E0
2.669284086E1,-4.572925270E-1,-1.500206757E1,5.808333397E0
2.669476346E1,-5.746083856E-1,-1.501882744E1,5.755661011E0
2.669677763E1,-7.182605267E-1,-1.502840424E1,5.669469833E0
2.669873075E1,-8.643068075E-1,-1.501643276E1,5.576095581E0
2.670071439E1,-1.029506683E0,-1.497094345E1,5.470750809E0
2.670269804E1,-1.211466074E0,-1.490629959E1,5.365406036E0
2.670468168E1,-1.383848548E0,-1.484883881E1,5.269638062E0
2.670663480E1,-1.546654344E0,-1.478180122E1,5.166687489E0
2.670864896E1,-1.697489023E0,-1.465969658E1,5.030217648E0
2.671060209E1,-1.843535304E0,-1.450646782E1,4.865017891E0
2.671258573E1,-1.989581585E0,-1.432211494E1,4.675876141E0
2.671453886E1,-2.128445387E0,-1.411621284E1,4.417302132E0
2.671655302E1,-2.269703150E0,-1.389355278E1,4.077325344E0
2.671847562E1,-2.387019157E0,-1.365413189E1,3.689464808E0
2.672048978E1,-2.475604534E0,-1.338837624E1,3.280056238E0
2.672247343E1,-2.559401512E0,-1.309867764E1,2.865859509E0
2.672442655E1,-2.612074137E0,-1.280179691E1,2.437297344E0
2.672641019E1,-2.633621931E0,-1.251449203E1,1.987187386E0
2.672839384E1,-2.626439333E0,-1.222958183E1,1.520318031E0
2.673034696E1,-2.585737944E0,-1.195424938E1,1.089361787E0
2.673233060E1,-2.528276920E0,-1.169567490E1,7.302315235E-1
2.673431425E1,-2.504334927E0,-1.146583176E1,4.525041282E-1
2.673629789E1,-2.518700123E0,-1.126711273E1,2.082955539E-1
2.673825101E1,-2.547430515E0,-1.108754826E1,-1.915361360E-2
2.674026517E1,-2.597708941E0,-1.091995430E1,-2.059013397E-1
2.674221830E1,-2.657563925E0,-1.079306126E1,-3.639186621E-1
2.674417142E1,-2.703053713E0,-1.070447540E1,-4.908113480E-1
2.674615507E1,-2.710236311E0,-1.063743782E1,-5.961562395E-1
2.674813871E1,-2.683900118E0,-1.059194851E1,-6.991068721E-1
2.675009183E1,-2.645592928E0,-1.056321812E1,-8.236053586E-1
2.675207548E1,-2.607285738E0,-1.053448772E1,-9.720458984E-1
2.675405912E1,-2.528276920E0,-1.052251625E1,-1.132457376E0
2.675604276E1,-2.406172752E0,-1.054166985E1,-1.297657371E0
2.675799589E1,-2.267308950E0,-1.057518864E1,-1.484405041E0
2.676001005E1,-2.138022184E0,-1.060870743E1,-1.697489023E0
2.676196317E1,-1.999158382E0,-1.063983250E1,-1.936909199E0
2.676394682E1,-1.860294700E0,-1.066616821E1,-2.202665567E0
2.676593046E1,-1.735796213E0,-1.070208168E1,-2.454056740E0
2.676791410E1,-1.618480325E0,-1.074278259E1,-2.626439333E0
2.676986723E1,-1.501164436E0,-1.077869606E1,-2.695871115E0
2.677185087E1,-1.379060149E0,-1.079784966E1,-2.715024710E0
2.677380399E1,-1.254561663E0,-1.078587818E1,-2.755726099E0
2.677578764E1,-1.168370485E0,-1.074996567E1,-2.875436306E0
2.677774076E1,-1.139639974E0,-1.072602367E1,-3.040636063E0
2.677972440E1,-1.127668977E0,-1.070208168E1,-3.172317266E0
2.678170805E1,-1.098938584E0,-1.065898609E1,-3.241749048E0
2.678372220E1,-1.070208192E0,-1.058716011E1,-3.311181068E0
2.678564481E1,-1.043871999E0,-1.052730465E1,-3.411737442E0
2.678765897E1,-9.744400978E-1,-1.047223854E1,-3.466804028E0
2.678964262E1,-8.379706144E-1,-1.037886429E1,-3.421314240E0
2.679162626E1,-6.655880809E-1,-1.025675964E1,-3.301604033E0
2.679354887E1,-5.937620401E-1,-1.019929886E1,-3.239354849E0
2.679556303E1,-5.003881454E-1,-1.010113716E1,-3.150769472E0
2.679751615E1,-4.213795066E-1,-9.998186111E0,-3.100491285E0
2.679949979E1,-2.825157940E-1,-9.876082420E0,-3.059789658E0
2.680148344E1,-1.125274822E-1,-9.761159897E0,-2.956839085E0
2.680346708E1,1.053448766E-1,-9.667786598E0,-2.786850691E0
2.680542020E1,4.596867263E-1,-9.572018623E0,-2.628833532E0
2.680740385E1,1.024718285E0,-9.495404243E0,-2.537853718E0
2.680938749E1,1.539471745E0,-9.452308655E0,-2.461239338E0
2.681140165E1,1.802833915E0,-9.411606789E0,-2.367865562E0
2.681335477E1,1.790862918E0,-9.378087997E0,-2.219424963E0
2.681533842E1,1.618480325E0,-9.402029991E0,-2.054224968E0
2.681732206E1,1.522712231E0,-9.464279175E0,-1.889025092E0
2.681930570E1,1.659181833E0,-9.545681953E0,-1.714248419E0
2.682122831E1,1.946485996E0,-9.603142738E0,-1.498770237E0
2.682324247E1,2.236184359E0,-9.624691010E0,-1.338358760E0
2.682519559E1,2.319981337E0,-9.667786598E0,-1.134851575E0
2.682717924E1,2.142810583E0,-9.718064308E0,-8.283938169E-1
2.682913236E1,1.915361404E0,-9.777919769E0,-4.118026793E-1
2.683114652E1,1.881842494E0,-9.864110947E0,-1.197100803E-2
2.683309965E1,2.023100376E0,-9.988609314E0,3.280056417E-1
2.683508329E1,2.188300371E0,-1.014902115E1,6.224924326E-1
2.683703641E1,2.322375536E0,-1.033816338E1,7.972691655E-1
2.683905058E1,2.377442360E0,-1.050575733E1,8.451532125E-1
2.684100370E1,2.303221941E0,-1.064701462E1,8.738836050E-1
2.684301786E1,2.142810583E0,-1.078108978E1,9.121908545E-1
2.684497099E1,2.047042370E0,-1.091277122E1,9.050082564E-1
2.684695463E1,2.111685991E0,-1.104684639E1,8.427590132E-1
2.684893827E1,2.303221941E0,-1.119289303E1,7.876923680E-1
2.685095243E1,2.492363930E0,-1.131739140E1,8.140285611E-1
2.685290556E1,2.554613113E0,-1.136767006E1,9.385270476E-1
2.685488920E1,2.489969730E0,-1.137724686E1,1.094150186E0
2.685684232E1,2.370259762E0,-1.141794777E1,1.173158884E0
2.685885648E1,2.190694571E0,-1.147780323E1,1.189918280E0
2.686080961E1,1.980004787E0,-1.151371574E1,1.163581967E0
2.686282377E1,1.812410712E0,-1.149935055E1,1.072602391E0
2.686477689E1,1.656787634E0,-1.146822643E1,9.026140571E-1
2.686676054E1,1.422155857E0,-1.149216843E1,8.188169599E-1
2.686874418E1,1.192312479E0,-1.154005241E1,9.433154464E-1
2.687072782E1,1.067813993E0,-1.155920601E1,1.142034173E0
2.687268095E1,1.065419793E0,-1.151850414E1,1.304839969E0
2.687469511E1,1.055842996E0,-1.144667816E1,1.414973259E0
2.687664823E1,9.504981041E-1,-1.138682365E1,1.434126854E0
2.687863187E1,7.469909191E-1,-1.136767006E1,1.364694953E0
2.688061552E1,5.410895944E-1,-1.135569859E1,1.223437071E0
2.688259916E1,4.118026793E-1,-1.133415127E1,1.015141487E0
2.688455228E1,3.615244627E-1,-1.126950741E1,7.278373241E-1
2.688656644E1,3.519476354E-1,-1.117852783E1,4.237737060E-1
2.688851957E1,3.088520169E-1,-1.110191345E1,1.915361285E-1
2.689053373E1,2.633621991E-1,-1.101332760E1,1.197100803E-2
2.689248685E1,2.370259613E-1,-1.089840603E1,-1.556231081E-1
2.689450101E1,1.915361285E-1,-1.076672459E1,-2.920926213E-1
2.689648466E1,1.388636976E-1,-1.060152531E1,-3.878606856E-1
2.689846830E1,7.661445439E-2,-1.042674828E1,-4.644751251E-1
2.690045194E1,-2.873042040E-2,-1.029506683E1,-5.674257874E-1
2.690243558E1,-1.412578970E-1,-1.019929886E1,-6.631938815E-1
2.690438871E1,-2.370259613E-1,-1.012986755E1,-7.230489254E-1
2.690640287E1,-3.375824392E-1,-1.007001209E1,-7.541735172E-1
2.690835599E1,-4.405331016E-1,-9.979032516E0,-7.805097699E-1
2.691037016E1,-5.147533417E-1,-9.847352028E0,-8.044517636E-1
2.691232328E1,-5.626373887E-1,-9.718064308E0,-7.972691655E-1
2.691433744E1,-6.105214357E-1,-9.629479408E0,-7.398083210E-1
2.691626005E1,-6.248866320E-1,-9.528923035E0,-6.847416759E-1
2.691827421E1,-6.224924326E-1,-9.414001465E0,-6.488286853E-1
2.692025785E1,-6.440402865E-1,-9.313444138E0,-6.272808313E-1
2.692221098E1,-6.607996821E-1,-9.205705643E0,-5.961562395E-1
2.692419462E1,-7.206547260E-1,-9.112331390E0,-5.267243981E-1
2.692620878E1,-8.116343617E-1,-9.042900085E0,-4.381389022E-1
2.692816190E1,-8.954314590E-1,-8.975862503E0,-3.136404157E-1
2.693017606E1,-9.672574997E-1,-8.913613319E0,-1.436520964E-1
2.693212919E1,-1.055842996E0,-8.894459724E0,6.224924326E-2
2.693414335E1,-1.134851575E0,-8.865729332E0,2.609679997E-1
2.693606596E1,-1.156399369E0,-8.808267593E0,3.734954596E-1
2.693808012E1,-1.043871999E0,-8.748413086E0,3.782838583E-1
2.694006376E1,-8.236053586E-1,-8.669404030E0,2.992752194E-1
2.694201688E1,-5.889736414E-1,-8.597578049E0,2.154781520E-1
2.694400053E1,-3.950432837E-1,-8.561665535E0,1.867477298E-1
2.694601469E1,-2.442085743E-1,-8.523358345E0,1.867477298E-1
2.694796781E1,-1.771709323E-1,-8.513781548E0,1.556231081E-1
2.694995145E1,-1.987187415E-1,-8.554482460E0,8.858546615E-2
2.695193510E1,-2.609679997E-1,-8.556877136E0,3.112462163E-2
2.695394926E1,-3.711012602E-1,-8.525752068E0,-2.873042040E-2
2.695587186E1,-5.315127969E-1,-8.511386871E0,-1.029506698E-1
2.695788602E1,-6.943184733E-1,-8.501810074E0,-1.723825186E-1
2.695983915E1,-7.876923680E-1,-8.444349289E0,-2.250549644E-1
2.696179227E1,-8.930372596E-1,-8.403648376E0,-2.920926213E-1
2.696377592E1,-9.935936928E-1,-8.394071579E0,-3.447650373E-1
2.696575956E1,-1.005564690E0,-8.346187592E0,-3.758896589E-1
2.696768217E1,-9.959878922E-1,-8.310274124E0,-3.902548850E-1
2.696969633E1,-1.015141487E0,-8.221688271E0,-4.141969085E-1
2.697164945E1,-1.039083481E0,-8.207323074E0,-4.189853072E-1
2.697363309E1,-1.091755986E0,-8.154650688E0,-4.357447028E-1
2.697558622E1,-1.201889277E0,-8.128314972E0,-4.333505034E-1
2.697760038E1,-1.355118155E0,-8.099584579E0,-4.189853072E-1
2.697955350E1,-1.470039845E0,-8.006210327E0,-4.189853072E-1
2.698156766E1,-1.663970232E0,-7.946355343E0,-3.926490843E-1
2.698352079E1,-1.862688899E0,-7.891288757E0,-3.471592367E-1
2.698550443E1,-1.975216389E0,-7.778761387E0,-2.825157940E-1
2.698748808E1,-2.092532396E0,-7.651868820E0,-2.178723514E-1
2.698950224E1,-2.231395960E0,-7.541735172E0,-1.843535304E-1
2.699145536E1,-2.360682964E0,-7.422025204E0,-1.699883193E-1
2.699343900E1,-2.521094322E0,-7.314286232E0,-1.556231081E-1
2.699539213E1,-2.657563925E0,-7.187393665E0,-1.628057212E-1
2.699740629E1,-2.755726099E0,-7.048529625E0,-2.585737705E-1
2.699935941E1,-2.861071110E0,-6.947973251E0,-4.261679053E-1
2.700137357E1,-2.906560898E0,-6.818686485E0,-6.153098345E-1
2.700335722E1,-2.925714493E0,-6.651092529E0,-7.541735172E-1
2.700534086E1,-2.975992680E0,-6.512228489E0,-8.092401624E-1
2.700729398E1,-3.050212860E0,-6.378153324E0,-7.924807668E-1
2.700927763E1,-3.167528868E0,-6.241683960E0,-6.607996821E-1
2.701126127E1,-3.241749048E0,-6.121973515E0,-5.889736414E-1
2.701324491E1,-3.236960649E0,-5.990292549E0,-6.703764796E-1
2.701519804E1,-3.275267839E0,-5.872976780E0,-7.876923680E-1
2.701721220E1,-3.363853455E0,-5.762843609E0,-8.738836050E-1
2.701916532E1,-3.478775024E0,-5.662287235E0,-9.169792533E-1
2.702111845E1,-3.596091032E0,-5.571307182E0,-9.361328483E-1
2.702310209E1,-3.691859007E0,-5.480327606E0,-9.672574997E-1
2.702508573E1,-3.770867586E0,-5.415684223E0,-9.888052940E-1
2.702703886E1,-3.857059002E0,-5.374982834E0,-1.007958889E0
2.702902250E1,-3.928884983E0,-5.307945251E0,-1.015141487E0
2.703100614E1,-4.012681961E0,-5.236119270E0,-1.029506683E0
2.703298978E1,-4.134786129E0,-5.214571476E0,-1.022324085E0
2.703494291E1,-4.211400986E0,-5.181052685E0,-1.007958889E0
2.703695707E1,-4.264073372E0,-5.130774021E0,-1.000776291E0
2.703891019E1,-4.307168961E0,-5.102043629E0,-9.888052940E-1
2.704089384E1,-4.347870350E0,-5.097255230E0,-9.768342972E-1
2.704284696E1,-4.393360138E0,-5.097255230E0,-9.528923035E-1
2.704483060E1,-4.400542736E0,-5.070919037E0,-9.289502501E-1
2.704678373E1,-4.431667328E0,-5.037400246E0,-9.050082564E-1
2.704879789E1,-4.513070107E0,-5.054159641E0,-8.595184088E-1
2.705075101E1,-4.580107689E0,-5.123591423E0,-7.829039693E-1
2.705273466E1,-4.548983097E0,-5.147533417E0,-7.134721279E-1
2.705471830E1,-4.479551315E0,-5.114014626E0,-6.607996821E-1
2.705670194E1,-4.436455727E0,-5.102043629E0,-6.081272364E-1
2.705862455E1,-4.398148537E0,-5.104437828E0,-5.722141862E-1
2.706063871E1,-4.326322556E0,-5.087678432E0,-5.386953950E-1
2.706259183E1,-4.254496574E0,-5.066130638E0,-5.027823448E-1
2.706457548E1,-4.216189384E0,-5.056553841E0,-4.692635238E-1
2.706655912E1,-4.182670593E0,-5.049371243E0,-4.405331016E-1
2.706854276E1,-4.129997730E0,-5.037400246E0,-4.118026793E-1
2.707049589E1,-4.070142746E0,-5.003881454E0,-3.758896589E-1
2.707251005E1,-4.010287762E0,-4.967968464E0,-3.327940404E-1
2.707446317E1,-3.967192173E0,-4.970362663E0,-2.968810201E-1
2.707644682E1,-3.931279182E0,-5.013458252E0,-2.466027737E-1
2.707843046E1,-3.897760391E0,-5.090072632E0,-1.891419291E-1
2.708041410E1,-3.823540211E0,-5.166687489E0,-1.436520964E-1
2.708233671E1,-3.706224203E0,-5.221754074E0,-1.244984865E-1
2.708435087E1,-3.569754839E0,-5.248090267E0,-1.173158810E-1
2.708630399E1,-3.435679436E0,-5.264849663E0,-1.149216816E-1
2.708828764E1,-3.330334663E0,-5.284003258E0,-1.149216816E-1
2.709021024E1,-3.236960649E0,-5.317522049E0,-1.125274822E-1
2.709222440E1,-3.143586874E0,-5.363011837E0,-1.268926859E-1
2.709414701E1,-3.052607059E0,-5.398924828E0,-1.556231081E-1
2.709616117E1,-2.952050686E0,-5.430049419E0,-1.723825186E-1
2.709814481E1,-2.846705914E0,-5.470750809E0,-1.819593310E-1
2.710009794E1,-2.770091295E0,-5.521028996E0,-1.915361285E-1
2.710208158E1,-2.698265314E0,-5.559336185E0,-1.843535304E-1
2.710409574E1,-2.602497339E0,-5.580883980E0,-1.580173075E-1
2.710604887E1,-2.492363930E0,-5.595249176E0,-1.149216816E-1
2.710806303E1,-2.377442360E0,-5.616796970E0,-7.182604820E-2
2.711001615E1,-2.250549555E0,-5.645527840E0,-4.070143029E-2
2.711203031E1,-2.140416384E0,-5.669469833E0,-2.394201607E-2
2.711395292E1,-2.061407566E0,-5.695806026E0,-7.182605099E-3
2.711596708E1,-1.991975784E0,-5.724536419E0,3.351882473E-2
2.711792020E1,-1.948880196E0,-5.738901615E0,5.985504389E-2
2.711990385E1,-1.874659896E0,-5.758055210E0,1.149216816E-1
2.712185697E1,-1.819593310E0,-5.781997204E0,1.771709323E-1
2.712384061E1,-1.740584612E0,-5.803544998E0,2.585737705E-1
2.712579374E1,-1.642422318E0,-5.813121796E0,3.519476354E-1
2.712780790E1,-1.553836942E0,-5.817910194E0,4.477157295E-1
2.712976102E1,-1.470039845E0,-5.815515995E0,5.339069963E-1
2.713174467E1,-1.379060149E0,-5.805939198E0,6.033388376E-1
2.713372831E1,-1.304839969E0,-5.813121796E0,6.895300746E-1
2.713571195E1,-1.240196466E0,-5.829881191E0,8.020575643E-1
2.713769559E1,-1.158793569E0,-5.837063789E0,9.289502501E-1
2.713967924E1,-1.063025594E0,-5.827486992E0,1.084573388E0
2.714163236E1,-9.576807022E-1,-5.834669590E0,1.276109457E0
2.714364652E1,-8.427590132E-1,-5.863399982E0,1.513135433E0
2.714556913E1,-7.326257229E-1,-5.925649166E0,1.771709204E0
2.714758329E1,-6.488286853E-1,-6.014234543E0,2.018311977E0
2.714953641E1,-5.889736414E-1,-6.112396717E0,2.238578558E0
2.715152006E1,-5.195417404E-1,-6.205770969E0,2.449268341E0
2.715350370E1,-4.501099288E-1,-6.315904140E0,2.652775526E0
2.715548734E1,-3.878606856E-1,-6.445190907E0,2.863465309E0
2.715740995E1,-2.896983922E-1,-6.579266071E0,3.088520288E0
2.715942411E1,-1.364694983E-1,-6.708553314E0,3.344699860E0
2.716137724E1,1.915361360E-2,-6.856993675E0,3.636792421E0
2.716336088E1,1.412578970E-1,-7.041347027E0,3.936067581E0
2.716534452E1,2.681505978E-1,-7.237671852E0,4.223371983E0
2.716732816E1,3.902548850E-1,-7.424419403E0,4.525041103E0
2.716928129E1,5.099649429E-1,-7.611167431E0,4.843470097E0
2.717129545E1,6.272808313E-1,-7.850587368E0,5.135562420E0
2.717327909E1,7.326257229E-1,-8.121131897E0,5.403713226E0
2.717526273E1,8.331822157E-1,-8.396465302E0,5.643133640E0
2.717724638E1,9.289502501E-1,-8.714894295E0,5.884947777E0
2.717923002E1,1.031900883E0,-9.071630478E0,6.124367714E0
2.718118314E1,1.142034173E0,-9.459490776E0,6.361393929E0
2.718319730E1,1.233013868E0,-9.880870819E0,6.605602264E0
2.718515043E1,1.295263171E0,-1.035252857E1,6.876147270E0
2.718713407E1,1.331176162E0,-1.087685871E1,7.192182064E0
2.718908720E1,1.379060149E0,-1.142752457E1,7.553706169E0
2.719110136E1,1.450886250E0,-1.199016190E1,7.936778545E0
2.719305448E1,1.549048543E0,-1.256477070E1,8.336610794E0
2.719503812E1,1.685518026E0,-1.312740803E1,8.757989883E0
2.719702177E1,1.853112102E0,-1.369004536E1,9.200917244E0
2.719900541E1,2.032677174E0,-1.425986576E1,9.636661530E0
2.720092802E1,2.248155355E0,-1.483686829E1,1.002452278E1
2.720294218E1,2.509123325E0,-1.541147614E1,1.038844109E1
2.720489530E1,2.767697096E0,-1.596214294E1,1.073560047E1
2.720687894E1,2.954444885E0,-1.650083733E1,1.101093388E1
2.720883207E1,3.090914488E0,-1.701559067E1,1.124795914E1
2.721084623E1,3.232172251E0,-1.747288322E1,1.144188976E1
2.721279935E1,3.359065056E0,-1.786792755E1,1.163821411E1
2.721478300E1,3.505111217E0,-1.818875122E1,1.188481712E1
2.721676664E1,3.648763418E0,-1.841859436E1,1.214099693E1
2.721875028E1,3.746925592E0,-1.855266953E1,1.238999367E1
2.722067289E1,3.825934410E0,-1.858618736E1,1.262223148E1
2.722268705E1,3.881000996E0,-1.852872658E1,1.281855583E1
2.722467069E1,3.892971992E0,-1.837789154E1,1.296220779E1
2.722665433E1,3.890577793E0,-1.809537697E1,1.301248646E1
2.722857694E1,3.835511208E0,-1.772188187E1,1.296460247E1
2.723059110E1,3.703830004E0,-1.728853035E1,1.288798809E1
2.723254423E1,3.476380825E0,-1.684320831E1,1.276348972E1
2.723452787E1,3.201047659E0,-1.637873459E1,1.252406883E1
2.723651151E1,2.863465309E0,-1.590707588E1,1.221042824E1
2.723849516E1,2.458845139E0,-1.546175480E1,1.188242340E1
2.724044828E1,2.061407566E0,-1.502122116E1,1.151850414E1
2.724246244E1,1.745373011E0,-1.456632328E1,1.108036518E1
2.724441556E1,1.465251446E0,-1.410903072E1,1.057997704E1
2.724639921E1,1.149216771E0,-1.367568016E1,1.002212811E1
2.724835233E1,8.307880163E-1,-1.327584839E1,9.418789864E0
2.725036649E1,5.291185975E-1,-1.288798809E1,8.793902397E0
2.725231962E1,2.489969730E-1,-1.252646351E1,8.152256966E0
2.725430326E1,-5.746084079E-2,-1.218648624E1,7.501033783E0
2.725628690E1,-3.974374831E-1,-1.186087513E1,6.868964672E0
2.725827055E1,-7.805097699E-1,-1.157357121E1,6.291962147E0
2.726019315E1,-1.161187768E0,-1.130781460E1,5.789179802E0
2.726220731E1,-1.546654344E0,-1.107797146E1,5.293580055E0
2.726416044E1,-1.759738207E0,-1.097262669E1,5.058948040E0
2.726614408E1,-2.205059767E0,-1.078827286E1,4.723760128E0
2.726806669E1,-2.676717520E0,-1.063504410E1,4.477157116E0
2.727008085E1,-3.153163671E0,-1.051293945E1,4.259284973E0
2.727203397E1,-3.591302633E0,-1.039801788E1,4.058171749E0
2.727401762E1,-4.015076160E0,-1.029506683E1,3.881000996E0
2.727600126E1,-4.417302132E0,-1.019929886E1,3.691859007E0
2.727798490E1,-4.778826714E0,-1.011310768E1,3.459621429E0
2.727993803E1,-5.104437828E0,-1.005085850E1,3.198653460E0
2.728195219E1,-5.425261021E0,-1.001494598E1,2.887407303E0
2.728387479E1,-5.698200226E0,-9.998186111E0,2.475604534E0
2.728588895E1,-5.904101372E0,-9.998186111E0,1.936909199E0
2.728784208E1,-6.062118530E0,-1.005564690E1,1.328781962E0
2.728982572E1,-6.162675381E0,-1.018253994E1,7.302315235E-1
2.729180936E1,-6.217741966E0,-1.038365269E1,1.316810995E-1
2.729379301E1,-6.239289761E0,-1.068771648E1,-4.644751251E-1
2.729571561E1,-6.220136166E0,-1.111627865E1,-9.696516991E-1
2.729772977E1,-6.098031521E0,-1.159990692E1,-1.391031146E0
2.729968290E1,-5.925649166E0,-1.210029507E1,-1.829170108E0
2.730166654E1,-5.722142220E0,-1.259828949E1,-2.425326347E0
2.730365018E1,-5.449203014E0,-1.305558205E1,-3.172317266E0
2.730566434E1,-5.147533417E0,-1.350090313E1,-3.952826977E0
2.730761747E1,-4.896142483E0,-1.397016716E1,-4.685452938E0
2.730960111E1,-4.635174274E0,-1.436281586E1,-5.374982834E0
2.731158475E1,-4.352658749E0,-1.466209126E1,-6.054935932E0
2.731356840E1,-4.108449936E0,-1.490151119E1,-6.696582317E0
2.731549100E1,-3.926490784E0,-1.508347034E1,-7.273584843E0
2.731750516E1,-3.830722809E0,-1.522951698E1,-7.783549786E0
2.731945829E1,-3.770867586E0,-1.531810284E1,-8.238448143E0
2.732144193E1,-3.737348795E0,-1.536359215E1,-8.573636055E0
2.732342558E1,-3.711012602E0,-1.538274574E1,-8.695740700E0
2.732543974E1,-3.667917013E0,-1.535401535E1,-8.681375504E0
2.732739286E1,-3.629609823E0,-1.525106525E1,-8.607154846E0
2.732937650E1,-3.562572241E0,-1.506910515E1,-8.429984093E0
2.733136014E1,-3.433285236E0,-1.478658962E1,-8.173804283E0
2.733334379E1,-3.265691042E0,-1.444661331E1,-7.852981567E0
2.733526640E1,-3.095702887E0,-1.408508873E1,-7.405265808E0
2.733728056E1,-2.954444885E0,-1.369962215E1,-6.900089264E0
2.733923368E1,-2.832340717E0,-1.329500198E1,-6.361393929E0
2.734124784E1,-2.705447912E0,-1.287601662E1,-5.796362400E0
2.734320096E1,-2.588132143E0,-1.245703125E1,-5.149928093E0
2.734521513E1,-2.466027737E0,-1.200931549E1,-4.462791920E0
2.734716825E1,-2.324769735E0,-1.154484081E1,-3.785232782E0
2.734915189E1,-2.190694571E0,-1.107078838E1,-3.074155092E0
2.735113554E1,-2.035071373E0,-1.056800652E1,-2.348711967E0
2.735311918E1,-1.795651317E0,-1.001733971E1,-1.695094824E0
2.735504178E1,-1.438915253E0,-9.428366661E0,-1.173158884E0
2.735705595E1,-9.935936928E-1,-8.801085472E0,-8.188169599E-1
2.735900907E1,-5.554547906E-1,-8.183381081E0,-6.536170840E-1
2.736099271E1,-2.106897533E-1,-7.587224960E0,-6.392518282E-1
2.736297636E1,6.703764945E-2,-7.024587631E0,-7.445967197E-1
2.736496000E1,2.849099934E-1,-6.521805286E0,-9.600749016E-1
2.736691312E1,4.022258818E-1,-6.133944988E0,-1.233013868E0
2.736892728E1,4.525041282E-1,-5.837063789E0,-1.570596337E0
2.737084989E1,4.932055473E-1,-5.564124584E0,-1.948880196E0
2.737286405E1,5.195417404E-1,-5.329493046E0,-2.308010340E0
2.737484769E1,5.219359994E-1,-5.154716492E0,-2.602497339E0
2.737683134E1,5.219359994E-1,-5.046977043E0,-2.827552319E0
2.737878446E1,4.788403511E-1,-5.003881454E0,-2.968810081E0
2.738079862E1,3.399766386E-1,-5.025429249E0,-2.956839085E0
2.738275175E1,1.651999205E-1,-5.099649429E0,-2.856282711E0
2.738476591E1,-2.154781483E-2,-5.219359875E0,-2.707842112E0
2.738671903E1,-1.436520964E-1,-5.334281445E0,-2.566584110E0
2.738873319E1,-1.125274822E-1,-5.434837818E0,-2.463633537E0
2.739068632E1,-2.394201607E-2,-5.564124584E0,-2.360682964E0
2.739266996E1,-2.394201700E-3,-5.710171223E0,-2.264914751E0
2.739465360E1,1.197100803E-2,-5.853823185E0,-2.135627985E0
2.739663724E1,7.900865376E-2,-5.997475147E0,-1.934514999E0
2.739859037E1,2.202665508E-1,-6.157886982E0,-1.680729628E0
2.740057401E1,4.309563041E-1,-6.332663536E0,-1.412579060E0
2.740255766E1,6.655880809E-1,-6.485892296E0,-1.206677675E0
2.740457182E1,8.834604025E-1,-6.603208065E0,-1.091755986E0
2.740652494E1,1.024718285E0,-6.710947514E0,-1.098938584E0
2.740850858E1,1.094150186E0,-6.852205276E0,-1.199495077E0
2.741046171E1,1.144428372E0,-7.058106422E0,-1.362300754E0
2.741247587E1,1.206677675E0,-7.314286232E0,-1.537077546E0
2.741442899E1,1.259350061E0,-7.589619160E0,-1.659181833E0
2.741644315E1,1.256955862E0,-7.884106159E0,-1.728613615E0
2.741839628E1,1.223437071E0,-8.216899872E0,-1.810016513E0
2.742037992E1,1.213860273E0,-8.554482460E0,-1.948880196E0
2.742236356E1,1.254561663E0,-8.884882927E0,-2.147598982E0
2.742437772E1,1.338358760E0,-9.227252960E0,-2.336740971E0
2.742633085E1,1.355118155E0,-9.397241592E0,-2.413355350E0
2.742831449E1,1.302445769E0,-9.732429504E0,-2.516305923E0
2.743029813E1,1.168370485E0,-1.006522369E1,-2.557007313E0
2.743228178E1,1.048660398E0,-1.036928749E1,-2.580949545E0
2.743420438E1,1.079784989E0,-1.061349583E1,-2.647987127E0
2.743621854E1,1.316810966E0,-1.081939793E1,-2.789244890E0
2.743817167E1,1.690306425E0,-1.102529907E1,-2.968810081E0
2.744015531E1,2.097320795E0,-1.122880554E1,-3.102885485E0
2.744213895E1,2.473210335E0,-1.140837097E1,-3.143586874E0
2.744415311E1,2.717418909E0,-1.157596493E1,-3.062183857E0
2.744610624E1,2.813186884E0,-1.173877048E1,-2.870647907E0
2.744808988E1,2.959233284E0,-1.186087513E1,-2.688688517E0
2.745007352E1,3.100491285E0,-1.192551899E1,-2.494758129E0
2.745205717E1,3.055001259E0,-1.193988419E1,-2.217030764E0
2.745397977E1,2.892195702E0,-1.195903778E1,-1.886630893E0
2.745599393E1,2.832340717E0,-1.196621990E1,-1.577778935E0
2.745794706E1,2.901772499E0,-1.194946098E1,-1.309628367E0
2.745993070E1,3.021482468E0,-1.192073059E1,-1.070208192E0
2.746188383E1,3.181894064E0,-1.186087513E1,-8.667010069E-1
2.746389799E1,3.268085241E0,-1.176510715E1,-5.985504389E-1
2.746585111E1,3.308786631E0,-1.163821411E1,-2.561795712E-1
2.746783475E1,3.383007050E0,-1.149456215E1,9.816227108E-2
2.746981840E1,3.521870613E0,-1.133654499E1,4.165911078E-1
2.747180204E1,3.689464808E0,-1.116895103E1,7.110779285E-1
2.747372465E1,3.847482204E0,-1.099417400E1,1.005564690E0
2.747573881E1,3.998316765E0,-1.081939793E1,1.304839969E0
2.747769193E1,4.163516521E0,-1.063264942E1,1.575384736E0
2.747970609E1,4.323928356E0,-1.045308495E1,1.798045516E0
2.748165922E1,4.448426723E0,-1.028309631E1,1.984793186E0
2.748367338E1,4.544194698E0,-1.010353088E1,2.152387381E0
2.748562650E1,4.568136692E0,-9.952696800E0,2.308010340E0
2.748764066E1,4.532223701E0,-9.844957352E0,2.415749550E0
2.748959379E1,4.419696331E0,-9.722852707E0,2.420537949E0
2.749157743E1,4.170699596E0,-9.586383820E0,2.331952572E0
2.749356107E1,3.806780815E0,-9.476250648E0,2.217030764E0
2.749554472E1,3.411737442E0,-9.423578262E0,2.138022184E0
2.749746732E1,3.031059265E0,-9.414001465E0,2.066195965E0
2.749948148E1,2.657563925E0,-9.406818390E0,1.963245392E0
2.750143461E1,2.317587137E0,-9.385271072E0,1.812410712E0
2.750344877E1,2.032677174E0,-9.370905876E0,1.618480325E0
2.750540189E1,1.778891921E0,-9.385271072E0,1.414973259E0
2.750741605E1,1.515529633E0,-9.406818390E0,1.261744261E0
2.750933866E1,1.223437071E0,-9.459490776E0,1.206677675E0
2.751135282E1,8.930372596E-1,-9.552865028E0,1.242590666E0
2.751330595E1,5.698199868E-1,-9.651026726E0,1.312022567E0
2.751525907E1,2.418143749E-1,-9.706093788E0,1.364694953E0
2.751724271E1,-1.939303428E-1,-9.773131371E0,1.443703651E0
2.751925687E1,-7.302315235E-1,-9.864110947E0,1.527500629E0
2.752121000E1,-1.254561663E0,-9.926360130E0,1.522712231E0
2.752322416E1,-1.702277422E0,-9.950302124E0,1.407790542E0
2.752517728E1,-2.013523579E0,-9.962273598E0,1.278503656E0
2.752719144E1,-2.185906172E0,-9.976638794E0,1.228225470E0
2.752914457E1,-2.252943754E0,-9.976638794E0,1.213860273E0
2.753112821E1,-2.281674147E0,-9.945513725E0,1.118092179E0
2.753311185E1,-2.394201756E0,-9.911994934E0,9.744400978E-1
2.753509550E1,-2.607285738E0,-9.911994934E0,8.954314590E-1
2.753704862E1,-2.815581083E0,-9.926360130E0,9.145850539E-1
2.753906278E1,-2.928108692E0,-9.904812813E0,9.959878922E-1
2.754101591E1,-2.971204281E0,-9.864110947E0,1.091755986E0
2.754299955E1,-3.033453465E0,-9.849745750E0,1.177947283E0
2.754495267E1,-3.143586874E0,-9.861717224E0,1.254561663E0
2.754696683E1,-3.248931646E0,-9.844957352E0,1.309628367E0
2.754891996E1,-3.289633036E0,-9.782708168E0,1.321599364E0
2.755090360E1,-3.246537447E0,-9.698910713E0,1.304839969E0
2.755288724E1,-3.153163671E0,-9.622296333E0,1.304839969E0
2.755487089E1,-3.026270866E0,-9.536105156E0,1.297657371E0
2.755682401E1,-2.861071110E0,-9.461885452E0,1.254561663E0
2.755883817E1,-2.636016130E0,-9.414001465E0,1.187524080E0
2.756079130E1,-2.396595955E0,-9.339780807E0,1.098938584E0
2.756277494E1,-2.183511972E0,-9.251194954E0,1.019929886E0
2.756472806E1,-1.941697598E0,-9.157821655E0,9.481038451E-1
2.756674223E1,-1.675941229E0,-9.076418877E0,8.523358107E-1
2.756869535E1,-1.467645645E0,-9.018958092E0,7.517793179E-1
2.757067899E1,-1.343147159E0,-9.009381294E0,6.296750307E-1
2.757266264E1,-1.273715258E0,-9.062053680E0,4.836287498E-1
2.757464628E1,-1.216254473E0,-9.107542992E0,3.351882398E-1
2.757659940E1,-1.127668977E0,-9.097966194E0,1.843535304E-1
2.757858305E1,-1.005564690E0,-9.054870605E0,2.633621916E-2
2.758053617E1,-8.834604025E-1,-9.021351814E0,-1.197100878E-1
2.758255033E1,-7.637503147E-1,-8.999804497E0,-2.106897533E-1
2.758450346E1,-7.015010715E-1,-8.985439301E0,-2.322375625E-1
2.758648710E1,-5.746083856E-1,-8.961497307E0,-2.346317619E-1
2.758847074E1,-4.572925270E-1,-8.954314232E0,-2.082955539E-1
2.759045438E1,-3.423708379E-1,-8.956708908E0,-1.651999205E-1
2.759237699E1,-1.939303428E-1,-8.951920509E0,-1.101332754E-1
2.759439115E1,-2.154781483E-2,-8.925583839E0,-6.224924326E-2
2.759634428E1,1.508347094E-1,-8.877699852E0,-1.436521020E-2
2.759835844E1,3.303998411E-1,-8.839392662E0,1.197100803E-2
2.760028104E1,5.147533417E-1,-8.815450668E0,2.394201607E-2
2.760229520E1,6.799532771E-1,-8.820239067E0,5.027823523E-2
2.760424833E1,8.164227605E-1,-8.851364136E0,9.337386489E-2
2.760623197E1,9.241618514E-1,-8.894459724E0,1.173158810E-1
2.760821561E1,1.024718285E0,-8.932766914E0,9.816227108E-2
2.761019926E1,1.115697980E0,-8.978256226E0,6.464344263E-2
2.761212186E1,1.201889277E0,-9.033323288E0,2.633621916E-2
2.761413602E1,1.290474772E0,-9.071630478E0,-1.197100803E-2
2.761608915E1,1.398213744E0,-9.083600998E0,-5.267243832E-2
2.761810331E1,1.505952835E0,-9.090784073E0,-1.125274822E-1
2.762005643E1,1.599326730E0,-9.114726067E0,-1.699883193E-1
2.762207059E1,1.675941229E0,-9.124302864E0,-2.226607651E-1
2.762402372E1,1.745373011E0,-9.131484985E0,-2.585737705E-1
2.762600736E1,1.798045516E0,-9.136273384E0,-2.801215947E-1
2.762799100E1,1.838746905E0,-9.121908188E0,-3.256114423E-1
2.762997465E1,1.874659896E0,-9.112331390E0,-3.878606856E-1
2.763189725E1,1.898601890E0,-9.109937668E0,-4.357447028E-1
2.763391141E1,1.910573006E0,-9.102754593E0,-4.692635238E-1
2.763586454E1,1.917755604E0,-9.078812599E0,-4.860229492E-1
2.763784818E1,1.922544003E0,-9.054870605E0,-5.027823448E-1
2.763983182E1,1.924938202E0,-9.047688484E0,-5.315127969E-1
2.764184599E1,1.924938202E0,-9.040505409E0,-5.602431893E-1
2.764379911E1,1.905784607E0,-9.026140213E0,-5.865794420E-1
2.764578275E1,1.862688899E0,-9.004592896E0,-6.200982332E-1
2.764776640E1,1.814804912E0,-8.987833023E0,-6.464344859E-1
2.764975004E1,1.754949808E0,-8.971074104E0,-6.631938815E-1
2.765167264E1,1.678335428E0,-8.956708908E0,-6.751648784E-1
2.765368681E1,1.599326730E0,-8.949525833E0,-6.919242740E-1
2.765563993E1,1.544260144E0,-8.930372238E0,-7.206547260E-1
2.765762357E1,1.491587639E0,-8.925583839E0,-7.541735172E-1
2.765960722E1,1.414973259E0,-8.932766914E0,-7.805097699E-1
2.766159086E1,1.321599364E0,-8.951920509E0,-8.188169599E-1
2.766354398E1,1.233013868E0,-8.963891029E0,-8.834604025E-1
2.766555814E1,1.149216771E0,-8.956708908E0,-9.600749016E-1
2.766751127E1,1.070208192E0,-8.949525833E0,-1.046266198E0
2.766949491E1,9.888052940E-1,-8.954314232E0,-1.118092179E0
2.767147855E1,9.074024558E-1,-8.973467827E0,-1.158793569E0
2.767346220E1,8.499416113E-1,-8.978256226E0,-1.173158884E0
2.767541532E1,8.116343617E-1,-8.973467827E0,-1.187524080E0
2.767742948E1,7.805097699E-1,-8.975862503E0,-1.201889277E0
2.767938261E1,7.565677166E-1,-8.978256226E0,-1.213860273E0
2.768139677E1,7.374141216E-1,-8.966285706E0,-1.235408068E0
2.768334989E1,7.134721279E-1,-8.961497307E0,-1.249773264E0
2.768536405E1,6.751648784E-1,-8.966285706E0,-1.276109457E0
2.768728666E1,6.416460276E-1,-8.959102631E0,-1.319205165E0
2.768930082E1,5.985504389E-1,-8.966285706E0,-1.357512355E0
2.769125394E1,5.482721925E-1,-8.963891029E0,-1.388636947E0
2.769320707E1,5.075707436E-1,-8.971074104E0,-1.412579060E0
2.769519071E1,4.812345505E-1,-8.999804497E0,-1.419761658E0
2.769717435E1,4.644751251E-1,-9.023746490E0,-1.429338455E0
2.769912748E1,4.572925270E-1,-9.047688484E0,-1.438915253E0
2.770111112E1,4.381389022E-1,-9.064447403E0,-1.446097851E0
2.770309476E1,4.118026793E-1,-9.074024200E0,-1.477222443E0
2.770504789E1,3.758896589E-1,-9.081207275E0,-1.510741234E0
2.770703153E1,3.280056417E-1,-9.095572472E0,-1.529894829E0
2.770904569E1,2.825157940E-1,-9.117119789E0,-1.544260144E0
2.771099882E1,2.250549644E-1,-9.138668060E0,-1.539471745E0
2.771298246E1,1.604115069E-1,-9.176975250E0,-1.513135433E0
2.771496610E1,9.097966552E-2,-9.210494041E0,-1.491587639E0
2.771694974E1,9.576806799E-3,-9.217676163E0,-1.489193439E0
2.771890287E1,-8.140286058E-2,-9.198522568E0,-1.505952835E0
2.772088651E1,-1.867477298E-1,-9.188945770E0,-1.508347034E0
2.772287016E1,-2.825157940E-1,-9.191340446E0,-1.489193439E0
2.772485380E1,-3.615244627E-1,-9.188945770E0,-1.460463047E0
2.772680692E1,-4.237737060E-1,-9.179368973E0,-1.424550056E0
2.772882108E1,-4.979939461E-1,-9.174580574E0,-1.395819545E0
2.773077421E1,-5.458779931E-1,-9.172186852E0,-1.379060149E0
2.773275785E1,-7.086837292E-1,-9.157821655E0,-1.333570361E0
2.773474149E1,-7.565677166E-1,-9.153033257E0,-1.326387763E0
2.773672514E1,-8.475474119E-1,-9.145850182E0,-1.321599364E0
2.773867826E1,-9.528923035E-1,-9.157821655E0,-1.331176162E0
2.774066190E1,-1.058237195E0,-9.184157372E0,-1.326387763E0
2.774264555E1,-1.161187768E0,-9.208099365E0,-1.302445769E0
2.774459867E1,-1.266532660E0,-9.234436035E0,-1.264138460E0
2.774658231E1,-1.371877551E0,-9.284713745E0,-1.216254473E0
2.774859647E1,-1.458068848E0,-9.339780807E0,-1.187524080E0
2.775054960E1,-1.517923832E0,-9.375694275E0,-1.197100878E0
2.775250272E1,-1.563413739E0,-9.418789864E0,-1.221042871E0
2.775448637E1,-1.618480325E0,-9.464279175E0,-1.235408068E0
2.775647001E1,-1.680729628E0,-9.514557838E0,-1.264138460E0
2.775842313E1,-1.723825216E0,-9.574412346E0,-1.268926859E0
2.776043729E1,-1.790862918E0,-9.655815125E0,-1.292868972E0
2.776239042E1,-1.872265697E0,-9.734824181E0,-1.364694953E0
2.776437406E1,-1.905784607E0,-9.789890289E0,-1.438915253E0
2.776632719E1,-1.903390408E0,-9.818621635E0,-1.474828243E0
2.776831083E1,-1.891419291E0,-9.828198433E0,-1.479616642E0
2.777029447E1,-1.879448295E0,-9.856928825E0,-1.484405041E0
2.777230863E1,-1.860294700E0,-9.897629738E0,-1.493981838E0
2.777426176E1,-1.826775908E0,-9.938331604E0,-1.498770237E0
2.777624540E1,-1.778891921E0,-9.979032516E0,-1.493981838E0
2.777822904E1,-1.697489023E0,-1.001973438E1,-1.482010841E0
2.778024320E1,-1.601720929E0,-1.006043530E1,-1.462857246E0
2.778219633E1,-1.496376038E0,-1.009634876E1,-1.419761658E0
2.778417997E1,-1.383848548E0,-1.012747288E1,-1.352723956E0
2.778613309E1,-1.273715258E0,-1.016578007E1,-1.273715258E0
2.778814725E1,-1.163581967E0,-1.019211674E1,-1.209071875E0
2.779010038E1,-1.060631394E0,-1.020887566E1,-1.158793569E0
2.779211454E1,-9.504981041E-1,-1.022084713E1,-1.106121182E0
2.779409818E1,-8.259995580E-1,-1.023281765E1,-1.043871999E0
2.779608182E1,-6.847416759E-1,-1.025915432E1,-9.744400978E-1
2.779803495E1,-5.458779931E-1,-1.029267311E1,-9.121908545E-1
2.780001859E1,-4.237737060E-1,-1.031900978E1,-8.643068075E-1
2.780200224E1,-3.016694188E-1,-1.033576870E1,-8.259995580E-1
2.780395536E1,-2.011129409E-1,-1.036210537E1,-8.092401624E-1
2.780593900E1,-1.053448766E-1,-1.039322948E1,-7.996633649E-1
2.780795316E1,-2.394201700E-3,-1.041477776E1,-7.876923680E-1
2.780990629E1,8.858546615E-2,-1.042435455E1,-7.685387731E-1
2.781188993E1,1.580173075E-1,-1.043393135E1,-7.469909191E-1
2.781387357E1,2.011129409E-1,-1.043871975E1,-7.278373241E-1
2.781585722E1,2.226607651E-1,-1.044111347E1,-7.062895298E-1
2.781777982E1,2.394201756E-1,-1.042914295E1,-6.679822803E-1
2.781979398E1,2.418143749E-1,-1.040759468E1,-5.913678408E-1
2.782174711E1,2.274491638E-1,-1.038844109E1,-5.003881454E-1
2.782373075E1,1.843535304E-1,-1.036689377E1,-4.213795066E-1
2.782571439E1,1.101332754E-1,-1.035013390E1,-3.399766386E-1
2.782769804E1,1.436521020E-2,-1.035013390E1,-2.178723514E-1
2.782965116E1,-1.029506698E-1,-1.035492229E1,-4.548983276E-2
2.783166532E1,-2.202665508E-1,-1.036928749E1,1.580173075E-1
2.783361845E1,-3.375824392E-1,-1.040041256E1,3.974374831E-1
2.783560209E1,-4.596867263E-1,-1.045069027E1,6.488286853E-1
2.783755521E1,-5.793967843E-1,-1.052491093E1,9.097966552E-1
2.783956937E1,-6.775590777E-1,-1.059434223E1,1.146822572E0
2.784152250E1,-7.302315235E-1,-1.064940929E1,1.338358760E0
2.784350614E1,-7.398083210E-1,-1.070208168E1,1.501164436E0
2.784548978E1,-7.230489254E-1,-1.076672459E1,1.589749932E0
2.784747343E1,-6.727706790E-1,-1.084333992E1,1.599326730E0
2.784939603E1,-6.081272364E-1,-1.092474270E1,1.561019540E0
2.785141019E1,-5.099649429E-1,-1.099896240E1,1.505952835E0
2.785336332E1,-3.926490843E-1,-1.108994198E1,1.431732655E0
2.785537748E1,-2.585737705E-1,-1.119049835E1,1.312022567E0
2.785733060E1,-8.140286058E-2,-1.128147888E1,1.146822572E0
2.785931425E1,1.316810995E-1,-1.136527538E1,9.816226959E-1
2.786123685E1,3.854664862E-1,-1.143710136E1,8.643068075E-1
2.786325101E1,6.488286853E-1,-1.152329254E1,7.948749661E-1
2.786520414E1,9.097966552E-1,-1.162624359E1,7.469909191E-1
2.786718778E1,1.175553083E0,-1.173158836E1,7.015010715E-1
2.786917142E1,1.450886250E0,-1.181059742E1,6.607996821E-1
2.787115507E1,1.721431017E0,-1.186566353E1,6.177040339E-1
2.787307767E1,1.965639591E0,-1.190636539E1,5.841852427E-1
2.787509183E1,2.183511972E0,-1.194706631E1,5.961562395E-1
2.787704496E1,2.377442360E0,-1.202846909E1,6.584054828E-1
2.787902860E1,2.535459518E0,-1.216493893E1,7.661445141E-1
2.788098173E1,2.602497339E0,-1.224873543E1,8.355764151E-1
2.788299589E1,2.765302896E0,-1.253604031E1,1.063025594E0
2.788494901E1,2.803610086E0,-1.263899040E1,1.146822572E0
2.788693266E1,2.865859509E0,-1.285446930E1,1.326387763E0
2.788891630E1,2.913743496E0,-1.308191776E1,1.529894829E0
2.789089994E1,2.952050686E0,-1.330936718E1,1.754949808E0
2.789282255E1,2.959233284E0,-1.355118179E1,1.989581585E0
2.789483671E1,2.904166698E0,-1.380257320E1,2.231395960E0
2.789678983E1,2.784456491E0,-1.404199314E1,2.466027737E0
2.789877348E1,2.633621931E0,-1.427183628E1,2.705447912E0
2.790075712E1,2.494758129E0,-1.447294903E1,2.952050686E0
2.790277128E1,2.370259762E0,-1.463336086E1,3.186682463E0
2.790469388E1,2.255337954E0,-1.473152351E1,3.404554844E0
2.790670805E1,2.140416384E0,-1.477461910E1,3.612850428E0
2.790866117E1,2.023100376E0,-1.476743603E1,3.813963413E0
2.791061430E1,1.900996208E0,-1.473870564E1,4.012681961E0
2.791259794E1,1.778891921E0,-1.470279217E1,4.230554581E0
2.791458158E1,1.651999116E0,-1.465490818E1,4.465186119E0
2.791656522E1,1.510741234E0,-1.460223579E1,4.704606533E0
2.791854887E1,1.345541358E0,-1.456871700E1,4.941632271E0
2.792053251E1,1.177947283E0,-1.456871700E1,5.181052685E0
2.792251615E1,1.017535686E0,-1.460702419E1,5.418078423E0
2.792443876E1,8.571242094E-1,-1.466927338E1,5.655104637E0
2.792645292E1,7.086837292E-1,-1.476264763E1,5.863399982E0
2.792840604E1,5.770025849E-1,-1.487756920E1,6.033388138E0
2.793035917E1,4.453215301E-1,-1.502122116E1,6.165069580E0
2.793234281E1,3.303998411E-1,-1.518402672E1,6.251260757E0
2.793432645E1,2.489969730E-1,-1.535401535E1,6.294356346E0
2.793627958E1,1.747767180E-1,-1.552639771E1,6.289567947E0
2.793826322E1,1.077390760E-1,-1.569878101E1,6.251260757E0
2.794024686E1,3.351882473E-2,-1.586876869E1,6.184223175E0
2.794226102E1,-4.548983276E-2,-1.603157425E1,6.093243122E0
2.794421415E1,-1.412578970E-1,-1.618480301E1,5.983109951E0
2.794622831E1,-2.801215947E-1,-1.632606125E1,5.868188381E0
2.794818143E1,-4.620809257E-1,-1.644816589E1,5.748478413E0
2.795016508E1,-6.607996821E-1,-1.651759720E1,5.614402771E0
2.795214872E1,-8.882488012E-1,-1.654872131E1,5.465962410E0
2.795413236E1,-1.139639974E0,-1.655111694E1,5.327098846E0
2.795608549E1,-1.386242747E0,-1.650323296E1,5.200206280E0
2.795809965E1,-1.625662923E0,-1.642182922E1,5.090072632E0
2.796005277E1,-1.869871497E0,-1.629493713E1,4.991910458E0
2.796203641E1,-2.090138197E0,-1.610818863E1,4.879383087E0
2.796398954E1,-2.286462545E0,-1.585440350E1,4.742913723E0
2.796600370E1,-2.482787132E0,-1.555033970E1,4.587290287E0
2.796795682E1,-2.674323320E0,-1.520796967E1,4.383783340E0
2.796997099E1,-2.853888512E0,-1.484165668E1,4.125209332E0
2.797192411E1,-2.997540474E0,-1.446576691E1,3.816357613E0
2.797390775E1,-3.074155092E0,-1.409705925E1,3.495534420E0
2.797589140E1,-3.050212860E0,-1.374032402E1,3.193865061E0
2.797790556E1,-2.966415882E0,-1.341231823E1,2.885013103E0
2.797985868E1,-2.863465309E0,-1.313937855E1,2.542642117E0
2.798184232E1,-2.734178305E0,-1.290714169E1,2.183511972E0
2.798379545E1,-2.583343744E0,-1.269884586E1,1.829170108E0
2.798577909E1,-2.449268341E0,-1.251449203E1,1.472434044E0
2.798773222E1,-2.379836559E0,-1.234689808E1,1.041477680E0
2.798974638E1,-2.355894566E0,-1.219127464E1,5.506663918E-1
2.799169950E1,-2.355894566E0,-1.206917095E1,5.506663769E-2
2.799368314E1,-2.355894566E0,-1.197819138E1,-4.022258818E-1
2.799566678E1,-2.327163935E0,-1.189918232E1,-8.283938169E-1
2.799768095E1,-2.262520552E0,-1.182975101E1,-1.223437071E0
2.799963407E1,-2.183511972E0,-1.178665543E1,-1.620874524E0
2.800161771E1,-2.063801765E0,-1.176031876E1,-2.025494576E0
2.800360136E1,-1.879448295E0,-1.174595356E1,-2.370259762E0
2.800558500E1,-1.656787634E0,-1.172919369E1,-2.619256735E0
2.800750761E1,-1.424550056E0,-1.173158836E1,-2.779668093E0
2.800952177E1,-1.230619669E0,-1.175792408E1,-2.916137695E0
2.801147489E1,-1.132457376E0,-1.181777954E1,-3.145981073E0
2.801348905E1,-1.142034173E0,-1.192073059E1,-3.493140221E0
2.801541166E1,-1.189918280E0,-1.202846909E1,-3.902548790E0
2.801742582E1,-1.206677675E0,-1.209790134E1,-4.314351559E0
2.801937894E1,-1.180341482E0,-1.211466026E1,-4.702212334E0
2.802136259E1,-1.094150186E0,-1.209790134E1,-5.015852451E0
2.802334623E1,-9.744400978E-1,-1.205719948E1,-5.226542473E0
2.802532987E1,-8.259995580E-1,-1.200213337E1,-5.374982834E0
2.802725248E1,-6.488286853E-1,-1.193030739E1,-5.489904404E0
2.802926664E1,-4.668693244E-1,-1.183932781E1,-5.580883980E0
2.803121976E1,-3.878606856E-1,-1.178426075E1,-5.612008572E0
2.803320341E1,-1.723825186E-1,-1.159751320E1,-5.631162167E0
2.803518705E1,-9.337386489E-2,-1.154244614E1,-5.607220173E0
2.803720121E1,1.053448766E-1,-1.137245846E1,-5.437232018E0
2.803915433E1,1.532289088E-1,-1.130302620E1,-5.353435040E0
2.804113798E1,2.346317619E-1,-1.115219116E1,-5.149928093E0
2.804312162E1,2.849099934E-1,-1.098459721E1,-4.932055473E0
2.804510526E1,2.992752194E-1,-1.080982113E1,-4.762067318E0
2.804702787E1,2.896983922E-1,-1.063983250E1,-4.616020679E0
2.804904203E1,2.896983922E-1,-1.046505547E1,-4.438849926E0
2.805099516E1,3.423708379E-1,-1.029027843E1,-4.230554581E0
2.805300932E1,4.932055473E-1,-1.016099167E1,-3.936067581E0
2.805493192E1,7.445967197E-1,-1.007001209E1,-3.557783842E0
2.805694608E1,9.864110947E-1,-9.962273598E0,-3.203441858E0
2.805892973E1,1.079784989E0,-9.828198433E0,-2.916137695E0
2.806091337E1,9.864110947E-1,-9.691728592E0,-2.667140722E0
2.806289701E1,8.020575643E-1,-9.560047150E0,-2.485181332E0
2.806491117E1,6.631938815E-1,-9.454702377E0,-2.360682964E0
2.806686430E1,6.081272364E-1,-9.425971985E0,-2.133233786E0
2.806884794E1,6.967126727E-1,-9.445125580E0,-1.817199111E0
2.807080106E1,1.034295082E0,-9.502586365E0,-1.546654344E0
2.807281522E1,1.381454349E0,-9.557653427E0,-1.323993564E0
2.807479887E1,1.695094824E0,-9.579200745E0,-1.144428372E0
2.807678251E1,1.762132406E0,-9.619902611E0,-8.259995580E-1
2.807870512E1,1.561019540E0,-9.756371498E0,-2.777273953E-1
2.808071928E1,1.314416766E0,-1.000776291E1,3.351882398E-1
2.808267240E1,1.197100878E0,-1.027112484E1,7.924807668E-1
2.808465604E1,1.271321058E0,-1.038844109E1,1.051054597E0
2.808663969E1,1.280897856E0,-1.038125896E1,1.312022567E0
2.808862333E1,1.175553083E0,-1.043632507E1,1.582567334E0
2.809054594E1,1.043871999E0,-1.057518864E1,1.805228114E0
2.809256010E1,1.031900883E0,-1.072123528E1,1.877054095E0
2.809451322E1,1.189918280E0,-1.084333992E1,1.826775908E0
2.809649686E1,1.460463047E0,-1.089122391E1,1.774103403E0
2.809841947E1,1.699883223E0,-1.084812832E1,1.764526606E0
2.810043363E1,1.654393315E0,-1.084333992E1,1.793257117E0
2.810238676E1,1.345541358E0,-1.091037750E1,1.977610588E0
2.810437040E1,1.007958889E0,-1.103008747E1,2.319981337E0
2.810635404E1,6.536170840E-1,-1.121444035E1,2.628833532E0
2.810833768E1,2.657563984E-1,-1.137724686E1,2.722207308E0
2.811026029E1,-1.005564705E-1,-1.147062016E1,2.621650934E0
2.811227445E1,-2.585737705E-1,-1.148738003E1,2.535459518E0
2.811422758E1,-8.619125932E-2,-1.143470764E1,2.475604534E0
2.811624174E1,3.280056417E-1,-1.133654499E1,2.454056740E0
2.811819486E1,6.895300746E-1,-1.125514221E1,2.382230759E0
2.812020902E1,8.762778044E-1,-1.117134476E1,2.197877169E0
2.812216215E1,9.313444495E-1,-1.107318306E1,1.927332401E0
2.812414579E1,9.457096457E-1,-1.091995430E1,1.620874524E0
2.812612943E1,9.217676520E-1,-1.074517727E1,1.323993564E0
2.812811308E1,8.690952063E-1,-1.056321812E1,1.051054597E0
2.813003568E1,7.948749661E-1,-1.039083576E1,7.805097699E-1
2.813204984E1,7.733271718E-1,-1.020169353E1,4.908113480E-1
2.813400297E1,8.020575643E-1,-1.004367638E1,2.011129409E-1
2.813598661E1,8.834604025E-1,-9.909601212E0,-6.703764945E-2
2.813793974E1,9.959878922E-1,-9.746794701E0,-3.112462163E-1
2.813995390E1,1.058237195E0,-9.579200745E0,-5.267243981E-1
2.814190702E1,9.792284966E-1,-9.414001465E0,-7.422025204E-1
2.814389066E1,8.331822157E-1,-9.279925346E0,-9.792284966E-1
2.814587431E1,8.619126081E-1,-9.138668060E0,-1.233013868E0
2.814785795E1,9.911994934E-1,-9.011775017E0,-1.364694953E0
2.814978056E1,1.113303781E0,-8.882488251E0,-1.398213744E0
2.815179472E1,1.144428372E0,-8.746018410E0,-1.381454349E0
2.815371732E1,1.086967587E0,-8.604761124E0,-1.347935557E0
2.815573148E1,9.959878922E-1,-8.475474358E0,-1.331176162E0
2.815768461E1,8.954314590E-1,-8.396465302E0,-1.347935557E0
2.815966825E1,7.709329724E-1,-8.370129585E0,-1.391031146E0
2.816165189E1,6.200982332E-1,-8.382100105E0,-1.482010841E0
2.816363554E1,4.884171486E-1,-8.410830498E0,-1.563413739E0
2.816555814E1,3.399766386E-1,-8.463502884E0,-1.592144132E0
2.816757230E1,1.915361285E-1,-8.508993149E0,-1.561019540E0
2.816952543E1,4.788403399E-3,-8.540117264E0,-1.465251446E0
2.817150907E1,-1.675941199E-1,-8.559270859E0,-1.355118155E0
2.817349271E1,-2.274491638E-1,-8.544905663E0,-1.319205165E0
2.817550687E1,-1.508347094E-1,-8.540117264E0,-1.400607944E0
2.817746000E1,-6.703764945E-2,-8.540117264E0,-1.458068848E0
2.817944364E1,1.723825186E-1,-8.511386871E0,-1.549048543E0
2.818142728E1,4.429273009E-1,-8.453926086E0,-1.570596337E0
2.818341093E1,6.631938815E-1,-8.382100105E0,-1.496376038E0
2.818533353E1,7.757213712E-1,-8.353369713E0,-1.343147159E0
2.818734769E1,8.116343617E-1,-8.334216118E0,-1.156399369E0
2.818933134E1,7.805097699E-1,-8.348581314E0,-9.672574997E-1
2.819131498E1,7.062895298E-1,-8.365341187E0,-7.613561153E-1
2.819326810E1,5.865794420E-1,-8.386888504E0,-5.817909837E-1
2.819525175E1,4.548983276E-1,-8.406042099E0,-4.070142806E-1
2.819723539E1,3.136404157E-1,-8.441955566E0,-2.561795712E-1
2.819921903E1,2.346317619E-1,-8.432378769E0,-1.197100878E-1
2.820117216E1,1.723825186E-1,-8.406042099E0,-4.788403399E-3
2.820318632E1,6.224924326E-2,-8.415618896E0,5.506663769E-2
2.820513944E1,-7.900865376E-2,-8.458714485E0,8.379705995E-2
2.820712308E1,-1.891419291E-1,-8.477868080E0,1.053448766E-1
2.820910673E1,-2.801215947E-1,-8.458714485E0,1.364694983E-1
2.821109037E1,-3.854664862E-1,-8.434772491E0,1.675941199E-1
2.821304349E1,-5.195417404E-1,-8.429984093E0,1.795651317E-1
2.821502714E1,-6.919242740E-1,-8.446743965E0,1.747767180E-1
2.821701078E1,-8.236053586E-1,-8.396465302E0,1.316810995E-1
2.821899442E1,-9.744400978E-1,-8.339004517E0,7.900865376E-2
2.822097806E1,-1.110909581E0,-8.276755333E0,4.788403213E-2
2.822299223E1,-1.240196466E0,-8.183381081E0,3.830722719E-2
2.822494535E1,-1.362300754E0,-8.061277390E0,7.661445439E-2
2.822692899E1,-1.482010841E0,-7.939172745E0,1.508347094E-1
2.822891264E1,-1.628057122E0,-7.867346764E0,2.298433632E-1
2.823089628E1,-1.752555609E0,-7.797914982E0,3.543418646E-1
2.823281888E1,-1.843535304E0,-7.673416615E0,4.261679053E-1
2.823483305E1,-1.915361404E0,-7.496245384E0,2.442085743E-1
2.823681669E1,-1.905784607E0,-7.247248650E0,-6.703764945E-2
2.823880033E1,-1.903390408E0,-7.024587631E0,-3.399766386E-1
2.824078397E1,-1.903390408E0,-6.775590897E0,-5.147533417E-1
2.824279813E1,-1.968033791E0,-6.540958881E0,-6.248866320E-1
2.824475126E1,-2.044648170E0,-6.294356346E0,-7.350199223E-1
2.824673490E1,-2.145204782E0,-6.038176537E0,-8.379706144E-1
2.824871854E1,-2.291250944E0,-5.801150799E0,-9.265560508E-1
2.825070219E1,-2.468421936E0,-5.568912983E0,-9.792284966E-1
2.825265531E1,-2.705447912E0,-5.382165432E0,-1.005564690E0
2.825463895E1,-2.863465309E0,-5.164293289E0,-1.051054597E0
2.825662260E1,-2.983175278E0,-4.944026470E0,-1.096544385E0
2.825860624E1,-3.098097086E0,-4.747702122E0,-1.134851575E0
2.826055936E1,-3.179499865E0,-4.572925091E0,-1.182735682E0
2.826257352E1,-3.277662039E0,-4.443638325E0,-1.194706678E0
2.826452665E1,-3.409343243E0,-4.359841347E0,-1.165976286E0
2.826651029E1,-3.519476414E0,-4.297592163E0,-1.132457376E0
2.826843290E1,-3.617638826E0,-4.264073372E0,-1.091755986E0
2.827044706E1,-3.720589399E0,-4.292803764E0,-1.024718285E0
2.827243070E1,-3.818751812E0,-4.367023945E0,-9.241618514E-1
2.827441434E1,-3.830722809E0,-4.419696331E0,-8.355764151E-1
2.827636747E1,-3.773261786E0,-4.465186119E0,-7.445967197E-1
2.827838163E1,-3.722983599E0,-4.517858505E0,-6.512228847E-1
2.828033475E1,-3.667917013E0,-4.553771496E0,-5.841852427E-1
2.828231840E1,-3.612850428E0,-4.570530891E0,-5.482721925E-1
2.828430204E1,-3.545812607E0,-4.572925091E0,-4.979939461E-1
2.828628568E1,-3.500322819E0,-4.553771496E0,-4.333505034E-1
2.828820829E1,-3.500322819E0,-4.520252705E0,-3.711012602E-1
2.829022245E1,-3.548206806E0,-4.532223701E0,-2.968810201E-1
2.829217558E1,-3.600879431E0,-4.575319290E0,-2.250549644E-1
2.829415922E1,-3.620033026E0,-4.613626480E0,-1.699883193E-1
2.829611234E1,-3.632004023E0,-4.656722069E0,-1.268926859E-1
2.829812650E1,-3.687070608E0,-4.723760128E0,-8.379705995E-2
2.830007963E1,-3.780444384E0,-4.814739704E0,-3.591302410E-2
2.830206327E1,-3.864241600E0,-4.893748283E0,1.915361360E-2
2.830404691E1,-3.921702385E0,-4.948814869E0,8.140286058E-2
2.830600004E1,-3.974374771E0,-5.001487255E0,1.628057212E-1
2.830798368E1,-4.012681961E0,-5.032611847E0,2.418143749E-1
2.830996732E1,-4.027047157E0,-5.056553841E0,2.992752194E-1
2.831192045E1,-4.029441357E0,-5.078101635E0,3.351882398E-1
2.831390409E1,-4.022258759E0,-5.085284233E0,3.519476354E-1
2.831588773E1,-4.003105164E0,-5.094861031E0,3.447650373E-1
2.831787138E1,-3.993528366E0,-5.128379822E0,3.208230138E-1
2.831982450E1,-3.988739967E0,-5.171475887E0,3.136404157E-1
2.832183866E1,-3.957615376E0,-5.204994678E0,3.327940404E-1
2.832379178E1,-3.904942989E0,-5.224148273E0,3.543418646E-1
2.832574491E1,-3.840299606E0,-5.238513470E0,3.591302633E-1
2.832772855E1,-3.761290789E0,-5.231330872E0,3.495534360E-1
2.832971220E1,-3.646369219E0,-5.214571476E0,3.375824392E-1
2.833166532E1,-3.581725836E0,-5.204994678E0,3.375824392E-1
2.833364896E1,-3.442862034E0,-5.181052685E0,3.399766386E-1
2.833563261E1,-3.308786631E0,-5.157110691E0,3.327940404E-1
2.833761625E1,-3.213018656E0,-5.142745018E0,2.992752194E-1
2.833959989E1,-3.153163671E0,-5.135562420E0,2.705447972E-1
2.834158353E1,-3.107673883E0,-5.128379822E0,2.442085743E-1
2.834350614E1,-3.045424461E0,-5.109226227E0,2.178723514E-1
2.834552030E1,-2.968810081E0,-5.082890034E0,1.963245422E-1
2.834747343E1,-2.889801502E0,-5.061342239E0,1.963245422E-1
2.834948759E1,-2.798821688E0,-5.032611847E0,2.082955539E-1
2.835144071E1,-2.686294317E0,-4.994304657E0,2.226607651E-1
2.835342435E1,-2.564189911E0,-4.939238071E0,2.585737705E-1
2.835534696E1,-2.454056740E0,-4.893748283E0,2.920926213E-1
2.835736112E1,-2.324769735E0,-4.867412090E0,3.327940404E-1
2.835931425E1,-2.202665567E0,-4.855441093E0,3.734954596E-1
2.836129789E1,-2.106897593E0,-4.857835293E0,3.878606856E-1
2.836328153E1,-2.032677174E0,-4.862623692E0,3.950432837E-1
2.836526517E1,-1.953668594E0,-4.872200489E0,3.782838583E-1
2.836721830E1,-1.872265697E0,-4.896142483E0,3.711012602E-1
2.836923246E1,-1.800439715E0,-4.922478676E0,4.046200812E-1
2.837118558E1,-1.699883223E0,-4.934449673E0,4.668693244E-1
2.837316923E1,-1.551442742E0,-4.927267075E0,5.482721925E-1
2.837512235E1,-1.405396342E0,-4.929661274E0,6.512228847E-1
2.837713651E1,-1.314416766E0,-4.958391666E0,7.469909191E-1
2.837908964E1,-1.268926859E0,-5.006275654E0,8.116343617E-1
2.838107328E1,-1.218648672E0,-5.054159641E0,8.690952063E-1
2.838305692E1,-1.132457376E0,-5.109226227E0,9.337386489E-1
2.838504056E1,-1.024718285E0,-5.166687489E0,1.017535686E0
2.838696317E1,-9.097966552E-1,-5.216965675E0,1.132457376E0
2.838897733E1,-7.781155705E-1,-5.284003258E0,1.290474772E0
2.839093046E1,-6.272808313E-1,-5.372588634E0,1.465251446E0
2.839291410E1,-4.932055473E-1,-5.501875401E0,1.647210717E0
2.839486723E1,-3.639186621E-1,-5.645527840E0,1.829170108E0
2.839688138E1,-2.202665508E-1,-5.796362400E0,2.015917778E0
2.839886503E1,-5.027823523E-2,-5.966350555E0,2.217030764E0
2.840084867E1,1.125274822E-1,-6.150704384E0,2.408566952E0
2.840283231E1,2.154781520E-1,-6.366182327E0,2.573766708E0
2.840481596E1,2.777273953E-1,-6.615179062E0,2.784456491E0
2.840673856E1,3.567360640E-1,-6.883329868E0,3.038241863E0
2.840875272E1,4.788403511E-1,-7.129932880E0,3.287238836E0
2.841070585E1,6.464344859E-1,-7.357381821E0,3.557783842E0
2.841268949E1,8.331822157E-1,-7.596801758E0,3.885789394E0
2.841464262E1,1.012747288E0,-7.850587368E0,4.252102375E0
2.841665678E1,1.192312479E0,-8.116343498E0,4.616020679E0
2.841860990E1,1.386242747E0,-8.391676903E0,4.960785866E0
2.842059354E1,1.568202138E0,-8.657433510E0,5.317522049E0
2.842257719E1,1.769315004E0,-8.927978516E0,5.710171223E0
2.842456083E1,1.982398987E0,-9.227252960E0,6.095637321E0
2.842651395E1,2.190694571E0,-9.552865028E0,6.449979305E0
2.842852811E1,2.401384354E0,-9.892841339E0,6.768408298E0
2.843048124E1,2.628833532E0,-1.024957752E1,7.031770229E0
2.843246488E1,2.863465309E0,-1.063743782E1,7.256825447E0
2.843441801E1,3.107673883E0,-1.106599998E1,7.460332394E0
2.843643217E1,3.347094059E0,-1.153526402E1,7.673416615E0
2.843838529E1,3.586514235E0,-1.201649857E1,7.946355343E0
2.844036893E1,3.794809580E0,-1.252406883E1,8.255207062E0
2.844235258E1,3.945644379E0,-1.306515884E1,8.542511940E0
2.844433622E1,4.084507942E0,-1.360385418E1,8.825027466E0
2.844625883E1,4.242525578E0,-1.413297272E1,9.131484985E0
2.844827299E1,4.402936935E0,-1.468603325E1,9.452308655E0
2.845022611E1,4.556165695E0,-1.525585365E1,9.696516991E0
2.845220975E1,4.733336926E0,-1.579454899E1,9.842563629E0
2.845413236E1,4.898536682E0,-1.629014778E1,9.945513725E0
2.845614652E1,4.984727859E0,-1.675222969E1,1.004846478E1
2.845809965E1,5.042188644E0,-1.717839813E1,1.018014526E1
2.846008329E1,5.078101635E0,-1.754471016E1,1.031900978E1
2.846206693E1,5.078101635E0,-1.785835075E1,1.049378586E1
2.846408109E1,5.073313236E0,-1.808340454E1,1.075954247E1
2.846603422E1,5.066130638E0,-1.818875122E1,1.109233665E1
2.846804838E1,5.035006046E0,-1.818396187E1,1.146583176E1
2.846997099E1,4.996698856E0,-1.809537697E1,1.187524033E1
2.847198514E1,4.946420670E0,-1.791820526E1,1.227028370E1
2.847393827E1,4.905719280E0,-1.780088997E1,1.244027233E1
2.847592191E1,4.812345505E0,-1.752795029E1,1.272996998E1
2.847790556E1,4.704606533E0,-1.719994545E1,1.297657299E1
2.847988920E1,4.551377296E0,-1.681447792E1,1.314656162E1
2.848184232E1,4.335899353E0,-1.638831139E1,1.322078133E1
2.848385648E1,4.067748547E0,-1.595017147E1,1.322796440E1
2.848580961E1,3.734954596E0,-1.552400398E1,1.317050362E1
2.848779325E1,3.342305660E0,-1.514571953E1,1.302924538E1
2.848974638E1,2.877830505E0,-1.481053162E1,1.277785492E1
2.849176054E1,2.375048161E0,-1.449689102E1,1.242830086E1
2.849371366E1,1.893813491E0,-1.419522190E1,1.199016190E1
2.849569730E1,1.419761658E0,-1.391270638E1,1.147540855E1
2.849768095E1,9.457096457E-1,-1.365652657E1,1.090080070E1
2.849966459E1,4.620809257E-1,-1.342907715E1,1.030464458E1
2.850161771E1,-1.675941236E-2,-1.322556973E1,9.689333916E0
2.850363187E1,-4.764461517E-1,-1.303882217E1,9.038111687E0
2.850558500E1,-8.954314590E-1,-1.286165142E1,8.398859978E0
2.850756864E1,-1.264138460E0,-1.268687439E1,7.726089001E0
2.850952177E1,-1.611297727E0,-1.251688671E1,7.132327080E0
2.851153593E1,-1.927332401E0,-1.237084007E1,6.634333134E0
2.851348905E1,-2.224213362E0,-1.223197651E1,6.141127586E0
2.851547269E1,-2.511517525E0,-1.209790134E1,5.695806026E0
2.851745634E1,-2.779668093E0,-1.196382618E1,5.319916248E0
2.851943998E1,-3.064578056E0,-1.184890461E1,4.982333660E0
2.852136259E1,-3.342305660E0,-1.173398209E1,4.630385876E0
2.852337675E1,-3.605667830E0,-1.162863731E1,4.271255970E0
2.852532987E1,-3.871424198E0,-1.152808094E1,3.945644379E0
2.852731351E1,-4.106055737E0,-1.143710136E1,3.615244627E0
2.852929716E1,-4.328716755E0,-1.137964058E1,3.260902643E0
2.853131132E1,-4.534617901E0,-1.135330486E1,2.911349297E0
2.853326444E1,-4.666299343E0,-1.134612179E1,2.557007313E0
2.853524808E1,-4.711789131E0,-1.136048698E1,2.138022184E0
2.853723173E1,-4.707000732E0,-1.142034245E1,1.623268723E0
2.853921537E1,-4.649539471E0,-1.152089882E1,1.031900883E0
2.854116849E1,-4.541800499E0,-1.166694450E1,3.950432837E-1
2.854318266E1,-4.378994942E0,-1.184172153E1,-2.944868207E-1
2.854510526E1,-4.137180328E0,-1.202846909E1,-1.029506683E0
2.854711942E1,-3.823540211E0,-1.219845772E1,-1.872265697E0
2.854907255E1,-3.550601006E0,-1.235886955E1,-2.892195702E0
2.855105619E1,-3.457227230E0,-1.255758762E1,-4.031835556E0
2.855303983E1,-3.533841610E0,-1.280658531E1,-5.169081688E0
2.855499296E1,-3.696647406E0,-1.309628296E1,-6.157886982E0
2.855697660E1,-3.926490784E0,-1.340274143E1,-6.967126846E0
2.855896024E1,-4.125209332E0,-1.368765068E1,-7.565677166E0
2.856088285E1,-4.204218388E0,-1.390312958E1,-7.958326340E0
2.856289701E1,-4.242525578E0,-1.405875206E1,-8.152256966E0
2.856485014E1,-4.326322556E0,-1.416409683E1,-8.157045364E0
2.856686430E1,-4.424484730E0,-1.421437550E1,-8.018181801E0
2.856881742E1,-4.477157116E0,-1.420001030E1,-7.809885979E0
2.857083158E1,-4.517858505E0,-1.413297272E1,-7.503427982E0
2.857278470E1,-4.575319290E0,-1.402523327E1,-7.105990410E0
2.857476835E1,-4.623203278E0,-1.387439919E1,-6.684611320E0
2.857675199E1,-4.601655483E0,-1.367328548E1,-6.299144745E0
2.857873563E1,-4.510675907E0,-1.343386555E1,-5.918466568E0
2.858068876E1,-4.381389141E0,-1.319444561E1,-5.477933407E0
2.858264188E1,-4.256890774E0,-1.294544888E1,-4.967968464E0
2.858462553E1,-4.115632534E0,-1.267969227E1,-4.441244125E0
2.858660917E1,-3.974374771E0,-1.237084007E1,-3.907337189E0
2.858856229E1,-3.869029999E0,-1.207395935E1,-3.289633036E0
2.859054594E1,-3.809175014E0,-1.182496262E1,-2.557007313E0
2.859252958E1,-3.758896589E0,-1.155681133E1,-1.778891921E0
2.859451322E1,-3.627215624E0,-1.125514221E1,-9.911994934E-1
2.859646635E1,-3.383007050E0,-1.091995430E1,-2.059013397E-1
2.859848051E1,-3.045424461E0,-1.055603504E1,4.812345505E-1
2.860043363E1,-2.619256735E0,-1.018014526E1,1.000776291E0
2.860241727E1,-2.140416384E0,-9.797073364E0,1.345541358E0
2.860440092E1,-1.642422318E0,-9.390059471E0,1.496376038E0
2.860638456E1,-1.158793569E0,-8.949525833E0,1.434126854E0
2.860833768E1,-7.086837292E-1,-8.492233276E0,1.192312479E0
2.861032133E1,-3.280056417E-1,-8.056488991E0,7.876923680E-1
2.861230497E1,-5.506663769E-2,-7.663839817E0,2.705447972E-1
2.861425809E1,6.703764945E-2,-7.314286232E0,-3.136404157E-1
2.861624174E1,3.830722719E-2,-7.022193432E0,-9.409212470E-1
2.861825590E1,-1.053448766E-1,-6.787561893E0,-1.584961534E0
2.862020902E1,-2.992752194E-1,-6.610390663E0,-2.193088770E0
2.862219266E1,-5.770025849E-1,-6.478709698E0,-2.693476915E0
2.862414579E1,-7.422025204E-1,-6.426037312E0,-2.885013103E0
2.862612943E1,-1.072602391E0,-6.332663536E0,-3.143586874E0
2.862808256E1,-1.367089152E0,-6.258443356E0,-3.253720045E0
2.863009672E1,-1.575384736E0,-6.200982571E0,-3.275267839E0
2.863204984E1,-1.683123827E0,-6.150704384E0,-3.272873640E0
2.863403349E1,-1.721431017E0,-6.129156113E0,-3.272873640E0
2.863601713E1,-1.716642618E0,-6.155492783E0,-3.229778051E0
2.863800077E1,-1.673547029E0,-6.222530365E0,-3.138798475E0
2.863995390E1,-1.596932530E0,-6.301538944E0,-3.045424461E0
2.864196806E1,-1.544260144E0,-6.368576527E0,-2.935291290E0
2.864392118E1,-1.558625340E0,-6.414066315E0,-2.839523315E0
2.864590482E1,-1.582567334E0,-6.435614109E0,-2.791639090E0
2.864788846E1,-1.546654344E0,-6.466738701E0,-2.813186884E0
2.864987211E1,-1.462857246E0,-6.505045891E0,-2.861071110E0
2.865179472E1,-1.369483352E0,-6.564900875E0,-2.932897091E0
2.865380888E1,-1.276109457E0,-6.646304131E0,-3.011905670E0
2.865576200E1,-1.173158884E0,-6.742072105E0,-3.043030262E0
2.865774564E1,-1.060631394E0,-6.868964672E0,-3.038241863E0
2.865972928E1,-9.816226959E-1,-7.031770229E0,-3.033453465E0
2.866171293E1,-9.433154464E-1,-7.225700855E0,-3.031059265E0
2.866366605E1,-9.457096457E-1,-7.445967197E0,-3.016694069E0
2.866568021E1,-9.648633003E-1,-7.690176010E0,-2.975992680E0
2.866763334E1,-9.935936928E-1,-7.963114738E0,-2.906560898E0
2.866961698E1,-9.959878922E-1,-8.243236542E0,-2.856282711E0
2.867157011E1,-9.864110947E-1,-8.542511940E0,-2.829946518E0
2.867358427E1,-9.840168953E-1,-8.882488251E0,-2.801215887E0
2.867553739E1,-9.528923035E-1,-9.255983353E0,-2.762908697E0
2.867752103E1,-8.547300100E-1,-9.622296333E0,-2.738966703E0
2.867950468E1,-6.512228847E-1,-9.998186111E0,-2.719813108E0
2.868148832E1,-3.639186621E-1,-1.038365269E1,-2.688688517E0
2.868344144E1,2.394201700E-3,-1.075235939E1,-2.691082716E0
2.868545560E1,4.596867263E-1,-1.109951878E1,-2.774879694E0
2.868740873E1,8.714894056E-1,-1.138921738E1,-2.825158119E0
2.868939237E1,1.283292055E0,-1.162624359E1,-2.803610086E0
2.869134550E1,1.740584612E0,-1.181538582E1,-2.762908697E0
2.869335966E1,2.209848166E0,-1.197340298E1,-2.719813108E0
2.869528226E1,2.679111719E0,-1.209790134E1,-2.636016130E0
2.869729642E1,3.119644880E0,-1.218169785E1,-2.480392933E0
2.869924955E1,3.567360640E0,-1.223197651E1,-2.240972757E0
2.870120267E1,4.031835556E0,-1.222239971E1,-1.939303398E0
2.870318632E1,4.522646904E0,-1.214817905E1,-1.582567334E0
2.870516996E1,5.020640850E0,-1.204283428E1,-1.189918280E0
2.870712308E1,5.427655220E0,-1.192551899E1,-7.541735172E-1
2.870910673E1,5.590460777E0,-1.177468395E1,-1.891419291E-1
2.871109037E1,5.568912983E0,-1.159751320E1,4.716577232E-1
2.871304349E1,5.485116005E0,-1.142273617E1,1.125274777E0
2.871502714E1,5.482721806E0,-1.123598862E1,1.623268723E0
2.871704130E1,5.600037575E0,-1.105881786E1,1.917755604E0
2.871899442E1,5.741295815E0,-1.089361763E1,2.063801765E0
2.872097806E1,5.827486992E0,-1.072841740E1,2.109291792E0
2.872293119E1,5.884947777E0,-1.054885292E1,2.073378563E0
2.872494535E1,5.918466568E0,-1.037647057E1,1.965639591E0
2.872692899E1,5.904101372E0,-1.022324085E1,1.798045516E0
2.872891264E1,5.829881191E0,-1.008677197E1,1.611297727E0
2.873089628E1,5.738901615E0,-9.962273598E0,1.393425345E0
2.873287992E1,5.655104637E0,-9.844957352E0,1.156399369E0
2.873483305E1,5.592854977E0,-9.739612579E0,9.169792533E-1
2.873684720E1,5.576095581E0,-9.624691010E0,6.895300746E-1
2.873880033E1,5.612008572E0,-9.481039047E0,4.860229492E-1
2.874078397E1,5.602431774E0,-9.334992409E0,3.615244627E-1
2.874276762E1,5.444414616E0,-9.234436035E0,3.543418646E-1
2.874475126E1,5.169081688E0,-9.165003777E0,4.237737060E-1
2.874670438E1,4.843470097E0,-9.107542992E0,5.219359994E-1
2.874871854E1,4.477157116E0,-9.064447403E0,6.033388376E-1
2.875067167E1,4.082113743E0,-9.042900085E0,6.631938815E-1
2.875265531E1,3.646369219E0,-9.057265282E0,7.254431248E-1
2.875460844E1,3.210624456E0,-9.085995674E0,7.996633649E-1
2.875662260E1,2.755726099E0,-9.121908188E0,8.427590132E-1
2.875857572E1,2.260126352E0,-9.174580574E0,8.523358107E-1
2.876058988E1,1.721431017E0,-9.248801231E0,8.499416113E-1
2.876254301E1,1.180341482E0,-9.346963882E0,8.259995580E-1
2.876452665E1,6.679822803E-1,-9.430760384E0,7.829039693E-1
2.876647977E1,1.867477298E-1,-9.471462250E0,6.991068721E-1
2.876849393E1,-2.322375625E-1,-9.490615845E0,6.464344859E-1
2.877044706E1,-5.722141862E-1,-9.490615845E0,6.679822803E-1
2.877243070E1,-8.499416113E-1,-9.488221169E0,7.445967197E-1
2.877441434E1,-1.079784989E0,-9.488221169E0,8.595184088E-1
2.877639799E1,-1.295263171E0,-9.495404243E0,9.983820915E-1
2.877835111E1,-1.400607944E0,-9.500192642E0,1.091755986E0
2.878033475E1,-1.637633920E0,-9.526528358E0,1.314416766E0
2.878231840E1,-1.953668594E0,-9.569623947E0,1.486799240E0
2.878430204E1,-2.284068346E0,-9.615114212E0,1.563413739E0
2.878625516E1,-2.485181332E0,-9.679757118E0,1.577778935E0
2.878823881E1,-2.537853718E0,-9.739612579E0,1.522712231E0
2.879022245E1,-2.576161146E0,-9.756371498E0,1.458068848E0
2.879217558E1,-2.731784105E0,-9.722852707E0,1.398213744E0
2.879415922E1,-2.985569477E0,-9.698910713E0,1.338358760E0
2.879617338E1,-3.244143248E0,-9.691728592E0,1.283292055E0
2.879812650E1,-3.485957623E0,-9.646238327E0,1.189918280E0
2.880007963E1,-3.675099611E0,-9.567230225E0,1.005564690E0
2.880206327E1,-3.677493811E0,-9.478644371E0,5.817909837E-1
2.880404691E1,-3.512293816E0,-9.416395187E0,2.873042040E-2
2.880600004E1,-3.320757866E0,-9.356540680E0,-3.375824392E-1
2.880798368E1,-3.117250681E0,-9.265560150E0,-4.548983276E-1
2.880996732E1,-2.944868088E0,-9.155426979E0,-4.094084799E-1
2.881192045E1,-2.822763920E0,-9.033323288E0,-2.609679997E-1
2.881390409E1,-2.722207308E0,-8.975862503E0,9.576806799E-3
2.881591825E1,-2.597708941E0,-9.004592896E0,3.423708379E-1
2.881787138E1,-2.454056740E0,-9.088389397E0,6.512228847E-1
2.881985502E1,-2.334346771E0,-9.186552048E0,8.882488012E-1
2.882183866E1,-2.248155355E0,-9.296685219E0,1.036689281E0
2.882382230E1,-2.202665567E0,-9.402029991E0,1.151610970E0
2.882574491E1,-2.178723574E0,-9.471462250E0,1.256955862E0
2.882775907E1,-2.149993181E0,-9.497797966E0,1.381454349E0
2.882974271E1,-2.106897593E0,-9.493009567E0,1.534683347E0
2.883172636E1,-2.018311977E0,-9.471462250E0,1.680729628E0
2.883371000E1,-1.881842494E0,-9.461885452E0,1.786074519E0
2.883572416E1,-1.699883223E0,-9.454702377E0,1.800439715E0
2.883767728E1,-1.496376038E0,-9.437943459E0,1.728613615E0
2.883966093E1,-1.285686255E0,-9.385271072E0,1.608903527E0
2.884164457E1,-1.067813993E0,-9.332598686E0,1.467645645E0
2.884362821E1,-8.762778044E-1,-9.301473618E0,1.326387763E0
2.884558134E1,-6.871358752E-1,-9.275136948E0,1.199495077E0
2.884759550E1,-4.836287498E-1,-9.248801231E0,1.098938584E0
2.884954862E1,-2.992752194E-1,-9.239224434E0,1.005564690E0
2.885153226E1,-1.388636976E-1,-9.234436035E0,9.409212470E-1
2.885348539E1,-7.182605099E-3,-9.227252960E0,8.906430602E-1
2.885549955E1,1.005564705E-1,-9.222464561E0,8.212111592E-1
2.885745267E1,2.226607651E-1,-9.217676163E0,7.517793179E-1
2.885946683E1,3.591302633E-1,-9.208099365E0,7.015010715E-1
2.886141996E1,5.075707436E-1,-9.198522568E0,6.464344859E-1
2.886340360E1,6.512228847E-1,-9.181763649E0,6.057330370E-1
2.886538724E1,7.757213712E-1,-9.172186852E0,5.626373887E-1
2.886740141E1,9.074024558E-1,-9.174580574E0,4.908113480E-1
2.886935453E1,1.053448796E0,-9.181763649E0,3.998316824E-1
2.887133817E1,1.201889277E0,-9.176975250E0,2.849099934E-1
2.887329130E1,1.340752959E0,-9.167398453E0,1.460463107E-1
2.887530546E1,1.446097851E0,-9.155426979E0,0.000000000E0
2.887725858E1,1.517923832E0,-9.129091263E0,-1.604115069E-1
2.887927274E1,1.572990537E0,-9.105149269E0,-3.112462163E-1
2.888122587E1,1.628057122E0,-9.074024200E0,-4.548983276E-1
2.888320951E1,1.690306425E0,-9.050082207E0,-6.009446383E-1
2.888519315E1,1.757344007E0,-9.045293808E0,-7.278373241E-1
2.888717680E1,1.793257117E0,-9.050082207E0,-8.475474119E-1
2.888912992E1,1.826775908E0,-9.026140213E0,-9.504981041E-1
2.889111356E1,1.889025092E0,-8.961497307E0,-1.039083481E0
2.889306669E1,1.970427990E0,-8.901641846E0,-1.154005170E0
2.889508085E1,2.035071373E0,-8.872911453E0,-1.264138460E0
2.889703397E1,2.068590164E0,-8.841787338E0,-1.340752959E0
2.889904813E1,2.090138197E0,-8.791508675E0,-1.391031146E0
2.890100126E1,2.114080191E0,-8.746018410E0,-1.405396342E0
2.890298490E1,2.128445387E0,-8.705317497E0,-1.395819545E0
2.890496854E1,2.121262789E0,-8.662221909E0,-1.383848548E0
2.890698270E1,2.118868589E0,-8.614337921E0,-1.371877551E0
2.890893583E1,2.126051188E0,-8.559270859E0,-1.340752959E0
2.891091947E1,2.135627985E0,-8.511386871E0,-1.300051570E0
2.891290311E1,2.114080191E0,-8.497021675E0,-1.271321058E0
2.891488676E1,2.097320795E0,-8.482656479E0,-1.268926859E0
2.891683988E1,2.104503393E0,-8.432378769E0,-1.259350061E0
2.891885404E1,2.121262789E0,-8.389283180E0,-1.235408068E0
2.892080717E1,2.138022184E0,-8.367734909E0,-1.223437071E0
2.892279081E1,2.149993181E0,-8.350975990E0,-1.209071875E0
2.892477445E1,2.157175779E0,-8.355764389E0,-1.216254473E0
2.892678861E1,2.157175779E0,-8.374917984E0,-1.244984865E0
2.892874174E1,2.157175779E0,-8.389283180E0,-1.266532660E0
2.893072538E1,2.135627985E0,-8.406042099E0,-1.273715258E0
2.893270902E1,2.106897593E0,-8.434772491E0,-1.271321058E0
2.893469266E1,2.066195965E0,-8.482656479E0,-1.271321058E0
2.893661527E1,2.015917778E0,-8.544905663E0,-1.283292055E0
2.893862943E1,1.958456993E0,-8.614337921E0,-1.283292055E0
2.894058256E1,1.893813491E0,-8.676587105E0,-1.276109457E0
2.894256620E1,1.814804912E0,-8.734047890E0,-1.280897856E0
2.894451932E1,1.723825216E0,-8.801085472E0,-1.300051570E0
2.894653349E1,1.625662923E0,-8.865729332E0,-1.333570361E0
2.894848661E1,1.575384736E0,-8.896853447E0,-1.350329757E0
2.895047025E1,1.465251446E0,-8.944737434E0,-1.381454349E0
2.895242338E1,1.345541358E0,-8.980650902E0,-1.405396342E0
2.895440702E1,1.218648672E0,-9.016563416E0,-1.422155857E0
2.895639066E1,1.082179189E0,-9.062053680E0,-1.443703651E0
2.895840482E1,9.217676520E-1,-9.102754593E0,-1.465251446E0
2.896038846E1,7.637503147E-1,-9.129091263E0,-1.474828243E0
2.896237211E1,6.129156351E-1,-9.150638580E0,-1.467645645E0
2.896432523E1,4.692635238E-1,-9.160215378E0,-1.455674648E0
2.896630888E1,3.208230138E-1,-9.165003777E0,-1.446097851E0
2.896829252E1,1.651999205E-1,-9.165003777E0,-1.436521053E0
2.897027616E1,-4.788403399E-3,-9.150638580E0,-1.410184860E0
2.897222928E1,-1.651999205E-1,-9.129091263E0,-1.369483352E0
2.897424345E1,-3.016694188E-1,-9.112331390E0,-1.326387763E0
2.897619657E1,-4.548983276E-1,-9.102754593E0,-1.288080573E0
2.897818021E1,-6.177040339E-1,-9.095572472E0,-1.261744261E0
2.898010282E1,-7.613561153E-1,-9.097966194E0,-1.240196466E0
2.898211698E1,-9.074024558E-1,-9.124302864E0,-1.211466074E0
2.898407011E1,-1.055842996E0,-9.157821655E0,-1.182735682E0
2.898608427E1,-1.197100878E0,-9.165003777E0,-1.158793569E0
2.898803739E1,-1.312022567E0,-9.174580574E0,-1.144428372E0
2.899005155E1,-1.412579060E0,-9.203310966E0,-1.146822572E0
2.899200468E1,-1.520318031E0,-9.229647636E0,-1.156399369E0
2.899398832E1,-1.644816518E0,-9.253589630E0,-1.168370485E0
2.899597196E1,-1.764526606E0,-9.282320023E0,-1.173158884E0
2.899795560E1,-1.848323703E0,-9.325415611E0,-1.175553083E0
2.899990873E1,-1.915361404E0,-9.387664795E0,-1.182735682E0
2.900192289E1,-1.963245392E0,-9.454702377E0,-1.201889277E0
2.900387601E1,-1.991975784E0,-9.514557838E0,-1.223437071E0
2.900585966E1,-2.006340981E0,-9.588777542E0,-1.237802267E0
2.900784330E1,-2.020706177E0,-9.665391922E0,-1.240196466E0
2.900985746E1,-2.015917778E0,-9.730035782E0,-1.256955862E0
2.901178007E1,-1.994369984E0,-9.789890289E0,-1.292868972E0
2.901379423E1,-1.970427990E0,-9.849745750E0,-1.326387763E0
2.901574735E1,-1.941697598E0,-9.904812813E0,-1.352723956E0
2.901770048E1,-1.903390408E0,-9.955090523E0,-1.371877551E0
2.901968412E1,-1.857900500E0,-1.000776291E1,-1.388636947E0
2.902166776E1,-1.795651317E0,-1.006522369E1,-1.347935557E0
2.902362089E1,-1.752555609E0,-1.013704967E1,-1.300051570E0
2.902560453E1,-1.723825216E0,-1.022563553E1,-1.292868972E0
2.902758817E1,-1.687912226E0,-1.030464458E1,-1.290474772E0
2.902957182E1,-1.625662923E0,-1.037647057E1,-1.233013868E0
2.903152494E1,-1.563413739E0,-1.043632507E1,-1.127668977E0
2.903353910E1,-1.493981838E0,-1.049139214E1,-1.029506683E0
2.903549223E1,-1.412579060E0,-1.055603504E1,-9.433154464E-1
2.903744535E1,-1.312022567E0,-1.063264942E1,-8.643068075E-1
2.903942899E1,-1.192312479E0,-1.069729328E1,-7.948749661E-1
2.904141264E1,-1.065419793E0,-1.074517727E1,-7.541735172E-1
2.904333524E1,-9.361328483E-1,-1.077869606E1,-7.445967197E-1
2.904534940E1,-7.996633649E-1,-1.080503273E1,-7.398083210E-1
2.904730253E1,-6.799532771E-1,-1.082897472E1,-7.254431248E-1
2.904928617E1,-5.793967843E-1,-1.083136845E1,-7.110779285E-1
2.905123930E1,-4.836287498E-1,-1.080503273E1,-7.158663273E-1
2.905325346E1,-4.094084799E-1,-1.075475407E1,-7.182605267E-1
2.905520658E1,-3.495534360E-1,-1.069250488E1,-7.086837292E-1
2.905722074E1,-3.016694188E-1,-1.061110210E1,-6.991068721E-1
2.905917387E1,-2.585737705E-1,-1.051533413E1,-6.679822803E-1
2.906115751E1,-2.106897533E-1,-1.041477776E1,-6.272808313E-1
2.906314115E1,-1.699883193E-1,-1.030464458E1,-5.530605912E-1
2.906515531E1,-1.532289088E-1,-1.020169353E1,-4.405331016E-1
2.906710844E1,-1.508347094E-1,-1.012747288E1,-2.944868207E-1
2.906909208E1,-1.604115069E-1,-1.007958889E1,-1.101332754E-1
2.907104520E1,-1.819593310E-1,-1.006522369E1,1.221042871E-1
2.907302885E1,-2.059013397E-1,-1.007958889E1,3.974374831E-1
2.907501249E1,-2.442085743E-1,-1.011071396E1,6.847416759E-1
2.907702665E1,-2.896983922E-1,-1.015620327E1,9.792284966E-1
2.907897977E1,-3.184288144E-1,-1.022802925E1,1.264138460E0
2.908096342E1,-3.112462163E-1,-1.032619190E1,1.513135433E0
2.908294706E1,-2.561795712E-1,-1.044829655E1,1.692700624E0
2.908496122E1,-1.675941199E-1,-1.059434223E1,1.786074519E0
2.908691434E1,-1.915361360E-2,-1.074278259E1,1.795651317E0
2.908889799E1,1.891419291E-1,-1.089122391E1,1.728613615E0
2.909088163E1,4.237737060E-1,-1.103248119E1,1.599326730E0
2.909286527E1,6.799532771E-1,-1.117373943E1,1.429338455E0
2.909481840E1,9.624691010E-1,-1.131499767E1,1.235408068E0
2.909680204E1,1.254561663E0,-1.146343803E1,1.024718285E0
2.909875516E1,1.556231141E0,-1.162145519E1,8.212111592E-1
2.910073881E1,1.869871497E0,-1.176750088E1,6.296750307E-1
2.910269193E1,2.032677174E0,-1.182975101E1,5.386953950E-1
2.910470609E1,2.497152328E0,-1.203565216E1,3.136404157E-1
2.910665922E1,2.643198729E0,-1.210987186E1,2.609679997E-1
2.910864286E1,2.923320293E0,-1.225113010E1,1.867477298E-1
2.911062650E1,3.167528868E0,-1.236365795E1,1.604115069E-1
2.911261014E1,3.375824451E0,-1.247139645E1,1.651999205E-1
2.911453275E1,3.596091032E0,-1.257913589E1,2.082955539E-1
2.911654691E1,3.837905407E0,-1.268687439E1,3.064578176E-1
2.911850004E1,4.048594952E0,-1.279700851E1,4.285621047E-1
2.912048368E1,4.225766182E0,-1.290474701E1,5.698199868E-1
2.912246732E1,4.369418144E0,-1.301248646E1,7.445967197E-1
2.912448148E1,4.455609322E0,-1.312261963E1,9.768342972E-1
2.912643461E1,4.503493309E0,-1.323514652E1,1.221042871E0
2.912841825E1,4.508281708E0,-1.336443424E1,1.470039845E0
2.913037138E1,4.446032524E0,-1.352484512E1,1.723825216E0
2.913238554E1,4.295197964E0,-1.368286228E1,1.963245392E0
2.913433866E1,4.096478939E0,-1.383609200E1,2.214636564E0
2.913635282E1,3.924096584E0,-1.405396366E1,2.516305923E0
2.913830595E1,3.746925592E0,-1.429338455E1,2.798821688E0
2.914028959E1,3.519476414E0,-1.448492050E1,3.019088268E0
2.914227323E1,3.248931646E0,-1.463096619E1,3.201047659E0
2.914428739E1,2.942473888E0,-1.473631191E1,3.363853455E0
2.914624052E1,2.633621931E0,-1.480334949E1,3.531447411E0
2.914825468E1,2.343923569E0,-1.485362720E1,3.732560396E0
2.915020780E1,2.061407566E0,-1.487996387E1,3.962403774E0
2.915219144E1,1.800439715E0,-1.486320400E1,4.220977783E0
2.915417509E1,1.563413739E0,-1.481532001E1,4.510675907E0
2.915615873E1,1.355118155E0,-1.473631191E1,4.824316502E0
2.915811185E1,1.156399369E0,-1.462617779E1,5.147533417E0
2.916012601E1,9.744400978E-1,-1.451604462E1,5.477933407E0
2.916207914E1,8.116343617E-1,-1.442985344E1,5.813121796E0
2.916409330E1,6.679822803E-1,-1.436281586E1,6.143521786E0
2.916604642E1,5.123591423E-1,-1.430296135E1,6.454767704E0
2.916806058E1,3.639186621E-1,-1.427183628E1,6.751648903E0
2.917001371E1,2.370259613E-1,-1.426704788E1,7.024587631E0
2.917199735E1,1.340752989E-1,-1.431493187E1,7.268796444E0
2.917398099E1,5.506663769E-2,-1.439633465E1,7.467514992E0
2.917596464E1,4.788403399E-3,-1.449928570E1,7.594407558E0
2.917794828E1,-1.915361360E-2,-1.461899567E1,7.630321026E0
2.917993192E1,-5.027823523E-2,-1.475546551E1,7.572859764E0
2.918191556E1,-9.576806426E-2,-1.488714600E1,7.441178799E0
2.918389921E1,-1.675941199E-1,-1.501403904E1,7.280767441E0
2.918582182E1,-2.753331959E-1,-1.512177753E1,7.103596210E0
2.918783598E1,-4.094084799E-1,-1.521036339E1,6.912060261E0
2.918978910E1,-5.650315881E-1,-1.529894924E1,6.710947514E0
2.919177274E1,-7.541735172E-1,-1.538753414E1,6.531382084E0
2.919375638E1,-9.528923035E-1,-1.545936012E1,6.347028732E0
2.919574003E1,-1.151610970E0,-1.549048519E1,6.150704384E0
2.919769315E1,-1.371877551E0,-1.547133160E1,5.959167957E0
2.919967680E1,-1.620874524E0,-1.541865921E1,5.772420406E0
2.920166044E1,-1.893813491E0,-1.533007336E1,5.556941986E0
2.920364408E1,-2.176329374E0,-1.520557499E1,5.295974255E0
2.920556669E1,-2.444479942E0,-1.504276943E1,5.023035049E0
2.920758085E1,-2.679111719E0,-1.483686829E1,4.754884720E0
2.920953397E1,-2.885013103E0,-1.460463047E1,4.489128113E0
2.921151762E1,-3.043030262E0,-1.435563374E1,4.220977783E0
2.921350126E1,-3.124433279E0,-1.408508873E1,3.909731388E0
2.921548490E1,-3.126827478E0,-1.379060173E1,3.519476414E0
2.921740751E1,-3.066972494E0,-1.350329781E1,3.064578056E0
2.921942167E1,-2.992752075E0,-1.323754120E1,2.583343744E0
2.922140531E1,-2.899378300E0,-1.300051498E1,2.104503393E0
2.922338895E1,-2.767697096E0,-1.278982544E1,1.635239720E0
2.922531156E1,-2.626439333E0,-1.260307789E1,1.173158884E0
2.922732572E1,-2.506729126E0,-1.244745445E1,7.182605267E-1
2.922927885E1,-2.444479942E0,-1.232535076E1,2.705447972E-1
2.923126249E1,-2.470816135E0,-1.223197651E1,-1.412578970E-1
2.923324613E1,-2.583343744E0,-1.216015053E1,-5.099649429E-1
2.923522977E1,-2.758120298E0,-1.210987186E1,-8.164227605E-1
2.923715238E1,-2.942473888E0,-1.209311295E1,-1.055842996E0
2.923916654E1,-3.102885485E0,-1.210508347E1,-1.264138460E0
2.924111967E1,-3.232172251E0,-1.213860226E1,-1.455674648E0
2.924310331E1,-3.311181068E0,-1.220563984E1,-1.651999116E0
2.924505643E1,-3.325546265E0,-1.229901409E1,-1.874659896E0
2.924707059E1,-3.270479441E0,-1.240914726E1,-2.142810583E0
2.924902372E1,-3.174711466E0,-1.253364563E1,-2.444479942E0
2.925100736E1,-3.057395458E0,-1.265335560E1,-2.762908697E0
2.925299100E1,-2.928108692E0,-1.274912453E1,-3.076549292E0
2.925497465E1,-2.803610086E0,-1.284010410E1,-3.359065056E0
2.925692777E1,-2.703053713E0,-1.294305420E1,-3.605667830E0
2.925891141E1,-2.624045134E0,-1.306515884E1,-3.787626982E0
2.926089506E1,-2.552218914E0,-1.318486881E1,-3.943250179E0
2.926290922E1,-2.494758129E0,-1.328063679E1,-4.122815132E0
2.926486234E1,-2.485181332E0,-1.331894398E1,-4.225766182E0
2.926684599E1,-2.497152328E0,-1.337879944E1,-4.472368717E0
2.926882963E1,-2.535459518E0,-1.337161636E1,-4.807557106E0
2.927081327E1,-2.545036316E0,-1.330218506E1,-5.195417881E0
2.927273588E1,-2.451662540E0,-1.318965721E1,-5.497087002E0
2.927475004E1,-2.312798738E0,-1.305318737E1,-5.664681435E0
2.927670316E1,-2.207453966E0,-1.293108368E1,-5.750872612E0
2.927868681E1,-2.094926596E0,-1.283531570E1,-5.786785603E0
2.928067045E1,-1.934514999E0,-1.273954678E1,-5.791574001E0
2.928268461E1,-1.733402014E0,-1.259110641E1,-5.777208805E0
2.928463773E1,-1.508347034E0,-1.236365795E1,-5.731719017E0
2.928662138E1,-1.338358760E0,-1.209790134E1,-5.626373768E0
2.928857450E1,-1.230619669E0,-1.180102062E1,-5.468356609E0
2.929058866E1,-1.113303781E0,-1.147301483E1,-5.284003258E0
2.929254178E1,-9.504981041E-1,-1.112585545E1,-5.058948040E0
2.929455595E1,-7.829039693E-1,-1.081460953E1,-4.754884720E0
2.929650907E1,-6.296750307E-1,-1.054885292E1,-4.383783340E0
2.929849271E1,-4.812345505E-1,-1.031422138E1,-3.998316765E0
2.930047636E1,-3.016694188E-1,-1.008437729E1,-3.641580820E0
2.930249052E1,-1.915361360E-2,-9.825803757E0,-3.378218651E0
2.930444364E1,6.057330370E-1,-9.507374763E0,-3.280056238E0
2.930642728E1,1.776497602E0,-9.184157372E0,-3.454833031E0
2.930838041E1,2.990357876E0,-8.942343712E0,-3.790021181E0
2.931039457E1,3.919308186E0,-8.784325600E0,-3.952826977E0
2.931234769E1,4.699818134E0,-8.772355080E0,-3.854664803E0
2.931436185E1,5.264849663E0,-8.880094528E0,-3.514688015E0
2.931631498E1,5.154716492E0,-8.973467827E0,-3.074155092E0
2.931829862E1,4.752490520E0,-9.138668060E0,-2.650381327E0
2.932028226E1,4.335899353E0,-9.397241592E0,-2.080561161E0
2.932229642E1,3.902548790E0,-9.660603523E0,-1.434126854E0
2.932424955E1,3.433285236E0,-9.888052940E0,-7.924807668E-1
2.932623319E1,2.964021683E0,-1.004607010E1,-9.816227108E-2
2.932818632E1,2.487575531E0,-1.019451046E1,6.392518282E-1
2.933020048E1,1.941697598E0,-1.036210537E1,1.221042871E0
2.933215360E1,1.362300754E0,-1.047942066E1,1.541865945E0
2.933416776E1,9.217676520E-1,-1.054645824E1,1.719036818E0
2.933612089E1,6.584054828E-1,-1.063983250E1,1.922544003E0
2.933810453E1,5.291185975E-1,-1.076672459E1,2.281674147E0
2.934008817E1,3.878606856E-1,-1.089601231E1,2.741360903E0
2.934210233E1,1.484405100E-1,-1.102051067E1,3.177105665E0
2.934405546E1,-1.723825186E-1,-1.112585545E1,3.497928619E0
2.934606962E1,-2.394201756E-1,-1.111867237E1,3.912125587E0
2.934802274E1,-6.703764945E-2,-1.105163479E1,4.438849926E0
2.935000638E1,8.140286058E-2,-1.101811600E1,4.821922302E0
2.935199003E1,1.364694983E-1,-1.101811600E1,4.955997467E0
2.935397367E1,3.351882473E-2,-1.104445267E1,4.857835293E0
2.935592680E1,-1.963245422E-1,-1.108754826E1,4.608838081E0
2.935794096E1,-3.926490843E-1,-1.110909557E1,4.254496574E0
2.935989408E1,-4.501099288E-1,-1.108754826E1,3.845088005E0
2.936187772E1,-4.333505034E-1,-1.103248119E1,3.399766445E0
2.936383085E1,-4.548983276E-1,-1.097741508E1,2.911349297E0
2.936584501E1,-4.501099288E-1,-1.089361763E1,2.418143749E0
2.936779813E1,-4.189853072E-1,-1.077630138E1,2.001552582E0
2.936978178E1,-3.950432837E-1,-1.065419769E1,1.671152830E0
2.937176542E1,-3.519476354E-1,-1.052730465E1,1.398213744E0
2.937374906E1,-3.088520169E-1,-1.040520096E1,1.060631394E0
2.937570219E1,-2.657563984E-1,-1.029746151E1,6.368576288E-1
2.937768583E1,-1.843535304E-1,-1.020887566E1,2.681505978E-1
2.937966947E1,-7.661445439E-2,-1.012986755E1,-4.548983276E-2
2.938168363E1,-1.197100803E-2,-1.006761837E1,-3.734954596E-1
2.938363676E1,8.619125932E-2,-9.979032516E0,-7.134721279E-1
2.938562040E1,2.298433632E-1,-9.871294022E0,-9.744400978E-1
2.938757352E1,3.854664862E-1,-9.744400978E0,-1.158793569E0
2.938958768E1,5.698199868E-1,-9.567230225E0,-1.312022567E0
2.939154081E1,7.637503147E-1,-9.373299599E0,-1.450886250E0
2.939355497E1,9.457096457E-1,-9.188945770E0,-1.582567334E0
2.939550809E1,1.120486379E0,-9.002198219E0,-1.754949808E0
2.939749174E1,1.254561663E0,-8.815450668E0,-1.927332401E0
2.939947538E1,1.309628367E0,-8.671798706E0,-1.996764183E0
2.940148954E1,1.240196466E0,-8.614337921E0,-1.963245392E0
2.940344266E1,1.137245774E0,-8.607154846E0,-1.886630893E0
2.940542631E1,9.816226959E-1,-8.621520042E0,-1.790862918E0
2.940737943E1,7.996633649E-1,-8.631096840E0,-1.678335428E0
2.940936308E1,5.865794420E-1,-8.664615631E0,-1.529894829E0
2.941134672E1,4.932055473E-1,-8.657433510E0,-1.393425345E0
2.941336088E1,5.363011956E-1,-8.595184326E0,-1.335964561E0
2.941531400E1,6.177040339E-1,-8.513781548E0,-1.297657371E0
2.941729764E1,6.991068721E-1,-8.427590370E0,-1.249773264E0
2.941928129E1,7.469909191E-1,-8.341399193E0,-1.175553083E0
2.942129545E1,7.398083210E-1,-8.255207062E0,-1.079784989E0
2.942324857E1,6.751648784E-1,-8.161833763E0,-9.624691010E-1
2.942523222E1,5.985504389E-1,-8.049305916E0,-8.427590132E-1
2.942718534E1,4.740519226E-1,-7.989450932E0,-7.134721279E-1
2.942916898E1,3.758896589E-1,-7.951143742E0,-5.889736414E-1
2.943115263E1,2.418143749E-1,-7.936778545E0,-5.027823448E-1
2.943316678E1,1.556231081E-1,-7.879317760E0,-4.620809257E-1
2.943511991E1,2.154781483E-2,-7.857769966E0,-4.596867263E-1
2.943710355E1,-7.422025502E-2,-7.790732384E0,-4.620809257E-1
2.943908720E1,-2.274491638E-1,-7.738059998E0,-4.357447028E-1
2.944110136E1,-3.591302633E-1,-7.692570210E0,-3.950432837E-1
2.944305448E1,-4.596867263E-1,-7.663839817E0,-3.711012602E-1
2.944506864E1,-5.147533417E-1,-7.615955830E0,-3.878606856E-1
2.944699125E1,-6.105214357E-1,-7.587224960E0,-4.548983276E-1
2.944900541E1,-7.302315235E-1,-7.572859764E0,-5.770025849E-1
2.945098905E1,-8.283938169E-1,-7.522581577E0,-7.326257229E-1
2.945297269E1,-8.930372596E-1,-7.453149796E0,-8.762778044E-1
2.945492582E1,-9.696516991E-1,-7.388506413E0,-9.840168953E-1
2.945693998E1,-1.041477680E0,-7.331045628E0,-1.091755986E0
2.945889310E1,-1.096544385E0,-7.273584843E0,-1.180341482E0
2.946090726E1,-1.120486379E0,-7.180211067E0,-1.218648672E0
2.946286039E1,-1.187524080E0,-7.079654217E0,-1.218648672E0
2.946487455E1,-1.254561663E0,-6.971915245E0,-1.206677675E0
2.946679716E1,-1.283292055E0,-6.914454460E0,-1.192312479E0
2.946881132E1,-1.338358760E0,-6.797138691E0,-1.132457376E0
2.947079496E1,-1.374271750E0,-6.675034523E0,-1.051054597E0
2.947274808E1,-1.434126854E0,-6.560112476E0,-9.481038451E-1
2.947473173E1,-1.529894829E0,-6.473921299E0,-8.307880163E-1
2.947671537E1,-1.604115129E0,-6.370970726E0,-7.493851185E-1
2.947866849E1,-1.683123827E0,-6.268020153E0,-7.086837292E-1
2.948065214E1,-1.762132406E0,-6.172252178E0,-6.919242740E-1
2.948263578E1,-1.817199111E0,-6.069301128E0,-6.799532771E-1
2.948461942E1,-1.881842494E0,-5.954379559E0,-6.655880809E-1
2.948657255E1,-2.001552582E0,-5.858611584E0,-6.775590777E-1
2.948858671E1,-2.147598982E0,-5.772420406E0,-7.374141216E-1
2.949053983E1,-2.298433542E0,-5.698200226E0,-7.996633649E-1
2.949252348E1,-2.420537949E0,-5.616796970E0,-8.810662031E-1
2.949447660E1,-2.509123325E0,-5.509057999E0,-1.019929886E0
2.949649076E1,-2.614468336E0,-5.415684223E0,-1.149216771E0
2.949841337E1,-2.731784105E0,-5.348646641E0,-1.259350061E0
2.950042753E1,-2.894589901E0,-5.324704647E0,-1.355118155E0
2.950238065E1,-3.095702887E0,-5.353435040E0,-1.443703651E0
2.950436430E1,-3.234566450E0,-5.372588634E0,-1.513135433E0
2.950634794E1,-3.303998232E0,-5.365406036E0,-1.587355733E0
2.950833158E1,-3.397372246E0,-5.408501625E0,-1.663970232E0
2.951025419E1,-3.452438831E0,-5.456385612E0,-1.728613615E0
2.951226835E1,-3.500322819E0,-5.513846397E0,-1.740584612E0
2.951422147E1,-3.584120035E0,-5.604825974E0,-1.714248419E0
2.951620512E1,-3.639186621E0,-5.683835030E0,-1.671152830E0
2.951818876E1,-3.658340216E0,-5.717353821E0,-1.644816518E0
2.952020292E1,-3.677493811E0,-5.736507416E0,-1.659181833E0
2.952215604E1,-3.679888010E0,-5.746084213E0,-1.707065821E0
2.952413969E1,-3.634398222E0,-5.719748020E0,-1.771709204E0
2.952612333E1,-3.605667830E0,-5.698200226E0,-1.805228114E0
2.952810697E1,-3.632004023E0,-5.688623428E0,-1.788468719E0
2.953002958E1,-3.670311213E0,-5.645527840E0,-1.728613615E0
2.953204374E1,-3.722983599E0,-5.571307182E0,-1.635239720E0
2.953399686E1,-3.787626982E0,-5.487510204E0,-1.541865945E0
2.953598051E1,-3.873818398E0,-5.403713226E0,-1.482010841E0
2.953796415E1,-3.988739967E0,-5.348646641E0,-1.448492050E0
2.953997831E1,-4.139574528E0,-5.329493046E0,-1.407790542E0
2.954193143E1,-4.292803764E0,-5.303156853E0,-1.362300754E0
2.954394559E1,-4.419696331E0,-5.257667065E0,-1.314416766E0
2.954589872E1,-4.455609322E0,-5.157110691E0,-1.292868972E0
2.954788236E1,-4.467580318E0,-5.032611847E0,-1.285686255E0
2.954986600E1,-4.520252705E0,-4.948814869E0,-1.254561663E0
2.955184965E1,-4.592078686E0,-4.888959885E0,-1.192312479E0
2.955377225E1,-4.663905144E0,-4.855441093E0,-1.110909581E0
2.955578641E1,-4.718971729E0,-4.821922302E0,-1.015141487E0
2.955773954E1,-4.831499100E0,-4.752490520E0,-9.097966552E-1
2.955972318E1,-4.912901878E0,-4.687847137E0,-8.451532125E-1
2.956167631E1,-4.922478676E0,-4.639962673E0,-8.044517636E-1
2.956369047E1,-4.903325081E0,-4.618414879E0,-8.188169599E-1
2.956561308E1,-4.927267075E0,-4.627991676E0,-8.499416113E-1
2.956762724E1,-4.999093056E0,-4.647145271E0,-8.307880163E-1
2.956961088E1,-5.058948040E0,-4.654327869E0,-7.613561153E-1
2.957159452E1,-5.061342239E0,-4.644751072E0,-6.775590777E-1
2.957351713E1,-5.013458252E0,-4.635174274E0,-6.081272364E-1
2.957553129E1,-4.951209068E0,-4.618414879E0,-5.674257874E-1
2.957748441E1,-4.893748283E0,-4.608838081E0,-5.339069963E-1
2.957949857E1,-4.817133904E0,-4.601655483E0,-4.932055473E-1
2.958145170E1,-4.726154327E0,-4.613626480E0,-4.477157295E-1
2.958346586E1,-4.620809078E0,-4.651933670E0,-4.141969085E-1
2.958541898E1,-4.505887508E0,-4.678270340E0,-3.998316824E-1
2.958740263E1,-4.412513733E0,-4.671087742E0,-3.758896589E-1
2.958938627E1,-4.328716755E0,-4.651933670E0,-3.351882398E-1
2.959136991E1,-4.232948780E0,-4.632780075E0,-2.992752194E-1
2.959332304E1,-4.115632534E0,-4.623203278E0,-2.873041928E-1
2.959533720E1,-3.964797974E0,-4.608838081E0,-2.825157940E-1
2.959732084E1,-3.804386616E0,-4.592078686E0,-2.681505978E-1
2.959930448E1,-3.641580820E0,-4.575319290E0,-2.657563984E-1
2.960122709E1,-3.478775024E0,-4.558559895E0,-2.657563984E-1
2.960324125E1,-3.311181068E0,-4.551377296E0,-2.657563984E-1
2.960519437E1,-3.150769472E0,-4.534617901E0,-2.585737705E-1
2.960717802E1,-2.999934673E0,-4.548983097E0,-2.130839527E-1
2.960916166E1,-2.839523315E0,-4.584896088E0,-1.244984865E-1
2.961114530E1,-2.674323320E0,-4.627991676E0,9.576806799E-3
2.961306791E1,-2.580949545E0,-4.649539471E0,9.337386489E-2
2.961508207E1,-2.272097349E0,-4.718971729E0,3.663128614E-1
2.961703519E1,-2.164358377E0,-4.754884720E0,4.548983276E-1
2.961901884E1,-1.960851192E0,-4.843470097E0,6.368576288E-1
2.962097196E1,-1.781286120E0,-4.958391666E0,8.331822157E-1
2.962298612E1,-1.647210717E0,-5.118803024E0,1.039083481E0
2.962490873E1,-1.534683347E0,-5.310339451E0,1.256955862E0
2.962692289E1,-1.434126854E0,-5.523423195E0,1.498770237E0
2.962890653E1,-1.350329757E0,-5.774814606E0,1.776497602E0
2.963089017E1,-1.278503656E0,-6.078877926E0,2.094926596E0
2.963284330E1,-1.177947283E0,-6.402095318E0,2.415749550E0
2.963485746E1,-1.022324085E0,-6.720524311E0,2.738966703E0
2.963678007E1,-7.876923680E-1,-7.026981831E0,3.047818661E0
2.963879423E1,-5.698199868E-1,-7.321468830E0,3.344699860E0
2.964074735E1,-3.902548850E-1,-7.606379032E0,3.687070608E0
2.964273099E1,-2.035071403E-1,-7.903259754E0,4.108449936E0
2.964471464E1,-3.351882473E-2,-8.224082947E0,4.587290287E0
2.964669828E1,1.221042871E-1,-8.552088737E0,5.125985622E0
2.964862089E1,2.825157940E-1,-8.896853447E0,5.719748020E0
2.965063505E1,4.429273009E-1,-9.263166428E0,6.325480938E0
2.965258817E1,5.506663918E-1,-9.684545517E0,6.933608055E0
2.965457182E1,6.607996821E-1,-1.014423275E1,7.534552574E0
2.965655546E1,8.643068075E-1,-1.060870743E1,8.125920296E0
2.965856962E1,1.206677675E0,-1.109951878E1,8.741230011E0
2.966052274E1,1.532289028E0,-1.160948372E1,9.397241592E0
2.966250638E1,1.668758631E0,-1.217930412E1,1.012268448E1
2.966449003E1,1.740584612E0,-1.282813263E1,1.090080070E1
2.966647367E1,1.898601890E0,-1.354399872E1,1.170525169E1
2.966839628E1,2.114080191E0,-1.430056667E1,1.251209831E1
2.967041044E1,2.370259762E0,-1.508107662E1,1.326866627E1
2.967236356E1,2.679111719E0,-1.588313389E1,1.390552330E1
2.967434720E1,3.076549292E0,-1.668997955E1,1.437478733E1
2.967633085E1,3.481169224E0,-1.753273964E1,1.467406178E1
2.967834501E1,3.809175014E0,-1.840901756E1,1.482968521E1
2.968029813E1,4.120420933E0,-1.927811241E1,1.492545319E1
2.968228178E1,4.383783340E0,-2.012087059E1,1.502361584E1
2.968426542E1,4.606443882E0,-2.088462067E1,1.506671143E1
2.968624906E1,4.836287498E0,-2.153344917E1,1.508825874E1
2.968817167E1,5.094861031E0,-2.205299187E1,1.515769100E1
2.969018583E1,5.327098846E0,-2.241451645E1,1.524627686E1
2.969213895E1,5.552153587E0,-2.259647560E1,1.532289124E1
2.969412260E1,5.786785603E0,-2.256535149E1,1.535401535E1
2.969610624E1,5.975927353E0,-2.231395912E1,1.534922695E1
2.969812040E1,6.160281181E0,-2.180160141E1,1.526782417E1
2.970007352E1,6.301538944E0,-2.107136917E1,1.507389355E1
2.970205717E1,6.301538944E0,-2.025255203E1,1.481292629E1
2.970404081E1,6.090848923E0,-1.941697502E1,1.446816063E1
2.970602445E1,5.760449409E0,-1.855745697E1,1.394383049E1
2.970794706E1,5.422866821E0,-1.767160225E1,1.327584839E1
2.970996122E1,5.111620426E0,-1.678574753E1,1.254561710E1
2.971191434E1,4.797980309E0,-1.590468216E1,1.182496262E1
2.971389799E1,4.491522312E0,-1.504516315E1,1.111867237E1
2.971588163E1,4.134786129E0,-1.423831749E1,1.040520096E1
2.971789579E1,3.687070608E0,-1.352245140E1,9.696516991E0
2.971984891E1,3.145981073E0,-1.289756489E1,9.006986618E0
2.972183256E1,2.549824715E0,-1.236126328E1,8.341399193E0
2.972378568E1,1.932120800E0,-1.188721180E1,7.728483200E0
2.972579984E1,1.326387763E0,-1.146822643E1,7.153874874E0
2.972775297E1,7.086837292E-1,-1.110430717E1,6.615179062E0
2.972976713E1,7.900865376E-2,-1.078348446E1,6.121973515E0
2.973172025E1,-5.554547906E-1,-1.050815105E1,5.659893036E0
2.973373441E1,-1.132457376E0,-1.026394272E1,5.233725071E0
2.973571806E1,-1.654393315E0,-1.002931118E1,4.900930882E0
2.973770170E1,-2.207453966E0,-9.823410034E0,4.649539471E0
2.973968534E1,-2.731784105E0,-9.619902611E0,4.386177540E0
2.974169950E1,-3.220201254E0,-9.402029991E0,4.058171749E0
2.974362211E1,-3.641580820E0,-9.145850182E0,3.646369219E0
2.974563627E1,-3.983951569E0,-8.858546257E0,3.129221678E0
2.974761991E1,-4.242525578E0,-8.544905663E0,2.542642117E0
2.974960355E1,-4.474762917E0,-8.236053467E0,1.912967205E0
2.975155668E1,-4.771644115E0,-7.977479935E0,1.216254473E0
2.975357084E1,-5.078101635E0,-7.785943985E0,4.501099288E-1
2.975552396E1,-5.327098846E0,-7.704541206E0,-2.035071403E-1
2.975753812E1,-5.482721806E0,-7.752425194E0,-6.584054828E-1
2.975949125E1,-5.516240597E0,-7.900865555E0,-1.015141487E0
2.976150541E1,-5.494692802E0,-8.204929352E0,-1.371877551E0
2.976345853E1,-5.444414616E0,-8.664615631E0,-1.750161409E0
2.976544218E1,-5.269638062E0,-9.191340446E0,-2.145204782E0
2.976742582E1,-4.932055473E0,-9.734824181E0,-2.592920542E0
2.976940946E1,-4.496310711E0,-1.028549004E1,-3.196259260E0
2.977133207E1,-4.043806553E0,-1.082179165E1,-4.062960148E0
2.977334623E1,-3.682282209E0,-1.134612179E1,-5.200206280E0
2.977529935E1,-3.442862034E0,-1.186326981E1,-6.495469093E0
2.977728300E1,-3.248931646E0,-1.233971596E1,-7.817068577E0
2.977920560E1,-3.160346270E0,-1.255758762E1,-8.465897560E0
2.978121976E1,-3.002328873E0,-1.319923401E1,-1.020887566E1
2.978314237E1,-2.980781078E0,-1.341231823E1,-1.066616821E1
2.978515653E1,-2.983175278E0,-1.385524559E1,-1.138203526E1
2.978714017E1,-3.074155092E0,-1.431972027E1,-1.183932781E1
2.978912382E1,-3.145981073E0,-1.474588871E1,-1.205719948E1
2.979107694E1,-3.086126089E0,-1.506910515E1,-1.211226654E1
2.979309110E1,-2.975992680E0,-1.531331444E1,-1.195903778E1
2.979504423E1,-2.896984100E0,-1.551442719E1,-1.159511852E1
2.979705839E1,-2.837129116E0,-1.564371395E1,-1.109233665E1
2.979901151E1,-2.779668093E0,-1.567962646E1,-1.054406452E1
2.980102567E1,-2.724601507E0,-1.565089607E1,-9.955090523E0
2.980294828E1,-2.676717520E0,-1.557667637E1,-9.311050415E0
2.980496244E1,-2.626439333E0,-1.543302441E1,-8.662221909E0
2.980694608E1,-2.564189911E0,-1.521754646E1,-8.015787125E0
2.980889921E1,-2.494758129E0,-1.491108799E1,-7.445967197E0
2.981088285E1,-2.446874142E0,-1.459505367E1,-6.830657482E0
2.981286649E1,-2.403778553E0,-1.429338455E1,-6.093243122E0
2.981481962E1,-2.284068346E0,-1.397495556E1,-5.252878666E0
2.981680326E1,-2.037465572E0,-1.360145950E1,-4.297592163E0
2.981878690E1,-1.673547029E0,-1.317529202E1,-3.167528868E0
2.982077055E1,-1.264138460E0,-1.273954678E1,-1.826775908E0
2.982269315E1,-8.044517636E-1,-1.230619717E1,-3.136404157E-1
2.982470731E1,-3.088520169E-1,-1.185129833E1,1.209071875E0
2.982666044E1,2.106897533E-1,-1.133654499E1,2.549824715E0
2.982864408E1,7.158663273E-1,-1.076193619E1,3.620033026E0
2.983062772E1,1.185129881E0,-1.014902115E1,4.388571739E0
2.983261137E1,1.582567334E0,-9.526528358E0,4.824316502E0
2.983456449E1,1.821987510E0,-8.944737434E0,4.948814869E0
2.983657865E1,1.886630893E0,-8.444349289E0,4.790797710E0
2.983853178E1,1.824381709E0,-8.030152321E0,4.335899353E0
2.984051542E1,1.678335428E0,-7.699752808E0,3.605667830E0
2.984249906E1,1.489193439E0,-7.436390400E0,2.652775526E0
2.984448270E1,1.314416766E0,-7.213729858E0,1.604115129E0
2.984643583E1,1.189918280E0,-7.019799232E0,5.698199868E-1
2.984844999E1,1.029506683E0,-6.837840080E0,-3.256114423E-1
2.985040311E1,7.852981687E-1,-6.694188118E0,-9.935936928E-1
2.985238676E1,5.674257874E-1,-6.586448669E0,-1.510741234E0
2.985437040E1,4.141969085E-1,-6.493074894E0,-1.872265697E0
2.985638456E1,2.250549644E-1,-6.402095318E0,-2.035071373E0
2.985833768E1,-2.873042040E-2,-6.296750546E0,-2.049436569E0
2.986032133E1,-2.968810201E-1,-6.169857979E0,-2.001552582E0
2.986227445E1,-4.860229492E-1,-6.050147533E0,-1.956062794E0
2.986425809E1,-5.434837937E-1,-5.935225964E0,-1.908178806E0
2.986624174E1,-5.171475410E-1,-5.817910194E0,-1.869871497E0
2.986825590E1,-4.908113480E-1,-5.691017628E0,-1.867477298E0
2.987020902E1,-5.219359994E-1,-5.556941986E0,-1.896207690E0
2.987219266E1,-6.081272364E-1,-5.451597214E0,-1.941697598E0
2.987417631E1,-7.757213712E-1,-5.413290024E0,-1.946485996E0
2.987619047E1,-9.552865028E-1,-5.422866821E0,-1.948880196E0
2.987814359E1,-1.065419793E0,-5.451597214E0,-1.941697598E0
2.988012724E1,-1.110909581E0,-5.480327606E0,-1.960851192E0
2.988208036E1,-1.154005170E0,-5.528211594E0,-2.030282974E0
2.988406400E1,-1.187524080E0,-5.626373768E0,-2.130839586E0
2.988604764E1,-1.192312479E0,-5.774814606E0,-2.279279947E0
2.988806181E1,-1.189918280E0,-5.985504150E0,-2.449268341E0
2.989001493E1,-1.230619669E0,-6.272808552E0,-2.590526342E0
2.989202909E1,-1.316810966E0,-6.627150536E0,-2.705447912E0
2.989398222E1,-1.412579060E0,-7.024587631E0,-2.817975283E0
2.989596586E1,-1.484405041E0,-7.433996201E0,-2.932897091E0
2.989788846E1,-1.544260144E0,-7.864952564E0,-3.028665066E0
2.989990263E1,-1.608903527E0,-8.319850922E0,-3.074155092E0
2.990185575E1,-1.649604917E0,-8.772355080E0,-3.100491285E0
2.990383939E1,-1.604115129E0,-9.205705643E0,-3.138798475E0
2.990582304E1,-1.484405041E0,-9.603142738E0,-3.189076662E0
2.990780668E1,-1.446097851E0,-9.969455719E0,-3.122039080E0
2.990972928E1,-1.441309452E0,-1.029267311E1,-2.971204281E0
2.991174345E1,-1.335964561E0,-1.057279491E1,-2.861071110E0
2.991369657E1,-1.125274777E0,-1.081700325E1,-2.801215887E0
2.991571073E1,-8.738836050E-1,-1.102529907E1,-2.738966703E0
2.991766386E1,-5.865794420E-1,-1.118570995E1,-2.664746523E0
2.991967802E1,-2.442085743E-1,-1.130781460E1,-2.604891539E0
2.992166166E1,1.221042871E-1,-1.142034245E1,-2.557007313E0
2.992364530E1,5.147533417E-1,-1.151132202E1,-2.480392933E0
2.992562894E1,8.667010069E-1,-1.158314800E1,-2.334346771E0
2.992761259E1,1.221042871E0,-1.164779091E1,-2.152387381E0
2.992956571E1,1.537077546E0,-1.168370438E1,-1.932120800E0
2.993157987E1,1.752555609E0,-1.169806957E1,-1.575384736E0
2.993350248E1,1.963245392E0,-1.170285797E1,-1.134851575E0
2.993551664E1,2.219424963E0,-1.167412758E1,-6.847416759E-1
2.993746976E1,2.506729126E0,-1.162624359E1,-2.489969730E-1
2.993945341E1,2.782062292E0,-1.157357121E1,1.891419291E-1
2.994143705E1,3.007117271E0,-1.151132202E1,6.153098345E-1
2.994342069E1,3.215412855E0,-1.142991924E1,1.017535686E0
2.994534330E1,3.320757866E0,-1.137724686E1,1.206677675E0
2.994735746E1,3.655946016E0,-1.117134476E1,1.733402014E0
2.994931058E1,3.785232782E0,-1.109233665E1,1.903390408E0
2.995132474E1,4.050989151E0,-1.096304989E1,2.200271368E0
2.995324735E1,4.290409565E0,-1.084573364E1,2.396595955E0
2.995526151E1,4.479551315E0,-1.068053341E1,2.540247917E0
2.995721464E1,4.572925091E0,-1.049139214E1,2.636016130E0
2.995919828E1,4.572925091E0,-1.031661510E1,2.671929121E0
2.996118192E1,4.505887508E0,-1.015620327E1,2.643198729E0
2.996316556E1,4.407725334E0,-9.995792389E0,2.537853718E0
2.996508817E1,4.328716755E0,-9.818621635E0,2.382230759E0
2.996710233E1,4.237737179E0,-9.627084732E0,2.193088770E0
2.996908598E1,4.070142746E0,-9.473855972E0,1.951274395E0
2.997106962E1,3.837905407E0,-9.356540680E0,1.680729628E0
2.997302274E1,3.627215624E0,-9.229647636E0,1.414973259E0
2.997500638E1,3.454833031E0,-9.078812599E0,1.204283476E0
2.997699003E1,3.287238836E0,-8.937555313E0,1.077390790E0
2.997900419E1,3.090914488E0,-8.836998940E0,1.015141487E0
2.998095731E1,2.844311714E0,-8.781931877E0,9.816226959E-1
2.998297147E1,2.533065319E0,-8.743624687E0,9.576807022E-1
2.998492460E1,2.130839586E0,-8.710105896E0,9.050082564E-1
2.998687772E1,1.654393315E0,-8.690952301E0,7.852981687E-1
2.998886137E1,1.165976286E0,-8.688557625E0,6.344634295E-1
2.999084501E1,7.182605267E-1,-8.693346024E0,5.339069963E-1
2.999279813E1,3.303998411E-1,-8.729259491E0,4.309563041E-1
2.999478178E1,7.182605099E-3,-8.762778282E0,2.873041928E-1
2.999676542E1,-2.681505978E-1,-8.767566681E0,1.651999205E-1
2.999871854E1,-5.458779931E-1,-8.851364136E0,1.651999205E-1
3.000070219E1,-8.164227605E-1,-8.987833023E0,1.364694983E-1
3.000271635E1,-1.103726983E0,-9.112331390E0,1.077390760E-1
3.000466947E1,-1.426944256E0,-9.239224434E0,1.556231081E-1
3.000665311E1,-1.716642618E0,-9.344569206E0,2.130839527E-1
3.000863676E1,-1.932120800E0,-9.414001465E0,2.681505978E-1
3.001062040E1,-2.078166962E0,-9.430760384E0,3.160346150E-1
3.001257352E1,-2.233790159E0,-9.421183586E0,3.591302633E-1
3.001455717E1,-2.425326347E0,-9.387664795E0,3.734954596E-1
3.001654081E1,-2.624045134E0,-9.354146004E0,3.830722570E-1
3.001849393E1,-2.738966703E0,-9.337387085E0,4.668693244E-1
3.002047758E1,-2.712630510E0,-9.313444138E0,6.177040339E-1
3.002249174E1,-2.568978310E0,-9.234436035E0,7.709329724E-1
3.002444486E1,-2.353500366E0,-9.112331390E0,8.906430602E-1
3.002642850E1,-2.102109194E0,-8.980650902E0,1.003170490E0
3.002841215E1,-1.841141105E0,-8.851364136E0,1.101332784E0
3.003039579E1,-1.604115129E0,-8.743624687E0,1.165976286E0
3.003234891E1,-1.410184860E0,-8.667010307E0,1.173158884E0
3.003433256E1,-1.264138460E0,-8.631096840E0,1.120486379E0
3.003625516E1,-1.134851575E0,-8.662221909E0,1.048660398E0
3.003826932E1,-1.029506683E0,-8.726864815E0,9.888052940E-1
3.004022245E1,-9.433154464E-1,-8.801085472E0,9.768342972E-1
3.004220609E1,-8.355764151E-1,-8.875306129E0,1.022324085E0
3.004418974E1,-7.134721279E-1,-8.939949036E0,1.082179189E0
3.004617338E1,-5.530605912E-1,-8.973467827E0,1.122880578E0
3.004809599E1,-3.591302633E-1,-8.992621422E0,1.091755986E0
3.005011014E1,-1.460463107E-1,-9.042900085E0,9.672574997E-1
3.005206327E1,9.097966552E-2,-9.090784073E0,8.259995580E-1
3.005404691E1,3.663128614E-1,-9.090784073E0,7.015010715E-1
3.005600004E1,6.871358752E-1,-9.011775017E0,6.344634295E-1
3.005801420E1,1.007958889E0,-8.904036522E0,6.296750307E-1
3.005999784E1,1.271321058E0,-8.810662270E0,6.416460276E-1
3.006198148E1,1.422155857E0,-8.805873871E0,5.985504389E-1
3.006396513E1,1.510741234E0,-8.839392662E0,4.955997467E-1
3.006594877E1,1.630451322E0,-8.860940933E0,3.830722570E-1
3.006787138E1,1.742978811E0,-8.904036522E0,2.178723514E-1
3.006988554E1,1.843535304E0,-8.971074104E0,4.070143029E-2
3.007183866E1,1.939303398E0,-9.042900085E0,-9.816227108E-2
3.007382230E1,2.027888775E0,-9.076418877E0,-1.915361285E-1
3.007577543E1,2.114080191E0,-9.066842079E0,-2.561795712E-1
3.007778959E1,2.161964178E0,-9.081207275E0,-3.016694188E-1
3.007974271E1,2.164358377E0,-9.121908188E0,-3.232172430E-1
3.008172636E1,2.142810583E0,-9.138668060E0,-3.256114423E-1
3.008371000E1,2.075772762E0,-9.157821655E0,-3.375824392E-1
3.008569364E1,1.980004787E0,-9.184157372E0,-3.375824392E-1
3.008761625E1,1.941697598E0,-9.193734169E0,-3.351882398E-1
3.008963041E1,1.833958507E0,-9.186552048E0,-3.184288144E-1
3.009158353E1,1.790862918E0,-9.179368973E0,-3.184288144E-1
3.009356718E1,1.687912226E0,-9.167398453E0,-3.423708379E-1
3.009552030E1,1.580173135E0,-9.160215378E0,-3.806780577E-1
3.009753446E1,1.472434044E0,-9.150638580E0,-4.237737060E-1
3.009945707E1,1.374271750E0,-9.119514465E0,-4.501099288E-1
3.010147123E1,1.288080573E0,-9.076418877E0,-4.740519226E-1
3.010345487E1,1.194706678E0,-9.047688484E0,-5.171475410E-1
3.010540800E1,1.094150186E0,-9.023746490E0,-5.363011956E-1
3.010739164E1,9.888052940E-1,-9.016563416E0,-5.195417404E-1
3.010940580E1,8.882488012E-1,-9.023746490E0,-4.740519226E-1
3.011135892E1,7.948749661E-1,-9.028534889E0,-4.237737060E-1
3.011334257E1,6.967126727E-1,-9.023746490E0,-3.854664862E-1
3.011532621E1,5.985504389E-1,-8.997409821E0,-3.711012602E-1
3.011734037E1,4.908113480E-1,-8.968679428E0,-3.663128614E-1
3.011926298E1,3.830722570E-1,-8.935160637E0,-3.830722570E-1
3.012127714E1,2.801215947E-1,-8.884882927E0,-4.189853072E-1
3.012323026E1,1.963245422E-1,-8.813055992E0,-4.716577232E-1
3.012518339E1,1.197100878E-1,-8.738836288E0,-5.291185975E-1
3.012716703E1,5.027823523E-2,-8.681375504E0,-5.841852427E-1
3.012915067E1,-7.182605099E-3,-8.640673637E0,-6.416460276E-1
3.013110380E1,-4.070143029E-2,-8.609549522E0,-7.182605267E-1
3.013311796E1,-6.464344263E-2,-8.576030731E0,-8.092401624E-1
3.013507108E1,-9.576806426E-2,-8.544905663E0,-9.121908545E-1
3.013705473E1,-1.053448766E-1,-8.513781548E0,-1.012747288E0
3.013903837E1,-8.140286058E-2,-8.465897560E0,-1.106121182E0
3.014102201E1,-5.267243832E-2,-8.422801971E0,-1.228225470E0
3.014297514E1,-4.309562966E-2,-8.391676903E0,-1.352723956E0
3.014498930E1,-2.873042040E-2,-8.365341187E0,-1.486799240E0
3.014694242E1,-2.154781483E-2,-8.336610794E0,-1.620874524E0
3.014892606E1,-7.182605099E-3,-8.317456245E0,-1.726219416E0
3.015090970E1,2.633621916E-2,-8.293514252E0,-1.812410712E0
3.015292387E1,6.464344263E-2,-8.281543732E0,-1.884236693E0
3.015487699E1,9.816227108E-2,-8.291120529E0,-1.963245392E0
3.015686063E1,1.484405100E-1,-8.298302650E0,-2.035071373E0
3.015884428E1,1.963245422E-1,-8.298302650E0,-2.097320795E0
3.016082792E1,2.322375625E-1,-8.310274124E0,-2.164358377E0
3.016275053E1,2.657563984E-1,-8.336610794E0,-2.245761156E0
3.016476469E1,2.968810201E-1,-8.377311707E0,-2.339135170E0
3.016674833E1,3.208230138E-1,-8.432378769E0,-2.410961151E0
3.016873197E1,3.399766386E-1,-8.480262756E0,-2.468421936E0
3.017065458E1,3.399766386E-1,-8.532935143E0,-2.516305923E0
3.017266874E1,3.399766386E-1,-8.604761124E0,-2.557007313E0
3.017462186E1,3.423708379E-1,-8.683769226E0,-2.580949545E0
3.017660551E1,3.280056417E-1,-8.760383606E0,-2.576161146E0
3.017858915E1,2.968810201E-1,-8.832210541E0,-2.552218914E0
3.018057279E1,2.442085743E-1,-8.904036522E0,-2.528276920E0
3.018255643E1,1.891419291E-1,-8.990227699E0,-2.473210335E0
3.018454008E1,1.388636976E-1,-9.085995674E0,-2.403778553E0
3.018649320E1,7.661445439E-2,-9.191340446E0,-2.341529369E0
3.018850736E1,-1.436521020E-2,-9.282320023E0,-2.284068346E0
3.019042997E1,-1.244984865E-1,-9.378087997E0,-2.214636564E0
3.019244413E1,-2.394201756E-1,-9.473855972E0,-2.116474390E0
3.019439725E1,-3.471592367E-1,-9.588777542E0,-2.020706177E0
3.019638090E1,-4.572925270E-1,-9.703699112E0,-1.927332401E0
3.019836454E1,-5.889736414E-1,-9.823410034E0,-1.812410712E0
3.020034818E1,-7.374141216E-1,-9.964667320E0,-1.692700624E0
3.020227079E1,-8.834604025E-1,-1.008677197E1,-1.582567334E0
3.020428495E1,-1.003170490E0,-1.022324085E1,-1.474828243E0
3.020623808E1,-1.098938584E0,-1.036928749E1,-1.376665950E0
3.020822172E1,-1.168370485E0,-1.050815105E1,-1.312022567E0
3.021017484E1,-1.218648672E0,-1.062546730E1,-1.290474772E0
3.021218900E1,-1.268926859E0,-1.070926380E1,-1.256955862E0
3.021414213E1,-1.321599364E0,-1.077151299E1,-1.209071875E0
3.021612577E1,-1.383848548E0,-1.082658005E1,-1.146822572E0
3.021810941E1,-1.431732655E0,-1.086488724E1,-1.058237195E0
3.022009306E1,-1.455674648E0,-1.090558910E1,-9.600749016E-1
3.022201566E1,-1.462857246E0,-1.093192482E1,-8.690952063E-1
3.022402982E1,-1.470039845E0,-1.093910789E1,-7.972691655E-1
3.022598295E1,-1.460463047E0,-1.092713642E1,-7.445967197E-1
3.022796659E1,-1.460463047E0,-1.091516590E1,-6.991068721E-1
3.022995023E1,-1.441309452E0,-1.087685871E1,-6.248866320E-1
3.023193388E1,-1.422155857E0,-1.082897472E1,-5.339069963E-1
3.023388700E1,-1.388636947E0,-1.078827286E1,-4.764461517E-1
3.023590116E1,-1.331176162E0,-1.074278259E1,-4.596867263E-1
3.023785428E1,-1.300051570E0,-1.070926380E1,-4.501099288E-1
3.023983793E1,-1.237802267E0,-1.062546730E1,-4.213795066E-1
3.024182157E1,-1.165976286E0,-1.053927612E1,-3.878606856E-1
3.024380521E1,-1.070208192E0,-1.043632507E1,-3.591302633E-1
3.024575834E1,-9.600749016E-1,-1.034774017E1,-3.495534360E-1
3.024777250E1,-8.427590132E-1,-1.028309631E1,-3.519476354E-1
3.024972562E1,-7.062895298E-1,-1.021605873E1,-3.615244627E-1
3.025173978E1,-5.506663918E-1,-1.014423275E1,-3.854664862E-1
3.025369291E1,-3.950432837E-1,-1.008916569E1,-4.285621047E-1
3.025570707E1,-2.489969730E-1,-1.003409958E1,-4.955997467E-1
3.025762968E1,-1.173158810E-1,-9.955090523E0,-5.698199868E-1
3.025964384E1,-1.915361360E-2,-9.871294022E0,-6.248866320E-1
3.026162748E1,5.267243832E-2,-9.797073364E0,-6.392518282E-1
3.026361112E1,8.858546615E-2,-9.720458984E0,-5.961562395E-1
3.026556425E1,9.576806426E-2,-9.643844604E0,-5.051765442E-1
3.026757841E1,1.005564705E-1,-9.579200745E0,-3.878606856E-1
3.026953153E1,1.221042871E-1,-9.550470352E0,-2.394201756E-1
3.027151517E1,1.197100878E-1,-9.560047150E0,-6.703764945E-2
3.027346830E1,9.097966552E-2,-9.583989143E0,1.268926859E-1
3.027548246E1,5.267243832E-2,-9.634267807E0,3.543418646E-1
3.027743558E1,1.436521020E-2,-9.710882187E0,5.913678408E-1
3.027941923E1,-2.873042040E-2,-9.806650162E0,7.996633649E-1
3.028140287E1,-5.985504389E-2,-9.923966408E0,9.648633003E-1
3.028338651E1,-8.858546615E-2,-1.006761837E1,1.101332784E0
3.028533964E1,-1.029506698E-1,-1.023760605E1,1.182735682E0
3.028735380E1,-7.661445439E-2,-1.044350815E1,1.185129881E0
3.028930692E1,-1.197100803E-2,-1.063025570E1,1.142034173E0
3.029129056E1,1.053448766E-1,-1.078587818E1,1.060631394E0
3.029321317E1,2.801215947E-1,-1.093671322E1,9.337386489E-1
3.029522733E1,5.003881454E-1,-1.109473038E1,7.948749661E-1
3.029714994E1,7.374141216E-1,-1.127668953E1,6.536170840E-1
3.029916410E1,9.792284966E-1,-1.144907284E1,4.955997467E-1
3.030114774E1,1.235408068E0,-1.160709000E1,3.423708379E-1
3.030313138E1,1.493981838E0,-1.173637676E1,2.226607651E-1
3.030508451E1,1.742978811E0,-1.185608673E1,1.675941199E-1
3.030709867E1,1.994369984E0,-1.198058510E1,1.723825186E-1
3.030905180E1,2.262520552E0,-1.212423706E1,1.651999205E-1
3.031103544E1,2.549824715E0,-1.227507210E1,1.532289088E-1
3.031298856E1,2.817975283E0,-1.240196514E1,1.221042871E-1
3.031500272E1,3.035847664E0,-1.250252151E1,1.101332754E-1
3.031695585E1,3.205836058E0,-1.258152962E1,1.747767180E-1
3.031893949E1,3.335123062E0,-1.265814400E1,2.992752194E-1
3.032092313E1,3.428496838E0,-1.274672985E1,4.836287498E-1
3.032290678E1,3.493140221E0,-1.284489250E1,7.134721279E-1
3.032482938E1,3.519476414E0,-1.297896767E1,9.888052940E-1
3.032684354E1,3.495534420E0,-1.316571522E1,1.285686255E0
3.032879667E1,3.414131641E0,-1.338837624E1,1.584961534E0
3.033078031E1,3.280056238E0,-1.360624790E1,1.860294700E0
3.033270292E1,3.100491285E0,-1.383130360E1,2.133233786E0
3.033471708E1,2.887407303E0,-1.405875206E1,2.406172752E0
3.033667020E1,2.664746523E0,-1.426704788E1,2.664746523E0
3.033865385E1,2.427720547E0,-1.445140171E1,2.930502892E0
3.034063749E1,2.166752577E0,-1.462378407E1,3.220201254E0
3.034262113E1,1.896207690E0,-1.476983070E1,3.541024208E0
3.034457426E1,1.623268723E0,-1.489193439E1,3.864241600E0
3.034655790E1,1.345541358E0,-1.500446224E1,4.192247391E0
3.034854154E1,1.063025594E0,-1.510501862E1,4.532223701E0
3.035055570E1,7.972691655E-1,-1.517444992E1,4.876988888E0
3.035250883E1,5.650315881E-1,-1.520557499E1,5.236119270E0
3.035449247E1,3.615244627E-1,-1.520078659E1,5.590460777E0
3.035647611E1,1.939303428E-1,-1.516008472E1,5.908889771E0
3.035845975E1,6.224924326E-2,-1.507628822E1,6.172252178E0
3.036038236E1,-3.351882473E-2,-1.497573185E1,6.394912720E0
3.036239652E1,-9.337386489E-2,-1.487756920E1,6.591237068E0
3.036438016E1,-1.364694983E-1,-1.479137802E1,6.768408298E0
3.036636381E1,-2.202665508E-1,-1.471236992E1,6.909666061E0
3.036828641E1,-3.423708379E-1,-1.466209126E1,7.015010834E0
3.037030058E1,-4.692635238E-1,-1.466927338E1,7.096413612E0
3.037228422E1,-5.841852427E-1,-1.471955204E1,7.189787865E0
3.037429838E1,-6.775590777E-1,-1.478419590E1,7.292738438E0
3.037625150E1,-7.445967197E-1,-1.488714600E1,7.386112213E0
3.037826566E1,-8.020575643E-1,-1.501643276E1,7.450755596E0
3.038021879E1,-8.786720037E-1,-1.511938381E1,7.457938194E0
3.038217191E1,-9.935936928E-1,-1.519360352E1,7.376535416E0
3.038415556E1,-1.142034173E0,-1.523670006E1,7.230489254E0
3.038613920E1,-1.290474772E0,-1.526782417E1,7.041347027E0
3.038809232E1,-1.367089152E0,-1.528458405E1,6.940790653E0
3.039007596E1,-1.575384736E0,-1.533725643E1,6.646304131E0
3.039205961E1,-1.640028119E0,-1.535641003E1,6.548141479E0
3.039404325E1,-1.781286120E0,-1.538274574E1,6.325480938E0
3.039599638E1,-1.936909199E0,-1.539711094E1,6.057330132E0
3.039801054E1,-2.085349798E0,-1.540189934E1,5.762843609E0
3.039996366E1,-2.217030764E0,-1.538274574E1,5.463568211E0
3.040191678E1,-2.353500366E0,-1.533246803E1,5.152322292E0
3.040390043E1,-2.499546528E0,-1.526064205E1,4.826710701E0
3.040588407E1,-2.628833532E0,-1.514571953E1,4.489128113E0
3.040783720E1,-2.717418909E0,-1.501164436E1,4.141968727E0
3.040982084E1,-2.755726099E0,-1.486081028E1,3.780444384E0
3.041180448E1,-2.667140722E0,-1.469800377E1,3.440467834E0
3.041378812E1,-2.425326347E0,-1.451365089E1,3.119644880E0
3.041574125E1,-2.104503393E0,-1.428380775E1,2.755726099E0
3.041775541E1,-1.805228114E0,-1.402762794E1,2.303221941E0
3.041970853E1,-1.570596337E0,-1.377384281E1,1.759738207E0
3.042166166E1,-1.386242747E0,-1.352484512E1,1.165976286E0
3.042364530E1,-1.276109457E0,-1.329021358E1,5.506663918E-1
3.042562894E1,-1.247379065E0,-1.307712936E1,-6.464344263E-2
3.042758207E1,-1.288080573E0,-1.287122822E1,-6.560112834E-1
3.042959623E1,-1.388636947E0,-1.266532707E1,-1.189918280E0
3.043154935E1,-1.537077546E0,-1.249773312E1,-1.628057122E0
3.043353300E1,-1.687912226E0,-1.237323475E1,-1.941697598E0
3.043548612E1,-1.798045516E0,-1.227986050E1,-2.154781580E0
3.043750028E1,-1.877054095E0,-1.222000504E1,-2.334346771E0
3.043945341E1,-1.965639591E0,-1.219366932E1,-2.521094322E0
3.044146757E1,-2.070984364E0,-1.221042824E1,-2.731784105E0
3.044339017E1,-2.171540976E0,-1.225831223E1,-2.935291290E0
3.044540433E1,-2.252943754E0,-1.232774448E1,-3.105279684E0
3.044735746E1,-2.300827742E0,-1.241154194E1,-3.224989653E0
3.044934110E1,-2.308010340E0,-1.250252151E1,-3.296815634E0
3.045126371E1,-2.276885748E0,-1.260786629E1,-3.323152065E0
3.045327787E1,-2.200271368E0,-1.271799946E1,-3.344699860E0
3.045523099E1,-2.106897593E0,-1.283531570E1,-3.385401249E0
3.045721464E1,-2.018311977E0,-1.295263100E1,-3.433285236E0
3.045919828E1,-1.963245392E0,-1.305797577E1,-3.485957623E0
3.046118192E1,-1.941697598E0,-1.315135002E1,-3.569754839E0
3.046313505E1,-1.917755604E0,-1.321599293E1,-3.684676409E0
3.046514921E1,-1.874659896E0,-1.326627159E1,-3.778050184E0
3.046710233E1,-1.829170108E0,-1.329979038E1,-3.849876404E0
3.046908598E1,-1.829170108E0,-1.330697346E1,-3.960009575E0
3.047103910E1,-1.920149803E0,-1.327824306E1,-4.153939724E0
3.047305326E1,-2.094926596E0,-1.322556973E1,-4.400542736E0
3.047500638E1,-2.305616140E0,-1.313219643E1,-4.647145271E0
3.047699003E1,-2.473210335E0,-1.301727486E1,-4.817133904E0
3.047897367E1,-2.554613113E0,-1.288319969E1,-4.891354084E0
3.048095731E1,-2.545036316E0,-1.270602798E1,-4.867412090E0
3.048291044E1,-2.482787132E0,-1.249055004E1,-4.721365929E0
3.048492460E1,-2.408566952E0,-1.224155331E1,-4.462791920E0
3.048687772E1,-2.322375536E0,-1.194946098E1,-4.156333923E0
3.048886137E1,-2.202665567E0,-1.161187840E1,-3.849876404E0
3.049081449E1,-1.996764183E0,-1.125753593E1,-3.596091032E0
3.049282865E1,-1.587355733E0,-1.089122391E1,-3.430891037E0
3.049478178E1,-1.015141487E0,-1.057758331E1,-3.270479441E0
3.049676542E1,-4.788403511E-1,-1.034055710E1,-3.045424461E0
3.049874906E1,5.985504389E-2,-1.012507915E1,-2.801215887E0
3.050073270E1,5.506663918E-1,-9.897629738E0,-2.578555346E0
3.050268583E1,1.003170490E0,-9.689333916E0,-2.329558372E0
3.050469999E1,1.391031146E0,-9.543288231E0,-2.061407566E0
3.050665311E1,1.498770237E0,-9.452308655E0,-1.762132406E0
3.050863676E1,1.352723956E0,-9.425971985E0,-1.412579060E0
3.051058988E1,1.249773264E0,-9.483432770E0,-1.082179189E0
3.051260404E1,1.515529633E0,-9.583989143E0,-9.169792533E-1
3.051452665E1,1.972822189E0,-9.658209801E0,-8.116343617E-1
3.051654081E1,2.233790159E0,-9.722852707E0,-5.865794420E-1
3.051852445E1,2.138022184E0,-9.816226959E0,-2.130839527E-1
3.052047758E1,1.788468719E0,-9.921571732E0,2.011129409E-1
3.052246122E1,1.316810966E0,-1.003170490E1,5.626373887E-1
3.052447538E1,9.241618514E-1,-1.015620327E1,7.781155705E-1
3.052642850E1,8.307880163E-1,-1.029506683E1,7.350199223E-1
3.052841215E1,9.433154464E-1,-1.044350815E1,5.363011956E-1
3.053033475E1,9.816226959E-1,-1.052491093E1,4.812345505E-1
3.053234891E1,8.786720037E-1,-1.080024433E1,6.775590777E-1
3.053430204E1,7.541735172E-1,-1.089601231E1,8.212111592E-1
3.053628568E1,4.189853072E-1,-1.109233665E1,1.185129881E0
3.053826932E1,-6.703764945E-2,-1.128387260E1,1.611297727E0
3.054025297E1,-7.493851185E-1,-1.145625496E1,2.044648170E0
3.054220609E1,-1.194706678E0,-1.156638813E1,2.616862535E0
3.054422025E1,-1.244984865E0,-1.160230160E1,3.256114244E0
3.054614286E1,-1.177947283E0,-1.163103199E1,3.780444384E0
3.054815702E1,-1.144428372E0,-1.165018559E1,4.089296341E0
3.055011014E1,-1.168370485E0,-1.163821411E1,4.175487995E0
3.055209379E1,-1.216254473E0,-1.158793640E1,4.103661537E0
3.055407743E1,-1.185129881E0,-1.146104336E1,3.974374771E0
3.055609159E1,-1.034295082E0,-1.130063248E1,3.823540211E0
3.055804472E1,-8.978256583E-1,-1.116416264E1,3.612850428E0
3.055999784E1,-8.044517636E-1,-1.103248119E1,3.306392431E0
3.056198148E1,-7.038952708E-1,-1.090319443E1,2.894589901E0
3.056396513E1,-5.865794420E-1,-1.075714779E1,2.413355350E0
3.056591825E1,-4.261679053E-1,-1.058476543E1,1.920149803E0
3.056790189E1,-2.825157940E-1,-1.040280628E1,1.453280449E0
3.056988554E1,-1.460463107E-1,-1.018493366E1,1.031900883E0
3.057186918E1,-9.816227108E-2,-9.962273598E0,6.751648784E-1
3.057382230E1,-4.548983276E-2,-9.734824181E0,3.184288144E-1
3.057583646E1,2.011129409E-1,-9.500192642E0,-8.379705995E-2
3.057778959E1,4.932055473E-1,-9.287108421E0,-4.118026793E-1
3.057977323E1,7.110779285E-1,-9.112331390E0,-6.847416759E-1
3.058175687E1,8.499416113E-1,-8.956708908E0,-9.385270476E-1
3.058374052E1,9.552865028E-1,-8.801085472E0,-1.187524080E0
3.058569364E1,1.031900883E0,-8.655038834E0,-1.446097851E0
3.058767728E1,1.058237195E0,-8.537723541E0,-1.714248419E0
3.058966093E1,1.048660398E0,-8.456320763E0,-1.927332401E0
3.059161405E1,1.036689281E0,-8.379706383E0,-2.063801765E0
3.059359769E1,1.055842996E0,-8.269572258E0,-2.159569979E0
3.059561185E1,1.024718285E0,-8.197746277E0,-2.202665567E0
3.059756498E1,9.337386489E-1,-8.173804283E0,-2.183511972E0
3.059954862E1,8.834604025E-1,-8.116343498E0,-2.135627985E0
3.060153226E1,8.786720037E-1,-8.034940720E0,-2.075772762E0
3.060351591E1,8.451532125E-1,-7.994239330E0,-2.013523579E0
3.060546903E1,7.948749661E-1,-7.960720539E0,-1.963245392E0
3.060745267E1,6.871358752E-1,-7.929595947E0,-1.939303398E0
3.060943632E1,5.339069963E-1,-7.905653954E0,-1.939303398E0
3.061141996E1,3.519476354E-1,-7.900865555E0,-1.944091797E0
3.061337308E1,1.484405100E-1,-7.886500359E0,-1.915361404E0
3.061538724E1,-3.591302410E-2,-7.864952564E0,-1.850717902E0
3.061734037E1,-2.442085743E-1,-7.841010571E0,-1.745373011E0
3.061929349E1,-4.836287498E-1,-7.829039574E0,-1.596932530E0
3.062127714E1,-6.033388376E-1,-7.776367188E0,-1.379060149E0
3.062326078E1,-7.158663273E-1,-7.714118004E0,-1.103726983E0
3.062518339E1,-8.379706144E-1,-7.635109425E0,-8.930372596E-1
3.062719755E1,-8.523358107E-1,-7.539340973E0,-8.307880163E-1
3.062915067E1,-6.895300746E-1,-7.462726593E0,-9.504981041E-1
3.063113432E1,-3.758896589E-1,-7.390900612E0,-1.187524080E0
3.063308744E1,-9.337386489E-2,-7.354987621E0,-1.367089152E0
3.063507108E1,8.140286058E-2,-7.323863029E0,-1.424550056E0
3.063705473E1,1.340752989E-1,-7.295132637E0,-1.374271750E0
3.063906888E1,1.221042871E-1,-7.271190643E0,-1.273715258E0
3.064102201E1,5.027823523E-2,-7.283161640E0,-1.189918280E0
3.064300565E1,-6.224924326E-2,-7.323863029E0,-1.139639974E0
3.064498930E1,-1.675941199E-1,-7.366958618E0,-1.091755986E0
3.064700346E1,-2.777273953E-1,-7.426813602E0,-1.036689281E0
3.064895658E1,-3.303998411E-1,-7.453149796E0,-9.864110947E-1
3.065094022E1,-3.399766386E-1,-7.436390400E0,-9.265560508E-1
3.065289335E1,-4.070142806E-1,-7.443572998E0,-8.571242094E-1
3.065487699E1,-4.357447028E-1,-7.426813602E0,-7.781155705E-1
3.065686063E1,-4.333505034E-1,-7.381323814E0,-6.919242740E-1
3.065884428E1,-4.548983276E-1,-7.354987621E0,-6.416460276E-1
3.066076688E1,-4.572925270E-1,-7.307103634E0,-6.440402865E-1
3.066278104E1,-4.620809257E-1,-7.254431248E0,-6.727706790E-1
3.066473417E1,-5.027823448E-1,-7.223306656E0,-7.038952708E-1
3.066671781E1,-5.099649429E-1,-7.144298077E0,-7.326257229E-1
3.066864042E1,-5.291185975E-1,-7.041347027E0,-7.374141216E-1
3.067065458E1,-6.344634295E-1,-6.976703644E0,-7.374141216E-1
3.067260770E1,-6.919242740E-1,-6.933608055E0,-7.469909191E-1
3.067459135E1,-7.924807668E-1,-6.833051682E0,-7.589619160E-1
3.067657499E1,-9.121908545E-1,-6.754043102E0,-7.709329724E-1
3.067855863E1,-1.031900883E0,-6.675034523E0,-8.116343617E-1
3.068051176E1,-1.161187768E0,-6.572083473E0,-8.643068075E-1
3.068252592E1,-1.273715258E0,-6.440402508E0,-9.026140571E-1
3.068447904E1,-1.357512355E0,-6.299144745E0,-9.241618514E-1
3.068646268E1,-1.501164436E0,-6.184223175E0,-9.552865028E-1
3.068838529E1,-1.728613615E0,-6.121973515E0,-1.012747288E0
3.069039945E1,-1.936909199E0,-6.059724331E0,-1.108515382E0
3.069235258E1,-2.078166962E0,-5.980715752E0,-1.240196466E0
3.069433622E1,-2.185906172E0,-5.896918774E0,-1.367089152E0
3.069631986E1,-2.298433542E0,-5.822698593E0,-1.470039845E0
3.069830350E1,-2.391807556E0,-5.760449409E0,-1.522712231E0
3.070025663E1,-2.451662540E0,-5.686229229E0,-1.539471745E0
3.070227079E1,-2.492363930E0,-5.590460777E0,-1.558625340E0
3.070422391E1,-2.540247917E0,-5.482721806E0,-1.592144132E0
3.070623808E1,-2.602497339E0,-5.396530628E0,-1.628057122E0
3.070819120E1,-2.655169725E0,-5.310339451E0,-1.685518026E0
3.071020536E1,-2.691082716E0,-5.214571476E0,-1.766920805E0
3.071215849E1,-2.734178305E0,-5.130774021E0,-1.853112102E0
3.071414213E1,-2.825158119E0,-5.063736439E0,-1.903390408E0
3.071612577E1,-2.935291290E0,-5.001487255E0,-1.941697598E0
3.071810941E1,-3.035847664E0,-4.941632271E0,-1.968033791E0
3.072006254E1,-3.153163671E0,-4.881777287E0,-1.991975784E0
3.072207670E1,-3.303998232E0,-4.843470097E0,-2.013523579E0
3.072399931E1,-3.418920040E0,-4.793191910E0,-2.013523579E0
3.072601346E1,-3.473986626E0,-4.723760128E0,-2.035071373E0
3.072796659E1,-3.531447411E0,-4.654327869E0,-2.061407566E0
3.072995023E1,-3.634398222E0,-4.616020679E0,-2.056619167E0
3.073193388E1,-3.744531393E0,-4.599261284E0,-2.023100376E0
3.073391752E1,-3.821146011E0,-4.575319290E0,-1.987187386E0
3.073587064E1,-3.876212597E0,-4.539406300E0,-1.951274395E0
3.073785428E1,-3.933673382E0,-4.505887508E0,-1.922544003E0
3.073980741E1,-4.012681961E0,-4.498704910E0,-1.927332401E0
3.074182157E1,-4.086902142E0,-4.501099110E0,-1.932120800E0
3.074374418E1,-4.137180328E0,-4.496310711E0,-1.912967205E0
3.074575834E1,-4.185064793E0,-4.508281708E0,-1.874659896E0
3.074771146E1,-4.254496574E0,-4.513070107E0,-1.836352706E0
3.074969511E1,-4.331110954E0,-4.513070107E0,-1.793257117E0
3.075167875E1,-4.378994942E0,-4.503493309E0,-1.742978811E0
3.075366239E1,-4.388571739E0,-4.486733913E0,-1.711854219E0
3.075558500E1,-4.390965939E0,-4.486733913E0,-1.673547029E0
3.075759916E1,-4.400542736E0,-4.513070107E0,-1.637633920E0
3.075955228E1,-4.419696331E0,-4.551377296E0,-1.623268723E0
3.076156644E1,-4.465186119E0,-4.594472885E0,-1.606509328E0
3.076348905E1,-4.515464306E0,-4.637568474E0,-1.577778935E0
3.076550321E1,-4.551377296E0,-4.666299343E0,-1.534683347E0
3.076745634E1,-4.577713490E0,-4.692635536E0,-1.474828243E0
3.076943998E1,-4.611232281E0,-4.726154327E0,-1.407790542E0
3.077142362E1,-4.637568474E0,-4.762067318E0,-1.350329757E0
3.077340726E1,-4.611232281E0,-4.807557106E0,-1.326387763E0
3.077532987E1,-4.481945515E0,-4.874594688E0,-1.323993564E0
3.077734403E1,-4.362235546E0,-4.920084476E0,-1.357512355E0
3.077929716E1,-4.326322556E0,-4.939238071E0,-1.400607944E0
3.078131132E1,-4.326322556E0,-4.948814869E0,-1.403002143E0
3.078326444E1,-4.304774761E0,-4.953603268E0,-1.367089152E0
3.078527860E1,-4.247313976E0,-4.958391666E0,-1.295263171E0
3.078723173E1,-4.163516521E0,-4.963180065E0,-1.201889277E0
3.078921537E1,-4.086902142E0,-4.970362663E0,-1.110909581E0
3.079119901E1,-4.005499363E0,-4.965574265E0,-1.036689281E0
3.079318266E1,-3.900154591E0,-4.958391666E0,-9.696516991E-1
3.079510526E1,-3.801992416E0,-4.977545261E0,-8.930372596E-1
3.079711942E1,-3.727771997E0,-5.018246651E0,-8.164227605E-1
3.079907255E1,-3.617638826E0,-5.044582844E0,-7.661445141E-1
3.080108671E1,-3.471592426E0,-5.046977043E0,-7.374141216E-1
3.080303983E1,-3.339911461E0,-5.046977043E0,-6.895300746E-1
3.080505399E1,-3.213018656E0,-5.075707436E0,-5.937620401E-1
3.080700712E1,-3.076549292E0,-5.121197224E0,-4.501099288E-1
3.080899076E1,-2.930502892E0,-5.166687489E0,-2.825157940E-1
3.081097440E1,-2.782062292E0,-5.214571476E0,-1.580173075E-1
3.081295805E1,-2.604891539E0,-5.255272865E0,-3.351882473E-2
3.081488065E1,-2.432508945E0,-5.298368454E0,1.436520964E-1
3.081689481E1,-2.293645144E0,-5.358223438E0,3.639186621E-1
3.081884794E1,-2.236184359E0,-5.398924828E0,4.812345505E-1
3.082086210E1,-2.128445387E0,-5.499481201E0,7.278373241E-1
3.082281522E1,-2.037465572E0,-5.626373768E0,9.983820915E-1
3.082479887E1,-1.944091797E0,-5.781997204E0,1.304839969E0
3.082672147E1,-1.812410712E0,-5.944802761E0,1.632845521E0
3.082873563E1,-1.649604917E0,-6.112396717E0,1.984793186E0
3.083068876E1,-1.489193439E0,-6.299144745E0,2.329558372E0
3.083267240E1,-1.347935557E0,-6.512228489E0,2.633621931E0
3.083465604E1,-1.216254473E0,-6.734889507E0,2.906560898E0
3.083663969E1,-1.084573388E0,-6.955155849E0,3.155557871E0
3.083859281E1,-9.241618514E-1,-7.177816868E0,3.397372246E0
3.084060697E1,-7.541735172E-1,-7.398083210E0,3.627215624E0
3.084256010E1,-6.248866320E-1,-7.632715225E0,3.854664803E0
3.084457426E1,-6.009446383E-1,-7.922413349E0,4.103661537E0
3.084652738E1,-6.081272364E-1,-8.252813339E0,4.414907932E0
3.084854154E1,-5.458779931E-1,-8.609549522E0,4.778826714E0
3.085049467E1,-3.639186621E-1,-9.009381294E0,5.176264286E0
3.085247831E1,-1.484405100E-1,-9.464279175E0,5.602431774E0
3.085446195E1,-2.633621916E-2,-9.991003990E0,6.117185116E0
3.085644559E1,4.788403399E-3,-1.059913063E1,6.720524311E0
3.085839872E1,6.224924326E-2,-1.126471901E1,7.359776020E0
3.086041288E1,1.747767180E-1,-1.197579670E1,8.044517517E0
3.086236600E1,3.399766386E-1,-1.273715305E1,8.825027466E0
3.086434965E1,5.722141862E-1,-1.356794071E1,9.710882187E0
3.086630277E1,9.361328483E-1,-1.448252583E1,1.069011021E1
3.086831693E1,1.412579060E0,-1.545696640E1,1.166215611E1
3.087027006E1,1.915361404E0,-1.646253014E1,1.247618484E1
3.087225370E1,2.470816135E0,-1.745851898E1,1.304600525E1
3.087423734E1,3.047818661E0,-1.845211220E1,1.340752983E1
3.087622099E1,3.624821424E0,-1.946007156E1,1.365173817E1
3.087814359E1,4.213795185E0,-2.045845413E1,1.389355278E1
3.088015775E1,4.814739704E0,-2.142331696E1,1.437718105E1
3.088214140E1,5.403713226E0,-2.233550835E1,1.500925064E1
3.088412504E1,5.959167957E0,-2.319502640E1,1.574427032E1
3.088604764E1,6.418854713E0,-2.397553635E1,1.659181786E1
3.088806181E1,6.818686485E0,-2.462915230E1,1.753992081E1
3.089001493E1,7.244854450E0,-2.507208061E1,1.842817116E1
3.089199857E1,7.580042362E0,-2.530192375E1,1.917516136E1
3.089398222E1,7.771578789E0,-2.531389427E1,1.975934601E1
3.089596586E1,7.809885979E0,-2.506011009E1,2.004904556E1
3.089788846E1,7.747636795E0,-2.453338432E1,1.999158478E1
3.089990263E1,7.630321026E0,-2.378160477E1,1.966597366E1
3.090185575E1,7.407660007E0,-2.290532684E1,1.911051750E1
3.090383939E1,7.113173485E0,-2.194764709E1,1.835395050E1
3.090579252E1,6.754043102E0,-2.092532349E1,1.743457603E1
3.090780668E1,6.354211330E0,-1.984553719E1,1.634760857E1
3.090975980E1,5.935225964E0,-1.873223495E1,1.523191166E1
3.091174345E1,5.511452198E0,-1.761174774E1,1.417846203E1
3.091372709E1,5.125985622E0,-1.647450256E1,1.320162773E1
3.091571073E1,4.783615112E0,-1.531810284E1,1.226310158E1
3.091766386E1,4.424484730E0,-1.419522190E1,1.133654499E1
3.091967802E1,4.058171749E0,-1.310825443E1,1.039322948E1
3.092163114E1,3.663128614E0,-1.205719948E1,9.449913979E0
3.092364530E1,3.179499865E0,-1.109951878E1,8.511386871E0
3.092562894E1,2.616862535E0,-1.025436592E1,7.611167431E0
3.092761259E1,1.984793186E0,-9.493009567E0,6.809109688E0
3.092959623E1,1.240196466E0,-8.803479195E0,6.066906929E0
3.093161039E1,3.926490843E-1,-8.169015884E0,5.348646641E0
3.093356351E1,-4.860229492E-1,-7.594407558E0,4.671087742E0
3.093554716E1,-1.379060149E0,-7.105990410E0,4.067748547E0
3.093753080E1,-2.240972757E0,-6.713341713E0,3.641580820E0
3.093951444E1,-3.028665066E0,-6.402095318E0,3.375824451E0
3.094146757E1,-3.711012602E0,-6.157886982E0,3.141192675E0
3.094345121E1,-4.288015366E0,-5.968744755E0,2.916137695E0
3.094543485E1,-4.759673119E0,-5.832275391E0,2.731784105E0
3.094738798E1,-5.116408825E0,-5.688623428E0,2.509123325E0
3.094937162E1,-5.307945251E0,-5.473145008E0,2.128445387E0
3.095138578E1,-5.363011837E0,-5.185841084E0,1.472434044E0
3.095333891E1,-5.329493046E0,-4.886565685E0,6.296750307E-1
3.095529203E1,-5.231330872E0,-4.659116745E0,-1.867477298E-1
3.095727567E1,-5.092466831E0,-4.534617901E0,-9.576807022E-1
3.095925932E1,-4.958391666E0,-4.508281708E0,-1.711854219E0
3.096121244E1,-4.812345505E0,-4.556165695E0,-2.444479942E0
3.096319608E1,-4.659116745E0,-4.685452938E0,-3.198653460E0
3.096517973E1,-4.592078686E0,-4.953603268E0,-4.046200752E0
3.096716337E1,-4.627991676E0,-5.396530628E0,-5.049371243E0
3.096911649E1,-4.718971729E0,-5.973533154E0,-6.198588371E0
3.097113065E1,-4.857835293E0,-6.629544735E0,-7.388506413E0
3.097308378E1,-4.975151062E0,-6.986280441E0,-7.963114738E0
3.097506742E1,-5.643133640E0,-8.238448143E0,-9.555258751E0
3.097705106E1,-5.918466568E0,-8.695740700E0,-1.001973438E1
3.097903471E1,-6.387730122E0,-9.598354340E0,-1.089601231E1
3.098098783E1,-6.603208065E0,-1.041477776E1,-1.174116516E1
3.098297147E1,-6.483498096E0,-1.111867237E1,-1.254082870E1
3.098495512E1,-6.129156113E0,-1.174834728E1,-1.323275280E1
3.098693876E1,-5.726930618E0,-1.231098557E1,-1.369483376E1
3.098889188E1,-5.307945251E0,-1.278503704E1,-1.390552330E1
3.099090604E1,-4.812345505E0,-1.315135002E1,-1.388397598E1
3.099285917E1,-4.331110954E0,-1.343147182E1,-1.361821938E1
3.099484281E1,-3.931279182E0,-1.369004536E1,-1.314177322E1
3.099679594E1,-3.615244627E0,-1.393664837E1,-1.250252151E1
3.099881010E1,-3.414131641E0,-1.421198082E1,-1.178426075E1
3.100073270E1,-3.366247654E0,-1.449689102E1,-1.108275986E1
3.100274686E1,-3.483563423E0,-1.477940750E1,-1.036928749E1
3.100469999E1,-3.718195200E0,-1.505473995E1,-9.619902611E0
3.100668363E1,-3.957615376E0,-1.527979565E1,-8.937555313E0
3.100866727E1,-4.141968727E0,-1.540908241E1,-8.288725853E0
3.101065092E1,-4.290409565E0,-1.542823601E1,-7.754819393E0
3.101260404E1,-4.453215122E0,-1.543541813E1,-7.374141216E0
3.101458768E1,-4.644751072E0,-1.549766731E1,-7.082048416E0
3.101657133E1,-4.841075897E0,-1.555752277E1,-6.816292286E0
3.101855497E1,-4.965574265E0,-1.560780048E1,-6.524199486E0
3.102050809E1,-4.987122059E0,-1.561258888E1,-6.102819920E0
3.102249174E1,-4.932055473E0,-1.555273438E1,-5.372588634E0
3.102441434E1,-4.735731125E0,-1.547133160E1,-4.134786129E0
3.102642850E1,-4.323928356E0,-1.537077522E1,-2.202665567E0
3.102838163E1,-3.634398222E0,-1.526303577E1,5.003881454E-1
3.103036527E1,-2.621650934E0,-1.508347034E1,3.658340216E0
3.103234891E1,-1.323993564E0,-1.473631191E1,6.720524311E0
3.103433256E1,2.873042040E-2,-1.420001030E1,9.203310966E0
3.103625516E1,1.209071875E0,-1.355836391E1,1.069968700E1
3.103826932E1,2.087743998E0,-1.289277649E1,1.104924107E1
3.104022245E1,2.640804529E0,-1.229422569E1,1.050336266E1
3.104223661E1,2.894589901E0,-1.181299114E1,9.375694275E0
3.104418974E1,2.928108692E0,-1.143949604E1,7.917624950E0
3.104620390E1,2.817975283E0,-1.116895103E1,6.433219910E0
3.104815702E1,2.647987127E0,-1.096304989E1,5.133168221E0
3.105014066E1,2.442085743E0,-1.079784966E1,4.098873138E0
3.105212431E1,2.267308950E0,-1.061110210E1,3.318363667E0
3.105410795E1,2.164358377E0,-1.040041256E1,2.681505919E0
3.105603056E1,2.114080191E0,-1.015620327E1,2.080561161E0
3.105804472E1,2.104503393E0,-9.873687744E0,1.460463047E0
3.105999784E1,2.173935175E0,-9.528923035E0,7.589619160E-1
3.106198148E1,2.427720547E0,-9.155426979E0,-4.788403399E-3
3.106390409E1,2.789244890E0,-8.793902397E0,-7.230489254E-1
3.106591825E1,3.141192675E0,-8.441955566E0,-1.386242747E0
3.106787138E1,3.505111217E0,-8.094796181E0,-2.044648170E0
3.106985502E1,3.916913986E0,-7.754819393E0,-2.698265314E0
3.107183866E1,4.299986362E0,-7.433996201E0,-3.277662039E0
3.107382230E1,4.532223701E0,-7.165845871E0,-3.689464808E0
3.107577543E1,4.556165695E0,-6.971915245E0,-3.907337189E0
3.107778959E1,4.381389141E0,-6.840234280E0,-3.964797974E0
3.107974271E1,4.084507942E0,-6.751648903E0,-3.854664803E0
3.108175687E1,3.715801001E0,-6.672640324E0,-3.643975019E0
3.108371000E1,3.313575268E0,-6.593631268E0,-3.397372246E0
3.108572416E1,2.865859509E0,-6.521805286E0,-3.162740469E0
3.108767728E1,2.375048161E0,-6.471527100E0,-2.971204281E0
3.108966093E1,1.874659896E0,-6.461950302E0,-2.815581083E0
3.109164457E1,1.419761658E0,-6.476315498E0,-2.710236311E0
3.109362821E1,1.077390790E0,-6.478709698E0,-2.619256735E0
3.109558134E1,8.236053586E-1,-6.507440090E0,-2.547430515E0
3.109759550E1,5.770025849E-1,-6.612784863E0,-2.547430515E0
3.109954862E1,3.471592367E-1,-6.782773495E0,-2.619256735E0
3.110156278E1,1.915361285E-1,-6.974309444E0,-2.741360903E0
3.110351591E1,2.274491638E-1,-7.196970463E0,-2.999934673E0
3.110553007E1,3.208230138E-1,-7.481880188E0,-3.253720045E0
3.110745267E1,2.896983922E-1,-7.788338184E0,-3.366247654E0
3.110946683E1,1.843535304E-1,-8.092401505E0,-3.356670856E0
3.111145048E1,1.197100878E-1,-8.420407295E0,-3.301604033E0
3.111343412E1,1.532289088E-1,-8.748413086E0,-3.289633036E0
3.111538724E1,8.619125932E-2,-9.040505409E0,-3.265691042E0
3.111740141E1,-7.422025502E-2,-9.301473618E0,-3.203441858E0
3.111932401E1,-2.394201756E-1,-9.533711433E0,-3.114856482E0
3.112133817E1,-4.046200812E-1,-9.737217903E0,-2.995146275E0
3.112329130E1,-5.099649429E-1,-9.825803757E0,-2.904166698E0
3.112527494E1,-7.158663273E-1,-9.967061996E0,-2.669534922E0
3.112725858E1,-8.355764151E-1,-1.005804157E1,-2.394201756E0
3.112924223E1,-8.762778044E-1,-1.012507915E1,-2.082955360E0
3.113119535E1,-8.379706144E-1,-1.018732834E1,-1.754949808E0
3.113320951E1,-7.230489254E-1,-1.022324085E1,-1.410184860E0
3.113516264E1,-5.698199868E-1,-1.024718285E1,-1.060631394E0
3.113717680E1,-3.591302633E-1,-1.025915432E1,-7.015010715E-1
3.113909940E1,-8.140286058E-2,-1.027830791E1,-3.591302633E-1
3.114111356E1,2.633621991E-1,-1.032619190E1,-5.746084079E-2
3.114309721E1,5.961562395E-1,-1.038365269E1,1.891419291E-1
3.114508085E1,8.810662031E-1,-1.045069027E1,3.878606856E-1
3.114706449E1,1.130063176E0,-1.052491093E1,5.746083856E-1
3.114907865E1,1.359906554E0,-1.057997704E1,7.852981687E-1
3.115103178E1,1.551442742E0,-1.061110210E1,1.000776291E0
3.115298490E1,1.695094824E0,-1.065180302E1,1.197100878E0
3.115496854E1,1.829170108E0,-1.069968700E1,1.352723956E0
3.115695219E1,1.970427990E0,-1.074038887E1,1.491587639E0
3.115890531E1,2.109291792E0,-1.075714779E1,1.625662923E0
3.116088895E1,2.214636564E0,-1.076193619E1,1.754949808E0
3.116287260E1,2.298433542E0,-1.074996567E1,1.889025092E0
3.116485624E1,2.341529369E0,-1.069489861E1,2.008735180E0
3.116680936E1,2.355894566E0,-1.061828423E1,2.099714994E0
3.116882352E1,2.355894566E0,-1.054406452E1,2.183511972E0
3.117077665E1,2.339135170E0,-1.048660374E1,2.238578558E0
3.117272977E1,2.319981337E0,-1.040759468E1,2.272097349E0
3.117471342E1,2.324769735E0,-1.030464458E1,2.303221941E0
3.117669706E1,2.370259762E0,-1.019451046E1,2.293645144E0
3.117865018E1,2.456450939E0,-1.006282997E1,2.238578558E0
3.118063383E1,2.528276920E0,-9.892841339E0,2.205059767E0
3.118261747E1,2.521094322E0,-9.696516991E0,2.224213362E0
3.118460111E1,2.434903145E0,-9.507374763E0,2.296039343E0
3.118655424E1,2.298433542E0,-9.358934402E0,2.377442360E0
3.118856840E1,2.085349798E0,-9.224859238E0,2.401384354E0
3.119052152E1,1.778891921E0,-9.083600998E0,2.293645144E0
3.119250516E1,1.391031146E0,-8.971074104E0,2.044648170E0
3.119448881E1,9.481038451E-1,-8.923190117E0,1.699883223E0
3.119647245E1,4.836287498E-1,-8.927978516E0,1.290474772E0
3.119842558E1,8.619125932E-2,-8.951920509E0,8.547300100E-1
3.120040922E1,-2.442085743E-1,-8.971074104E0,4.309563041E-1
3.120239286E1,-5.626373887E-1,-8.956708908E0,6.943184882E-2
3.120434599E1,-9.193734527E-1,-8.889671326E0,-2.082955539E-1
3.120632963E1,-1.314416766E0,-8.781931877E0,-3.711012602E-1
3.120834379E1,-1.632845521E0,-8.681375504E0,-4.070142806E-1
3.121029691E1,-1.874659896E0,-8.609549522E0,-3.615244627E-1
3.121228056E1,-2.102109194E0,-8.566453934E0,-2.801215947E-1
3.121426420E1,-2.255337954E0,-8.573636055E0,-2.537853718E-1
3.121624784E1,-2.288856745E0,-8.645462036E0,-4.429273009E-1
3.121820096E1,-2.398990154E0,-8.674192429E0,-7.158663273E-1
3.122018461E1,-2.679111719E0,-8.616731644E0,-8.116343617E-1
3.122210722E1,-3.004723072E0,-8.542511940E0,-7.733271718E-1
3.122412138E1,-3.292027235E0,-8.489839554E0,-7.062895298E-1
3.122607450E1,-3.521870613E0,-8.449137688E0,-6.177040339E-1
3.122805814E1,-3.648763418E0,-8.444349289E0,-4.932055473E-1
3.123004178E1,-3.706224203E0,-8.451532364E0,-2.920926213E-1
3.123202543E1,-3.699041605E0,-8.475474358E0,-3.351882473E-2
3.123397855E1,-3.624821424E0,-8.518569946E0,1.987187415E-1
3.123599271E1,-3.497928619E0,-8.559270859E0,2.896983922E-1
3.123797636E1,-3.363853455E0,-8.564059258E0,2.729389966E-1
3.123996000E1,-3.263296843E0,-8.540117264E0,2.322375625E-1
3.124188261E1,-3.179499865E0,-8.518569946E0,2.106897533E-1
3.124389677E1,-3.098097086E0,-8.489839554E0,1.771709323E-1
3.124584989E1,-2.959233284E0,-8.461109161E0,1.029506698E-1
3.124783353E1,-2.707842112E0,-8.463502884E0,1.197100803E-2
3.124981718E1,-2.389413357E0,-8.489839554E0,-5.267243832E-2
3.125180082E1,-2.025494576E0,-8.552088737E0,-6.464344263E-2
3.125372343E1,-1.625662923E0,-8.633491516E0,-7.182604820E-2
3.125573759E1,-1.244984865E0,-8.695740700E0,-1.268926859E-1
3.125769071E1,-9.193734527E-1,-8.712499619E0,-2.537853718E-1
3.125967435E1,-6.320692301E-1,-8.678980827E0,-4.381389022E-1
3.126159696E1,-3.232172430E-1,-8.619126320E0,-6.368576288E-1
3.126361112E1,-1.675941236E-2,-8.576030731E0,-7.829039693E-1
3.126556425E1,1.244984865E-1,-8.559270859E0,-8.283938169E-1
3.126754789E1,3.878606856E-1,-8.520963669E0,-8.882488012E-1
3.126953153E1,6.655880809E-1,-8.461109161E0,-8.906430602E-1
3.127151517E1,9.648633003E-1,-8.410830498E0,-8.427590132E-1
3.127346830E1,1.268926859E0,-8.372523308E0,-7.900865674E-1
3.127548246E1,1.561019540E0,-8.343792915E0,-7.374141216E-1
3.127743558E1,1.860294700E0,-8.315062523E0,-7.278373241E-1
3.127944974E1,2.166752577E0,-8.303091049E0,-7.661445141E-1
3.128140287E1,2.466027737E0,-8.310274124E0,-8.283938169E-1
3.128341703E1,2.734178305E0,-8.312667847E0,-8.882488012E-1
3.128540067E1,2.992752075E0,-8.319850922E0,-9.433154464E-1
3.128738432E1,3.239354849E0,-8.341399193E0,-1.007958889E0
3.128936796E1,3.442862034E0,-8.382100105E0,-1.079784989E0
3.129135160E1,3.600879431E0,-8.437167168E0,-1.142034173E0
3.129330473E1,3.687070608E0,-8.523358345E0,-1.158793569E0
3.129531888E1,3.725377798E0,-8.621520042E0,-1.125274777E0
3.129727201E1,3.713406801E0,-8.714894295E0,-1.074996591E0
3.129928617E1,3.658340216E0,-8.796297073E0,-1.022324085E0
3.130123930E1,3.576937437E0,-8.858546257E0,-9.744400978E-1
3.130325346E1,3.469198227E0,-8.913613319E0,-9.361328483E-1
3.130520658E1,3.327940464E0,-8.966285706E0,-9.026140571E-1
3.130719022E1,3.172317266E0,-9.023746490E0,-8.499416113E-1
3.130917387E1,3.019088268E0,-9.095572472E0,-7.924807668E-1
3.131115751E1,2.853888512E0,-9.165003777E0,-7.517793179E-1
3.131311063E1,2.669534922E0,-9.227252960E0,-7.230489254E-1
3.131512479E1,2.468421936E0,-9.284713745E0,-7.015010715E-1
3.131707792E1,2.245761156E0,-9.327810287E0,-6.895300746E-1
3.131906156E1,2.015917778E0,-9.346963882E0,-6.871358752E-1
3.132101469E1,1.786074519E0,-9.356540680E0,-6.943184733E-1
3.132302885E1,1.563413739E0,-9.370905876E0,-7.158663273E-1
3.132498197E1,1.343147159E0,-9.387664795E0,-7.350199223E-1
3.132696561E1,1.120486379E0,-9.411606789E0,-7.493851185E-1
3.132894926E1,8.882488012E-1,-9.435548782E0,-7.398083210E-1
3.133093290E1,6.607996821E-1,-9.454702377E0,-7.350199223E-1
3.133291654E1,4.572925270E-1,-9.478644371E0,-7.350199223E-1
3.133490018E1,2.513911724E-1,-9.495404243E0,-7.445967197E-1
3.133685331E1,6.703764945E-2,-9.512163162E0,-7.565677166E-1
3.133883695E1,-1.053448766E-1,-9.526528358E0,-7.781155705E-1
3.134082059E1,-2.729389966E-1,-9.528923035E0,-8.116343617E-1
3.134277372E1,-4.261679053E-1,-9.516951561E0,-8.403648138E-1
3.134475736E1,-5.650315881E-1,-9.495404243E0,-8.619126081E-1
3.134677152E1,-6.967126727E-1,-9.478644371E0,-8.858546019E-1
3.134872465E1,-8.212111592E-1,-9.461885452E0,-8.954314590E-1
3.135067777E1,-9.361328483E-1,-9.442731857E0,-9.074024558E-1
3.135266141E1,-1.029506683E0,-9.414001465E0,-9.289502501E-1
3.135467558E1,-1.103726983E0,-9.375694275E0,-9.385270476E-1
3.135662870E1,-1.168370485E0,-9.344569206E0,-9.528923035E-1
3.135861234E1,-1.230619669E0,-9.301473618E0,-9.672574997E-1
3.136059599E1,-1.283292055E0,-9.232041359E0,-9.768342972E-1
3.136261014E1,-1.312022567E0,-9.160215378E0,-9.792284966E-1
3.136453275E1,-1.340752959E0,-9.112331390E0,-9.935936928E-1
3.136654691E1,-1.371877551E0,-9.090784073E0,-1.005564690E0
3.136850004E1,-1.403002143E0,-9.083600998E0,-1.003170490E0
3.137045316E1,-1.414973259E0,-9.097966194E0,-9.840168953E-1
3.137243681E1,-1.426944256E0,-9.107542992E0,-9.720458984E-1
3.137442045E1,-1.410184860E0,-9.117119789E0,-9.648633003E-1
3.137637357E1,-1.371877551E0,-9.126696587E0,-9.696516991E-1
3.137835722E1,-1.328781962E0,-9.133879662E0,-9.935936928E-1
3.138034086E1,-1.280897856E0,-9.162610054E0,-1.024718285E0
3.138229398E1,-1.230619669E0,-9.217676163E0,-1.043871999E0
3.138427763E1,-1.185129881E0,-9.279925346E0,-1.046266198E0
3.138629178E1,-1.139639974E0,-9.351752281E0,-1.051054597E0
3.138824491E1,-1.098938584E0,-9.423578262E0,-1.065419793E0
3.139019804E1,-1.051054597E0,-9.473855972E0,-1.096544385E0
3.139218168E1,-1.010353088E0,-9.512163162E0,-1.151610970E0
3.139416532E1,-9.911994934E-1,-9.572018623E0,-1.182735682E0
3.139611845E1,-9.911994934E-1,-9.691728592E0,-1.146822572E0
3.139810209E1,-1.017535686E0,-9.830592155E0,-1.084573388E0
3.140008573E1,-1.051054597E0,-9.955090523E0,-1.055842996E0
3.140206937E1,-1.053448796E0,-1.004367638E1,-1.079784989E0
3.140402250E1,-1.019929886E0,-1.010353088E1,-1.144428372E0
3.140603666E1,-9.768342972E-1,-1.015141487E1,-1.218648672E0
3.140798978E1,-9.313444495E-1,-1.021366405E1,-1.237802267E0
3.140997343E1,-9.050082564E-1,-1.029985619E1,-1.221042871E0
3.141195707E1,-8.930372596E-1,-1.038844109E1,-1.213860273E0
3.141394071E1,-8.834604025E-1,-1.046266174E1,-1.209071875E0
3.141589384E1,-8.738836050E-1,-1.052491093E1,-1.204283476E0
3.141790800E1,-8.714894056E-1,-1.057997704E1,-1.180341482E0
3.141986112E1,-8.738836050E-1,-1.061349583E1,-1.154005170E0
3.142184476E1,-8.690952063E-1,-1.062307262E1,-1.122880578E0
3.142379789E1,-8.379706144E-1,-1.062786102E1,-1.082179189E0
3.142581205E1,-7.900865674E-1,-1.063743782E1,-1.024718285E0
3.142776517E1,-7.493851185E-1,-1.063983250E1,-9.624691010E-1
3.142977933E1,-7.182605267E-1,-1.063743782E1,-8.930372596E-1
3.143173246E1,-6.703764796E-1,-1.063025570E1,-8.188169599E-1
3.143371610E1,-5.889736414E-1,-1.063743782E1,-7.278373241E-1
3.143569974E1,-4.860229492E-1,-1.064462090E1,-6.224924326E-1
3.143768339E1,-4.357447028E-1,-1.064462090E1,-5.698199868E-1
3.143960599E1,-3.280056417E-1,-1.063743782E1,-4.932055473E-1
3.144162016E1,-2.106897533E-1,-1.063504410E1,-4.309563041E-1
3.144357328E1,-1.005564705E-1,-1.063983250E1,-3.782838583E-1
3.144555692E1,0.000000000E0,-1.064462090E1,-3.256114423E-1
3.144754056E1,9.816227108E-2,-1.064222622E1,-2.801215947E-1
3.144952421E1,1.891419291E-1,-1.062786102E1,-2.489969730E-1
3.145144682E1,2.825157940E-1,-1.060631371E1,-2.106897533E-1
3.145346098E1,3.782838583E-1,-1.058237171E1,-1.747767180E-1
3.145541410E1,4.644751251E-1,-1.054885292E1,-1.628057212E-1
3.145739774E1,5.410895944E-1,-1.050575733E1,-1.580173075E-1
3.145935087E1,6.248866320E-1,-1.045308495E1,-1.580173075E-1
3.146136503E1,6.991068721E-1,-1.040759468E1,-1.580173075E-1
3.146331815E1,7.493851185E-1,-1.033816338E1,-1.484405100E-1
3.146530180E1,7.972691655E-1,-1.026154804E1,-1.005564705E-1
3.146728544E1,8.236053586E-1,-1.021127033E1,-1.675941236E-2
3.146926908E1,8.092401624E-1,-1.018732834E1,9.576806426E-2
3.147122221E1,7.685387731E-1,-1.018493366E1,2.561795712E-1
3.147320585E1,6.943184733E-1,-1.020648193E1,4.644751251E-1
3.147518949E1,5.913678408E-1,-1.024957752E1,7.062895298E-1
3.147717313E1,4.548983276E-1,-1.033337498E1,9.768342972E-1
3.147909574E1,3.016694188E-1,-1.043153667E1,1.261744261E0
3.148110990E1,1.532289088E-1,-1.052969933E1,1.529894829E0
3.148306303E1,7.182605099E-3,-1.063743782E1,1.752555609E0
3.148504667E1,-1.029506698E-1,-1.075235939E1,1.936909199E0
3.148703031E1,-1.771709323E-1,-1.086249352E1,2.075772762E0
3.148901395E1,-2.106897533E-1,-1.097502041E1,2.154781580E0
3.149096708E1,-1.867477298E-1,-1.108515358E1,2.142810583E0
3.149295072E1,-9.576806426E-2,-1.117613316E1,2.051830769E0
3.149493436E1,4.548983276E-2,-1.124556541E1,1.891419291E0
3.149691801E1,2.154781520E-1,-1.133175659E1,1.702277422E0
3.149884061E1,4.070142806E-1,-1.143710136E1,1.517923832E0
3.150085477E1,6.081272364E-1,-1.156638813E1,1.333570361E0
3.150280790E1,8.355764151E-1,-1.169567490E1,1.151610970E0
3.150479154E1,1.096544385E0,-1.182017422E1,9.576807022E-1
3.150677518E1,1.357512355E0,-1.193509579E1,7.829039693E-1
3.150875883E1,1.611297727E0,-1.204044056E1,6.512228847E-1
3.151074247E1,1.855506301E0,-1.214339066E1,5.674257874E-1
3.151272611E1,2.080561161E0,-1.224873543E1,5.195417404E-1
3.151470975E1,2.288856745E0,-1.233013916E1,4.979939461E-1
3.151669340E1,2.492363930E0,-1.239238834E1,5.027823448E-1
3.151867704E1,2.674323320E0,-1.243548393E1,5.410895944E-1
3.152069120E1,2.815581083E0,-1.250252151E1,6.153098345E-1
3.152261381E1,2.918531895E0,-1.259828949E1,7.254431248E-1
3.152462797E1,2.997540474E0,-1.271799946E1,8.571242094E-1
3.152658109E1,3.043030262E0,-1.286165142E1,1.024718285E0
3.152853422E1,3.057395458E0,-1.302445698E1,1.216254473E0
3.153051786E1,3.040636063E0,-1.322317600E1,1.424550056E0
3.153250150E1,2.975992680E0,-1.344104862E1,1.647210717E0
3.153445463E1,2.877830505E0,-1.367089176E1,1.879448295E0
3.153643827E1,2.746149302E0,-1.390552330E1,2.123656988E0
3.153842191E1,2.590526342E0,-1.412818432E1,2.355894566E0
3.154040556E1,2.420537949E0,-1.433169174E1,2.568978310E0
3.154235868E1,2.236184359E0,-1.449449730E1,2.772485495E0
3.154437284E1,2.042253971E0,-1.461420727E1,2.992752075E0
3.154632596E1,1.848323703E0,-1.469082165E1,3.236960649E0
3.154827909E1,1.668758631E0,-1.471476364E1,3.502717018E0
3.155026273E1,1.498770237E0,-1.469082165E1,3.780444384E0
3.155224638E1,1.357512355E0,-1.463814926E1,4.082113743E0
3.155419950E1,1.225831270E0,-1.456632328E1,4.414907932E0
3.155618314E1,1.103726983E0,-1.448970890E1,4.762067318E0
3.155816678E1,9.911994934E-1,-1.440351772E1,5.097255230E0
3.156015043E1,8.906430602E-1,-1.431493187E1,5.432443619E0
3.156213407E1,8.068459630E-1,-1.425507736E1,5.750872612E0
3.156414823E1,7.158663273E-1,-1.421198082E1,6.016628742E0
3.156610136E1,6.033388376E-1,-1.419522190E1,6.217741966E0
3.156805448E1,4.979939461E-1,-1.422634697E1,6.375759125E0
3.157003812E1,3.926490843E-1,-1.429338455E1,6.497863293E0
3.157202177E1,2.729389966E-1,-1.438196945E1,6.598419666E0
3.157397489E1,2.106897533E-1,-1.443703651E1,6.641515732E0
3.157595853E1,7.182605099E-3,-1.461181259E1,6.706159115E0
3.157794218E1,-6.703764945E-2,-1.466927338E1,6.713341713E0
3.157992582E1,-2.154781520E-1,-1.477940750E1,6.713341713E0
3.158187894E1,-3.687070608E-1,-1.488235760E1,6.696582317E0
3.158389310E1,-5.315127969E-1,-1.496376038E1,6.675034523E0
3.158584623E1,-6.991068721E-1,-1.504755783E1,6.651092529E0
3.158782987E1,-8.499416113E-1,-1.513135433E1,6.629544735E0
3.158981351E1,-9.911994934E-1,-1.521515179E1,6.600813866E0
3.159179716E1,-1.125274777E0,-1.528458405E1,6.540958881E0
3.159375028E1,-1.268926859E0,-1.532528496E1,6.426037312E0
3.159573392E1,-1.455674648E0,-1.533486176E1,6.239289761E0
3.159771757E1,-1.675941229E0,-1.532528496E1,5.944802761E0
3.159970121E1,-1.900996208E0,-1.528697777E1,5.583278179E0
3.160165433E1,-2.111685991E0,-1.521036339E1,5.195417881E0
3.160366849E1,-2.274491549E0,-1.509065342E1,4.802768707E0
3.160562162E1,-2.387019157E0,-1.493742466E1,4.388571739E0
3.160757474E1,-2.475604534E0,-1.475546551E1,3.940855980E0
3.160955839E1,-2.557007313E0,-1.457590008E1,3.481169224E0
3.161154203E1,-2.619256735E0,-1.435802746E1,3.026270866E0
3.161349516E1,-2.636016130E0,-1.410903072E1,2.576161146E0
3.161550932E1,-2.612074137E0,-1.387200451E1,2.114080191E0
3.161746244E1,-2.552218914E0,-1.365892029E1,1.651999116E0
3.161944608E1,-2.470816135E0,-1.343865395E1,1.211466074E0
3.162139921E1,-2.387019157E0,-1.320402241E1,7.996633649E-1
3.162338285E1,-2.360682964E0,-1.295023727E1,4.118026793E-1
3.162536649E1,-2.413355350E0,-1.269405746E1,2.394201607E-2
3.162738065E1,-2.509123325E0,-1.246181965E1,-3.806780577E-1
3.162930326E1,-2.609679937E0,-1.226788998E1,-7.757213712E-1
3.163131742E1,-2.712630510E0,-1.211226654E1,-1.130063176E0
3.163327055E1,-2.815581083E0,-1.198297977E1,-1.426944256E0
3.163525419E1,-2.930502892E0,-1.188960552E1,-1.663970232E0
3.163720731E1,-3.050212860E0,-1.182256794E1,-1.848323703E0
3.163922147E1,-3.145981073E0,-1.179144382E1,-1.996764183E0
3.164114408E1,-3.203441858E0,-1.180341434E1,-2.116474390E0
3.164315824E1,-3.222595453E0,-1.184411621E1,-2.217030764E0
3.164514188E1,-3.217807055E0,-1.189200020E1,-2.341529369E0
3.164712553E1,-3.191470861E0,-1.193988419E1,-2.509123325E0
3.164907865E1,-3.131615877E0,-1.199255657E1,-2.710236311E0
3.165109281E1,-3.064578056E0,-1.205241108E1,-2.904166698E0
3.165304594E1,-2.987963676E0,-1.210268974E1,-3.074155092E0
3.165502958E1,-2.892195702E0,-1.214339066E1,-3.215412855E0
3.165698270E1,-2.794033289E0,-1.217690945E1,-3.325546265E0
3.165899686E1,-2.698265314E0,-1.220324612E1,-3.428496838E0
3.166094999E1,-2.640804529E0,-1.223197651E1,-3.557783842E0
3.166293363E1,-2.595314741E0,-1.225591850E1,-3.746925592E0
3.166491727E1,-2.552218914E0,-1.226070690E1,-3.971980572E0
3.166690092E1,-2.537853718E0,-1.225831223E1,-4.182670593E0
3.166885404E1,-2.540247917E0,-1.222239971E1,-4.328716755E0
3.167086820E1,-2.506729126E0,-1.215057373E1,-4.407725334E0
3.167282133E1,-2.458845139E0,-1.206917095E1,-4.419696331E0
3.167480497E1,-2.379836559E0,-1.198297977E1,-4.362235546E0
3.167675809E1,-2.188300371E0,-1.188481712E1,-4.295197964E0
3.167877225E1,-1.984793186E0,-1.177229023E1,-4.199429989E0
3.168069486E1,-1.776497602E0,-1.164779091E1,-4.118026733E0
3.168270902E1,-1.565807939E0,-1.151371574E1,-4.110844135E0
3.168469266E1,-1.426944256E0,-1.137245846E1,-4.132391930E0
3.168667631E1,-1.328781962E0,-1.122162342E1,-4.120420933E0
3.168862943E1,-1.189918280E0,-1.105402946E1,-4.070142746E0
3.169064359E1,-9.361328483E-1,-1.085291672E1,-3.995922565E0
3.169259672E1,-5.410895944E-1,-1.064222622E1,-3.900154591E0
3.169461088E1,-1.436521020E-2,-1.043871975E1,-3.809175014E0
3.169656400E1,5.482721925E-1,-1.025675964E1,-3.746925592E0
3.169857816E1,1.115697980E0,-1.007480049E1,-3.696647406E0
3.170053129E1,1.807622313E0,-9.897629738E0,-3.722983599E0
3.170251493E1,2.566584110E0,-9.768342972E0,-3.818751812E0
3.170449857E1,3.086126089E0,-9.708487511E0,-3.833117008E0
3.170648222E1,3.074155092E0,-9.713275909E0,-3.672705412E0
3.170843534E1,2.626439333E0,-9.753977776E0,-3.332728863E0
3.171044950E1,2.030282974E0,-9.871294022E0,-3.062183857E0
3.171240263E1,1.513135433E0,-1.005564690E1,-2.940079689E0
3.171438627E1,1.357512355E0,-1.021127033E1,-2.533065319E0
3.171633939E1,1.312022567E0,-1.033816338E1,-1.683123827E0
3.171835355E1,1.182735682E0,-1.049139214E1,-6.799532771E-1
3.172030668E1,1.022324085E0,-1.064222622E1,1.795651317E-1
3.172229032E1,9.552865028E-1,-1.071644688E1,7.374141216E-1
3.172427396E1,9.481038451E-1,-1.072841740E1,1.015141487E0
3.172628812E1,9.576807022E-1,-1.071884060E1,1.106121182E0
3.172827177E1,9.864110947E-1,-1.069729328E1,1.142034173E0
3.173025541E1,9.313444495E-1,-1.074757099E1,1.280897856E0
3.173220853E1,7.876923680E-1,-1.087685871E1,1.618480325E0
3.173419218E1,6.967126727E-1,-1.100375080E1,2.066195965E0
3.173617582E1,6.631938815E-1,-1.111388397E1,2.463633537E0
3.173815946E1,6.440402865E-1,-1.121683502E1,2.758120298E0
3.174014310E1,6.440402865E-1,-1.128866100E1,2.985569477E0
3.174215726E1,5.075707436E-1,-1.137006378E1,3.210624456E0
3.174411039E1,3.495534360E-1,-1.142513084E1,3.323152065E0
3.174606351E1,3.112462163E-2,-1.150413895E1,3.596091032E0
3.174804716E1,-7.422025502E-2,-1.149216843E1,3.909731388E0
3.175006132E1,-9.816227108E-2,-1.146583176E1,4.000710964E0
3.175201444E1,-1.388636976E-1,-1.150174522E1,3.854664803E0
3.175399808E1,-2.370259613E-1,-1.157835960E1,3.622427225E0
3.175598173E1,-3.758896589E-1,-1.162863731E1,3.330334663E0
3.175796537E1,-3.806780577E-1,-1.160948372E1,3.016694069E0
3.175988798E1,-2.489969730E-1,-1.155681133E1,2.726995707E0
3.176190214E1,-1.316810995E-1,-1.149935055E1,2.415749550E0
3.176385526E1,-1.436521020E-2,-1.139879417E1,2.044648170E0
3.176583891E1,8.619125932E-2,-1.127908421E1,1.632845521E0
3.176782255E1,1.915361285E-1,-1.112585545E1,1.185129881E0
3.176980619E1,3.016694188E-1,-1.094868469E1,7.374141216E-1
3.177175932E1,4.237737060E-1,-1.074517727E1,3.232172430E-1
3.177374296E1,5.051765442E-1,-1.057518864E1,-7.182605099E-3
3.177572660E1,5.482721925E-1,-1.043393135E1,-2.106897533E-1
3.177771024E1,5.530605912E-1,-1.030703831E1,-3.495534360E-1
3.177966337E1,5.219359994E-1,-1.018014526E1,-4.788403511E-1
3.178167753E1,5.291185975E-1,-1.004607010E1,-6.105214357E-1
3.178363065E1,5.746083856E-1,-9.900024414E0,-7.757213712E-1
3.178558378E1,6.392518282E-1,-9.749189377E0,-9.648633003E-1
3.178756742E1,7.086837292E-1,-9.591172218E0,-1.154005170E0
3.178955106E1,7.565677166E-1,-9.445125580E0,-1.355118155E0
3.179150419E1,7.805097699E-1,-9.308655739E0,-1.527500629E0
3.179348783E1,7.852981687E-1,-9.181763649E0,-1.637633920E0
3.179547147E1,8.499416113E-1,-9.033323288E0,-1.692700624E0
3.179742460E1,9.265560508E-1,-8.877699852E0,-1.757344007E0
3.179940824E1,9.217676520E-1,-8.777143478E0,-1.805228114E0
3.180142240E1,9.002198577E-1,-8.674192429E0,-1.817199111E0
3.180337553E1,8.092401624E-1,-8.616731644E0,-1.793257117E0
3.180535917E1,7.398083210E-1,-8.535328865E0,-1.774103403E0
3.180734281E1,7.206547260E-1,-8.410830498E0,-1.742978811E0
3.180932645E1,6.943184733E-1,-8.310274124E0,-1.663970232E0
3.181127958E1,5.698199868E-1,-8.269572258E0,-1.515529633E0
3.181326322E1,3.734954596E-1,-8.281543732E0,-1.374271750E0
3.181518583E1,1.723825186E-1,-8.231265068E0,-1.266532660E0
3.181719999E1,-5.267243832E-2,-8.166622162E0,-1.180341482E0
3.181915311E1,-1.915361285E-1,-8.066065788E0,-1.156399369E0
3.182113676E1,-2.681505978E-1,-7.994239330E0,-1.154005170E0
3.182312040E1,-3.088520169E-1,-7.951143742E0,-1.173158884E0
3.182510404E1,-3.878606856E-1,-7.936778545E0,-1.168370485E0
3.182702665E1,-4.788403511E-1,-7.920019150E0,-1.158793569E0
3.182904081E1,-6.272808313E-1,-7.893682957E0,-1.096544385E0
3.183099393E1,-7.781155705E-1,-7.862558365E0,-1.012747288E0
3.183297758E1,-8.451532125E-1,-7.769184589E0,-9.121908545E-1
3.183493070E1,-8.427590132E-1,-7.639897823E0,-8.259995580E-1
3.183694486E1,-7.709329724E-1,-7.529764175E0,-7.924807668E-1
3.183889799E1,-6.033388376E-1,-7.441178799E0,-7.757213712E-1
3.184088163E1,-4.788403511E-1,-7.398083210E0,-7.637503147E-1
3.184286527E1,-4.381389022E-1,-7.354987621E0,-7.565677166E-1
3.184484891E1,-4.836287498E-1,-7.319074631E0,-7.781155705E-1
3.184677152E1,-5.961562395E-1,-7.307103634E0,-8.355764151E-1
3.184878568E1,-6.991068721E-1,-7.266402245E0,-8.667010069E-1
3.185073881E1,-8.619126081E-1,-7.211335659E0,-8.858546019E-1
3.185272245E1,-1.118092179E0,-7.134721279E0,-8.978256583E-1
3.185467558E1,-1.355118155E0,-7.074865818E0,-9.385270476E-1
3.185668974E1,-1.381454349E0,-6.998251438E0,-1.000776291E0
3.185864286E1,-1.288080573E0,-6.952761650E0,-1.036689281E0
3.186062650E1,-1.187524080E0,-6.916848660E0,-1.015141487E0
3.186261014E1,-1.158793569E0,-6.868964672E0,-9.624691010E-1
3.186456327E1,-1.254561663E0,-6.859387875E0,-9.026140571E-1
3.186654691E1,-1.343147159E0,-6.821080685E0,-8.451532125E-1
3.186856107E1,-1.434126854E0,-6.773196697E0,-8.044517636E-1
3.187051420E1,-1.517923832E0,-6.706159115E0,-8.068459630E-1
3.187252836E1,-1.611297727E0,-6.653486729E0,-8.499416113E-1
3.187448148E1,-1.742978811E0,-6.612784863E0,-9.026140571E-1
3.187649564E1,-1.867477298E0,-6.543353081E0,-9.145850539E-1
3.187841825E1,-1.989581585E0,-6.454767704E0,-8.930372596E-1
3.188043241E1,-2.097320795E0,-6.356605530E0,-9.026140571E-1
3.188241605E1,-2.209848166E0,-6.265625954E0,-9.289502501E-1
3.188439970E1,-2.293645144E0,-6.167463779E0,-9.983820915E-1
3.188635282E1,-2.329558372E0,-6.117185116E0,-1.041477680E0
3.188836698E1,-2.451662540E0,-5.951985359E0,-1.163581967E0
3.189032011E1,-2.485181332E0,-5.889736176E0,-1.209071875E0
3.189233427E1,-2.564189911E0,-5.765237808E0,-1.285686255E0
3.189428739E1,-2.643198729E0,-5.635950565E0,-1.352723956E0
3.189630155E1,-2.710236311E0,-5.509057999E0,-1.422155857E0
3.189825468E1,-2.789244890E0,-5.389348030E0,-1.460463047E0
3.190023832E1,-2.882618904E0,-5.274426460E0,-1.496376038E0
3.190222196E1,-2.975992680E0,-5.161899090E0,-1.532289028E0
3.190420560E1,-3.098097086E0,-5.087678432E0,-1.525106430E0
3.190615873E1,-3.198653460E0,-5.025429249E0,-1.525106430E0
3.190817289E1,-3.241749048E0,-4.948814869E0,-1.534683347E0
3.191009550E1,-3.260902643E0,-4.853046894E0,-1.539471745E0
3.191210966E1,-3.323152065E0,-4.766855717E0,-1.549048543E0
3.191409330E1,-3.411737442E0,-4.714183331E0,-1.551442742E0
3.191610746E1,-3.440467834E0,-4.632780075E0,-1.561019540E0
3.191806058E1,-3.464409828E0,-4.558559895E0,-1.575384736E0
3.192007474E1,-3.564966440E0,-4.556165695E0,-1.568202138E0
3.192202787E1,-3.679888010E0,-4.565742493E0,-1.551442742E0
3.192401151E1,-3.720589399E0,-4.532223701E0,-1.553836942E0
3.192599516E1,-3.730166197E0,-4.477157116E0,-1.570596337E0
3.192797880E1,-3.785232782E0,-4.465186119E0,-1.570596337E0
3.192993192E1,-3.854664803E0,-4.481945515E0,-1.546654344E0
3.193191556E1,-3.909731388E0,-4.501099110E0,-1.503558636E0
3.193389921E1,-3.940855980E0,-4.503493309E0,-1.462857246E0
3.193588285E1,-3.950432777E0,-4.498704910E0,-1.424550056E0
3.193783598E1,-3.957615376E0,-4.505887508E0,-1.369483352E0
3.193985014E1,-3.986345768E0,-4.541800499E0,-1.290474772E0
3.194180326E1,-4.005499363E0,-4.575319290E0,-1.206677675E0
3.194375638E1,-4.003105164E0,-4.582501888E0,-1.137245774E0
3.194574003E1,-4.015076160E0,-4.592078686E0,-1.079784989E0
3.194772367E1,-4.050989151E0,-4.625597477E0,-1.029506683E0
3.194967680E1,-4.089296341E0,-4.680664539E0,-9.864110947E-1
3.195166044E1,-4.070142746E0,-4.745307922E0,-9.600749016E-1
3.195364408E1,-4.017470360E0,-4.807557106E0,-9.576807022E-1
3.195562772E1,-3.967192173E0,-4.860229492E0,-9.935936928E-1
3.195758085E1,-3.938461781E0,-4.905719280E0,-1.015141487E0
3.195959501E1,-3.921702385E0,-4.951209068E0,-9.983820915E-1
3.196154813E1,-3.907337189E0,-4.999093056E0,-9.504981041E-1
3.196350126E1,-3.902548790E0,-5.042188644E0,-8.930372596E-1
3.196548490E1,-3.902548790E0,-5.068524837E0,-8.427590132E-1
3.196746854E1,-3.900154591E0,-5.090072632E0,-7.996633649E-1
3.196942167E1,-3.869029999E0,-5.109226227E0,-7.613561153E-1
3.197140531E1,-3.828328609E0,-5.099649429E0,-7.422025204E-1
3.197338895E1,-3.797203779E0,-5.075707436E0,-7.110779285E-1
3.197540311E1,-3.770867586E0,-5.066130638E0,-6.751648784E-1
3.197735624E1,-3.751713991E0,-5.063736439E0,-6.440402865E-1
3.197937040E1,-3.746925592E0,-5.054159641E0,-6.248866320E-1
3.198135404E1,-3.744531393E0,-5.058948040E0,-6.105214357E-1
3.198333768E1,-3.737348795E0,-5.080495834E0,-5.865794420E-1
3.198529081E1,-3.720589399E0,-5.092466831E0,-5.554547906E-1
3.198730497E1,-3.672705412E0,-5.090072632E0,-5.291185975E-1
3.198925809E1,-3.603273630E0,-5.080495834E0,-5.027823448E-1
3.199124174E1,-3.524264812E0,-5.073313236E0,-4.692635238E-1
3.199319486E1,-3.445256233E0,-5.078101635E0,-4.261679053E-1
3.199520902E1,-3.356670856E0,-5.090072632E0,-3.806780577E-1
3.199719266E1,-3.246537447E0,-5.094861031E0,-3.471592367E-1
3.199917631E1,-3.119644880E0,-5.087678432E0,-3.088520169E-1
3.200115995E1,-3.009511471E0,-5.085284233E0,-2.705447972E-1
3.200314359E1,-2.920926094E0,-5.094861031E0,-2.322375625E-1
3.200509672E1,-2.796427488E0,-5.128379822E0,-1.963245422E-1
3.200711088E1,-2.602497339E0,-5.161899090E0,-1.580173075E-1
3.200903348E1,-2.351106167E0,-5.195417881E0,-7.900865376E-2
3.201104765E1,-2.118868589E0,-5.240907669E0,5.985504389E-2
3.201303129E1,-1.893813491E0,-5.284003258E0,2.513911724E-1
3.201501493E1,-1.659181833E0,-5.312733650E0,4.812345505E-1
3.201699857E1,-1.443703651E0,-5.379771233E0,7.445967197E-1
3.201901273E1,-1.288080573E0,-5.487510204E0,1.039083481E0
3.202096586E1,-1.180341482E0,-5.631162167E0,1.343147159E0
3.202294950E1,-1.046266198E0,-5.786785603E0,1.630451322E0
3.202490262E1,-8.978256583E-1,-5.954379559E0,1.910573006E0
3.202688627E1,-7.469909191E-1,-6.126761913E0,2.202665567E0
3.202886991E1,-5.865794420E-1,-6.296750546E0,2.494758129E0
3.203088407E1,-4.309563041E-1,-6.481103897E0,2.772485495E0
3.203283720E1,-3.040636182E-1,-6.667851925E0,3.040636063E0
3.203482084E1,-2.178723514E-1,-6.866570473E0,3.303998232E0
3.203680448E1,-1.292868853E-1,-7.077260017E0,3.572149038E0
3.203878812E1,-6.224924326E-2,-7.283161640E0,3.871424198E0
3.204071073E1,-9.576806799E-3,-7.527369976E0,4.187458992E0
3.204272489E1,3.830722719E-2,-7.805097580E0,4.522646904E0
3.204467802E1,8.140286058E-2,-8.116343498E0,4.865017891E0
3.204669218E1,1.221042871E-1,-8.461109161E0,5.212177277E0
3.204864530E1,1.532289088E-1,-8.856152534E0,5.559336185E0
3.205065946E1,1.795651317E-1,-9.311050415E0,5.968744755E0
3.205261259E1,2.370259613E-1,-9.797073364E0,6.469132900E0
3.205459623E1,3.519476354E-1,-1.031900978E1,7.003039837E0
3.205657987E1,5.075707436E-1,-1.089122391E1,7.565677166E0
3.205856351E1,6.751648784E-1,-1.151611042E1,8.204929352E0
3.206048612E1,8.331822157E-1,-1.221521664E1,8.949525833E0
3.206250028E1,1.015141487E0,-1.297178459E1,9.768342972E0
3.206445341E1,1.120486379E0,-1.337640476E1,1.020887566E1
3.206643705E1,1.575384736E0,-1.465730286E1,1.162863731E1
3.206839017E1,1.781286120E0,-1.509544182E1,1.209071827E1
3.207040433E1,2.205059767E0,-1.599326706E1,1.290235329E1
3.207235746E1,2.619256735E0,-1.691264153E1,1.356554699E1
3.207434110E1,3.040636063E0,-1.784638023E1,1.401805115E1
3.207632474E1,3.454833031E0,-1.878011894E1,1.439154625E1
3.207830839E1,3.861847401E0,-1.970906830E1,1.469082165E1
3.208026151E1,4.264073372E0,-2.064520073E1,1.491348267E1
3.208227567E1,4.687847137E0,-2.154542160E1,1.518163300E1
3.208422880E1,5.116408825E0,-2.235705566E1,1.551921558E1
3.208621244E1,5.487510204E0,-2.305616188E1,1.589989376E1
3.208816557E1,5.774814606E0,-2.361401176E1,1.628775406E1
3.209017972E1,5.999869347E0,-2.398990059E1,1.665406609E1
3.209213285E1,6.179434776E0,-2.409764099E1,1.694855309E1
3.209411649E1,6.299144745E0,-2.400666046E1,1.716163826E1
3.209610014E1,6.347028732E0,-2.370020294E1,1.727416611E1
3.209808378E1,6.385335922E0,-2.311362267E1,1.720233917E1
3.210003690E1,6.423643112E0,-2.230917168E1,1.697728348E1
3.210205106E1,6.380547523E0,-2.141374016E1,1.665406609E1
3.210400419E1,6.215347767E0,-2.047042465E1,1.618240929E1
3.210598783E1,5.935225964E0,-1.947922516E1,1.554076290E1
3.210797147E1,5.583278179E0,-1.844971848E1,1.472912884E1
3.210998563E1,5.228936672E0,-1.739866447E1,1.382172680E1
3.211193876E1,4.896142483E0,-1.634042740E1,1.290953541E1
3.211395292E1,4.515464306E0,-1.532289124E1,1.203325748E1
3.211590604E1,4.055777550E0,-1.436521053E1,1.117613316E1
3.211788969E1,3.550601006E0,-1.346977901E1,1.035252857E1
3.211987333E1,3.028665066E0,-1.263420200E1,9.557653427E0
3.212185697E1,2.485181332E0,-1.186566353E1,8.774748802E0
3.212381010E1,1.869871497E0,-1.114740276E1,7.967903137E0
3.212582426E1,1.213860273E0,-1.047702694E1,7.137115479E0
3.212777738E1,5.554547906E-1,-9.868899345E0,6.342240334E0
3.212976102E1,-1.005564705E-1,-9.320627213E0,5.626373768E0
3.213171415E1,-7.517793179E-1,-8.839392662E0,5.006275654E0
3.213372831E1,-1.388636947E0,-8.413225174E0,4.508281708E0
3.213568143E1,-1.987187386E0,-8.032546997E0,4.125209332E0
3.213766508E1,-2.523488522E0,-7.694964409E0,3.837905407E0
3.213964872E1,-3.009511471E0,-7.395689011E0,3.610456228E0
3.214163236E1,-3.452438831E0,-7.132327080E0,3.428496838E0
3.214355497E1,-3.849876404E0,-6.892906666E0,3.236960649E0
3.214556913E1,-4.189853191E0,-6.672640324E0,3.014299870E0
3.214755277E1,-4.455609322E0,-6.461950302E0,2.753331900E0
3.214953641E1,-4.594472885E0,-6.203376770E0,2.389413357E0
3.215148954E1,-4.637568474E0,-5.896918774E0,1.831564307E0
3.215350370E1,-4.639962673E0,-5.623979568E0,1.082179189E0
3.215545682E1,-4.632780075E0,-5.480327606E0,3.208230138E-1
3.215744047E1,-4.642356873E0,-5.504269600E0,-2.849099934E-1
3.215942411E1,-4.656722069E0,-5.683835030E0,-7.757213712E-1
3.216140775E1,-4.644751072E0,-6.004657745E0,-1.197100878E0
3.216333036E1,-4.577713490E0,-6.440402508E0,-1.608903527E0
3.216534452E1,-4.496310711E0,-6.947973251E0,-2.090138197E0
3.216729765E1,-4.436455727E0,-7.529764175E0,-2.760514498E0
3.216928129E1,-4.412513733E0,-8.212111473E0,-3.658340216E0
3.217123441E1,-4.386177540E0,-8.954314232E0,-4.752490520E0
3.217324857E1,-4.343081951E0,-9.708487511E0,-5.971138954E0
3.217520170E1,-4.280832767E0,-1.042195988E1,-7.199364662E0
3.217718534E1,-4.256890774E0,-1.109233665E1,-8.362946510E0
3.217916898E1,-4.249708176E0,-1.171722317E1,-9.382876396E0
3.218115262E1,-4.218583584E0,-1.232295609E1,-1.021366405E1
3.218307523E1,-4.189853191E0,-1.290474701E1,-1.083136845E1
3.218508939E1,-4.137180328E0,-1.338358784E1,-1.129584408E1
3.218704252E1,-4.029441357E0,-1.373074722E1,-1.160709000E1
3.218902616E1,-3.873818398E0,-1.395819569E1,-1.171243477E1
3.219097929E1,-3.682282209E0,-1.408987713E1,-1.163103199E1
3.219299345E1,-3.426102638E0,-1.419522190E1,-1.137245846E1
3.219491605E1,-3.088520288E0,-1.425028896E1,-1.095347309E1
3.219693021E1,-2.762908697E0,-1.427662468E1,-1.041717148E1
3.219891386E1,-2.506729126E0,-1.430535507E1,-9.780313492E0
3.220086698E1,-2.360682964E0,-1.428380775E1,-9.136273384E0
3.220285062E1,-2.281674147E0,-1.419761562E1,-8.537723541E0
3.220486478E1,-2.267308950E0,-1.404678154E1,-8.068459511E0
3.220678739E1,-2.315192938E0,-1.391031170E1,-7.663839817E0
3.220880155E1,-2.430114746E0,-1.378581333E1,-7.309497833E0
3.221075468E1,-2.592920542E0,-1.365413189E1,-6.974309444E0
3.221273832E1,-2.760514498E0,-1.349132633E1,-6.574477673E0
3.221472196E1,-2.875436306E0,-1.331655025E1,-6.098031521E0
3.221670560E1,-2.904166698E0,-1.315374374E1,-5.532999992E0
3.221862821E1,-2.877830505E0,-1.306994724E1,-5.221754074E0
3.222064237E1,-2.719813108E0,-1.289038181E1,-4.558559895E0
3.222259550E1,-2.420537949E0,-1.269645119E1,-3.801992416E0
3.222457914E1,-1.968033791E0,-1.249533844E1,-2.889801502E0
3.222656278E1,-1.350329757E0,-1.226788998E1,-1.781286120E0
3.222857694E1,-6.512228847E-1,-1.201649857E1,-5.770025849E-1
3.223053007E1,3.591302410E-2,-1.177229023E1,5.530605912E-1
3.223251371E1,6.607996821E-1,-1.152089882E1,1.448492050E0
3.223449735E1,1.209071875E0,-1.125993061E1,2.044648170E0
3.223648099E1,1.628057122E0,-1.101572227E1,2.331952572E0
3.223843412E1,1.889025092E0,-1.081700325E1,2.339135170E0
3.224044828E1,1.999158382E0,-1.067095661E1,2.130839586E0
3.224240140E1,1.975216389E0,-1.056082344E1,1.769315004E0
3.224441557E1,1.802833915E0,-1.050575733E1,1.314416766E0
3.224633817E1,1.393425345E0,-1.050815105E1,8.810662031E-1
3.224835233E1,9.145850539E-1,-1.052730465E1,4.572925270E-1
3.225030546E1,6.272808313E-1,-1.053448772E1,5.027823523E-2
3.225228910E1,5.770025849E-1,-1.051054573E1,-2.944868207E-1
3.225427274E1,5.961562395E-1,-1.044590187E1,-5.578489900E-1
3.225625638E1,5.722141862E-1,-1.034295177E1,-7.230489254E-1
3.225817899E1,5.339069963E-1,-1.020169353E1,-8.571242094E-1
3.226019315E1,5.865794420E-1,-1.002931118E1,-1.022324085E0
3.226214628E1,6.823474765E-1,-9.837775230E0,-1.189918280E0
3.226412992E1,7.445967197E-1,-9.631873131E0,-1.352723956E0
3.226611356E1,8.427590132E-1,-9.382876396E0,-1.522712231E0
3.226812772E1,9.576807022E-1,-9.102754593E0,-1.661576033E0
3.227008085E1,9.672574997E-1,-8.796297073E0,-1.802833915E0
3.227206449E1,9.504981041E-1,-8.463502884E0,-2.059013367E0
3.227404813E1,1.019929886E0,-8.111555099E0,-2.379836559E0
3.227603178E1,1.182735682E0,-7.752425194E0,-2.738966703E0
3.227795438E1,1.374271750E0,-7.412448406E0,-3.090914488E0
3.227996854E1,1.520318031E0,-7.103596210E0,-3.371036053E0
3.228192167E1,1.604115129E0,-6.845022678E0,-3.574543238E0
3.228390531E1,1.541865945E0,-6.653486729E0,-3.665522814E0
3.228588895E1,1.247379065E0,-6.531382084E0,-3.579331636E0
3.228790311E1,9.528923035E-1,-6.449979305E0,-3.478775024E0
3.228985624E1,7.876923680E-1,-6.378153324E0,-3.464409828E0
3.229183988E1,6.871358752E-1,-6.337451935E0,-3.459621429E0
3.229382352E1,5.650315881E-1,-6.363788128E0,-3.411737442E0
3.229580717E1,3.519476354E-1,-6.461950302E0,-3.280056238E0
3.229772977E1,2.633621916E-2,-6.631938934E0,-3.047818661E0
3.229974393E1,-3.160346150E-1,-6.866570473E0,-2.813186884E0
3.230169706E1,-5.482721925E-1,-7.110779285E0,-2.671929121E0
3.230368070E1,-6.727706790E-1,-7.369352818E0,-2.631227732E0
3.230566434E1,-7.086837292E-1,-7.615955830E0,-2.636016130E0
3.230764799E1,-6.847416759E-1,-7.867346764E0,-2.640804529E0
3.230957059E1,-6.129156351E-1,-8.113949776E0,-2.647987127E0
3.231158475E1,-5.147533417E-1,-8.341399193E0,-2.662352324E0
3.231353788E1,-4.405331016E-1,-8.542511940E0,-2.631227732E0
3.231552152E1,-4.453215301E-1,-8.801085472E0,-2.504334927E0
3.231750516E1,-4.908113480E-1,-9.090784073E0,-2.291250944E0
3.231948881E1,-4.955997467E-1,-9.334992409E0,-2.027888775E0
3.232141141E1,-4.477157295E-1,-9.526528358E0,-1.735796213E0
3.232342558E1,-3.639186621E-1,-9.708487511E0,-1.458068848E0
3.232537870E1,-2.466027737E-1,-9.897629738E0,-1.197100878E0
3.232736234E1,-1.197100878E-1,-1.008198357E1,-9.241618514E-1
3.232931547E1,1.675941236E-2,-1.024957752E1,-6.296750307E-1
3.233132963E1,1.747767180E-1,-1.040998936E1,-3.256114423E-1
3.233328275E1,3.112462163E-1,-1.054406452E1,-5.027823523E-2
3.233526640E1,4.285621047E-1,-1.066616821E1,1.723825186E-1
3.233725004E1,5.602431893E-1,-1.078587818E1,3.423708379E-1
3.233923368E1,6.871358752E-1,-1.090319443E1,4.644751251E-1
3.234118680E1,8.164227605E-1,-1.100614548E1,5.219359994E-1
3.234317045E1,9.816226959E-1,-1.108754826E1,4.932055473E-1
3.234515409E1,1.134851575E0,-1.115458584E1,3.998316824E-1
3.234713773E1,1.252167463E0,-1.124795914E1,3.615244627E-1
3.234906034E1,1.388636947E0,-1.134133339E1,4.261679053E-1
3.235107450E1,1.561019540E0,-1.139879417E1,5.219359994E-1
3.235302762E1,1.723825216E0,-1.143231297E1,6.536170840E-1
3.235501127E1,1.812410712E0,-1.147301483E1,8.499416113E-1
3.235699491E1,1.776497602E0,-1.150892735E1,1.122880578E0
3.235897855E1,1.644816518E0,-1.151371574E1,1.429338455E0
3.236093168E1,1.577778935E0,-1.149456215E1,1.580173135E0
3.236291532E1,1.467645645E0,-1.134133339E1,2.006340981E0
3.236489896E1,1.455674648E0,-1.126471901E1,2.135627985E0
3.236688261E1,1.470039845E0,-1.108515358E1,2.341529369E0
3.236883573E1,1.549048543E0,-1.086488724E1,2.418143749E0
3.237081937E1,1.697489023E0,-1.063504410E1,2.324769735E0
3.237277250E1,1.903390408E0,-1.039083576E1,2.140416384E0
3.237475614E1,2.078166962E0,-1.016578007E1,1.965639591E0
3.237673978E1,2.157175779E0,-9.967061996E0,1.879448295E0
3.237875394E1,2.126051188E0,-9.789890289E0,1.951274395E0
3.238070707E1,1.972822189E0,-9.696516991E0,2.193088770E0
3.238269071E1,1.757344007E0,-9.684545517E0,2.408566952E0
3.238467435E1,1.539471745E0,-9.674968719E0,2.480392933E0
3.238668851E1,1.292868972E0,-9.648633003E0,2.463633537E0
3.238864164E1,1.024718285E0,-9.615114212E0,2.408566952E0
3.239062528E1,7.733271718E-1,-9.569623947E0,2.329558372E0
3.239257841E1,5.434837937E-1,-9.485827446E0,2.207453966E0
3.239459257E1,2.944868207E-1,-9.378087997E0,2.090138197E0
3.239654569E1,4.548983276E-2,-9.258378029E0,2.015917778E0
3.239855985E1,-1.580173075E-1,-9.181763649E0,1.975216389E0
3.240051298E1,-3.136404157E-1,-9.150638580E0,1.944091797E0
3.240249662E1,-4.261679053E-1,-9.131484985E0,1.862688899E0
3.240448026E1,-5.578489900E-1,-9.097966194E0,1.771709204E0
3.240646390E1,-7.374141216E-1,-9.074024200E0,1.709460020E0
3.240841703E1,-9.026140571E-1,-9.054870605E0,1.661576033E0
3.241043119E1,-1.029506683E0,-9.018958092E0,1.596932530E0
3.241241483E1,-1.122880578E0,-8.959102631E0,1.525106430E0
3.241439848E1,-1.213860273E0,-8.882488251E0,1.424550056E0
3.241638212E1,-1.338358760E0,-8.805873871E0,1.268926859E0
3.241836576E1,-1.489193439E0,-8.729259491E0,1.163581967E0
3.242031888E1,-1.654393315E0,-8.655038834E0,1.118092179E0
3.242233304E1,-1.805228114E0,-8.599972725E0,1.089361787E0
3.242428617E1,-1.932120800E0,-8.576030731E0,9.935936928E-1
3.242630033E1,-2.003946781E0,-8.552088737E0,8.379706144E-1
3.242825346E1,-2.027888775E0,-8.508993149E0,7.015010715E-1
3.243026762E1,-2.003946781E0,-8.480262756E0,6.033388376E-1
3.243222074E1,-1.960851192E0,-8.475474358E0,5.195417404E-1
3.243420438E1,-1.905784607E0,-8.446743965E0,4.453215301E-1
3.243618803E1,-1.819593310E0,-8.408436775E0,3.878606856E-1
3.243817167E1,-1.699883223E0,-8.372523308E0,3.447650373E-1
3.244012479E1,-1.558625340E0,-8.329427719E0,3.160346150E-1
3.244213895E1,-1.407790542E0,-8.281543732E0,2.968810201E-1
3.244409208E1,-1.218648672E0,-8.264783859E0,2.729389966E-1
3.244607572E1,-9.744400978E-1,-8.274360657E0,2.178723514E-1
3.244802885E1,-7.182605267E-1,-8.283937454E0,1.412578970E-1
3.245004301E1,-4.692635238E-1,-8.295908928E0,7.182604820E-2
3.245199613E1,-2.082955539E-1,-8.319850922E0,2.394201607E-2
3.245397977E1,6.464344263E-2,-8.341399193E0,-1.436521020E-2
3.245596342E1,3.423708379E-1,-8.360552788E0,-6.224924326E-2
3.245794706E1,6.248866320E-1,-8.401253700E0,-9.816227108E-2
3.245986967E1,9.074024558E-1,-8.473079681E0,-1.292868853E-1
3.246188383E1,1.158793569E0,-8.561665535E0,-1.628057212E-1
3.246383695E1,1.386242747E0,-8.669404030E0,-2.106897533E-1
3.246582059E1,1.623268723E0,-8.767566681E0,-2.777273953E-1
3.246777372E1,1.850717902E0,-8.834604263E0,-3.495534360E-1
3.246978788E1,2.066195965E0,-8.889671326E0,-4.094084799E-1
3.247171049E1,2.274491549E0,-8.937555313E0,-4.836287498E-1
3.247372465E1,2.456450939E0,-8.959102631E0,-5.626373887E-1
3.247570829E1,2.607285738E0,-8.985439301E0,-6.536170840E-1
3.247769193E1,2.729389906E0,-8.999804497E0,-7.398083210E-1
3.247964506E1,2.820369720E0,-9.002198219E0,-8.188169599E-1
3.248165922E1,2.906560898E0,-9.004592896E0,-8.930372596E-1
3.248361234E1,2.973598480E0,-9.014169693E0,-9.720458984E-1
3.248559598E1,3.014299870E0,-9.023746490E0,-1.036689281E0
3.248754911E1,3.040636063E0,-9.026140213E0,-1.077390790E0
3.248956327E1,3.043030262E0,-9.026140213E0,-1.103726983E0
3.249148588E1,3.007117271E0,-9.033323288E0,-1.127668977E0
3.249350004E1,2.956839085E0,-9.054870605E0,-1.151610970E0
3.249548368E1,2.882618904E0,-9.076418877E0,-1.173158884E0
3.249743680E1,2.784456491E0,-9.078812599E0,-1.199495077E0
3.249942045E1,2.669534922E0,-9.090784073E0,-1.201889277E0
3.250143461E1,2.516305923E0,-9.121908188E0,-1.180341482E0
3.250338773E1,2.351106167E0,-9.160215378E0,-1.156399369E0
3.250540189E1,2.190694571E0,-9.191340446E0,-1.139639974E0
3.250735502E1,2.025494576E0,-9.205705643E0,-1.115697980E0
3.250936918E1,1.848323703E0,-9.208099365E0,-1.091755986E0
3.251132230E1,1.673547029E0,-9.200917244E0,-1.072602391E0
3.251330595E1,1.508347034E0,-9.186552048E0,-1.046266198E0
3.251528959E1,1.343147159E0,-9.162610054E0,-1.015141487E0
3.251727323E1,1.180341482E0,-9.138668060E0,-9.840168953E-1
3.251922636E1,1.027112484E0,-9.105149269E0,-9.504981041E-1
3.252121000E1,8.786720037E-1,-9.052476883E0,-9.145850539E-1
3.252316312E1,7.398083210E-1,-8.992621422E0,-8.786720037E-1
3.252517728E1,6.105214357E-1,-8.944737434E0,-8.451532125E-1
3.252713041E1,4.812345505E-1,-8.913613319E0,-8.068459630E-1
3.252911405E1,3.471592367E-1,-8.889671326E0,-7.637503147E-1
3.253109769E1,1.987187415E-1,-8.872911453E0,-7.445967197E-1
3.253308134E1,4.788403213E-2,-8.868123055E0,-7.398083210E-1
3.253500394E1,-2.394201607E-2,-8.868123055E0,-7.326257229E-1
3.253701810E1,-2.178723514E-1,-8.858546257E0,-7.422025204E-1
3.253897123E1,-2.681505978E-1,-8.851364136E0,-7.589619160E-1
3.254098539E1,-3.447650373E-1,-8.829815865E0,-8.116343617E-1
3.254290800E1,-4.405331016E-1,-8.810662270E0,-8.786720037E-1
3.254492216E1,-5.506663918E-1,-8.796297073E0,-9.409212470E-1
3.254687528E1,-6.488286853E-1,-8.789113998E0,-9.840168953E-1
3.254885892E1,-7.158663273E-1,-8.781931877E0,-1.017535686E0
3.255084257E1,-7.517793179E-1,-8.772355080E0,-1.063025594E0
3.255282621E1,-7.685387731E-1,-8.772355080E0,-1.113303781E0
3.255474882E1,-7.852981687E-1,-8.793902397E0,-1.165976286E0
3.255676298E1,-8.259995580E-1,-8.820239067E0,-1.235408068E0
3.255871610E1,-8.643068075E-1,-8.832210541E0,-1.309628367E0
3.256069974E1,-8.906430602E-1,-8.836998940E0,-1.371877551E0
3.256268339E1,-8.954314590E-1,-8.846575737E0,-1.414973259E0
3.256469755E1,-8.906430602E-1,-8.863334656E0,-1.455674648E0
3.256665067E1,-8.882488012E-1,-8.877699852E0,-1.489193439E0
3.256863432E1,-8.810662031E-1,-8.884882927E0,-1.522712231E0
3.257061796E1,-8.762778044E-1,-8.904036522E0,-1.549048543E0
3.257260160E1,-8.762778044E-1,-8.932766914E0,-1.546654344E0
3.257452421E1,-8.643068075E-1,-8.975862503E0,-1.525106430E0
3.257653837E1,-8.547300100E-1,-9.035717010E0,-1.491587639E0
3.257849149E1,-8.451532125E-1,-9.081207275E0,-1.467645645E0
3.258047514E1,-8.236053586E-1,-9.109937668E0,-1.453280449E0
3.258245878E1,-7.900865674E-1,-9.141061783E0,-1.441309452E0
3.258447294E1,-7.685387731E-1,-9.174580574E0,-1.436521053E0
3.258642606E1,-7.541735172E-1,-9.200917244E0,-1.446097851E0
3.258840971E1,-7.541735172E-1,-9.239224434E0,-1.446097851E0
3.259039335E1,-7.637503147E-1,-9.299078941E0,-1.431732655E0
3.259237699E1,-7.829039693E-1,-9.368511200E0,-1.398213744E0
3.259429960E1,-8.044517636E-1,-9.425971985E0,-1.352723956E0
3.259631376E1,-8.331822157E-1,-9.464279175E0,-1.319205165E0
3.259826688E1,-8.595184088E-1,-9.509769440E0,-1.300051570E0
3.260025053E1,-8.834604025E-1,-9.567230225E0,-1.285686255E0
3.260223417E1,-8.906430602E-1,-9.639056206E0,-1.256955862E0
3.260424833E1,-8.858546019E-1,-9.715670586E0,-1.209071875E0
3.260620145E1,-8.930372596E-1,-9.797073364E0,-1.158793569E0
3.260821561E1,-9.026140571E-1,-9.890447617E0,-1.120486379E0
3.261016874E1,-9.050082564E-1,-9.974244118E0,-1.086967587E0
3.261215238E1,-9.169792533E-1,-1.005325317E1,-1.063025594E0
3.261413602E1,-9.361328483E-1,-1.013704967E1,-1.046266198E0
3.261611967E1,-9.481038451E-1,-1.021845245E1,-1.027112484E0
3.261807279E1,-9.457096457E-1,-1.027830791E1,-1.017535686E0
3.262008695E1,-9.313444495E-1,-1.032379818E1,-1.000776291E0
3.262204008E1,-9.074024558E-1,-1.037168217E1,-9.792284966E-1
3.262402372E1,-8.834604025E-1,-1.043393135E1,-9.433154464E-1
3.262597684E1,-8.643068075E-1,-1.050575733E1,-9.002198577E-1
3.262799100E1,-8.451532125E-1,-1.056321812E1,-8.619126081E-1
3.262991361E1,-8.116343617E-1,-1.060152531E1,-8.379706144E-1
3.263192777E1,-7.661445141E-1,-1.064462090E1,-8.116343617E-1
3.263391141E1,-6.919242740E-1,-1.068053341E1,-7.541735172E-1
3.263589506E1,-6.129156351E-1,-1.071644688E1,-7.015010715E-1
3.263784818E1,-5.339069963E-1,-1.075235939E1,-7.254431248E-1
3.263986234E1,-4.477157295E-1,-1.077869606E1,-7.924807668E-1
3.264181547E1,-3.447650373E-1,-1.078827286E1,-8.164227605E-1
3.264379911E1,-2.322375625E-1,-1.079066753E1,-7.733271718E-1
3.264575224E1,-1.292868853E-1,-1.079306126E1,-7.086837292E-1
3.264776640E1,-4.309562966E-2,-1.077390766E1,-6.655880809E-1
3.264971952E1,3.591302410E-2,-1.074038887E1,-6.344634295E-1
3.265170316E1,1.077390760E-1,-1.068292809E1,-6.153098345E-1
3.265368680E1,1.723825186E-1,-1.060631371E1,-6.177040339E-1
3.265567045E1,2.106897533E-1,-1.049139214E1,-6.153098345E-1
3.265759306E1,2.489969730E-1,-1.037407589E1,-6.129156351E-1
3.265960722E1,3.136404157E-1,-1.028309631E1,-6.105214357E-1
3.266156034E1,3.950432837E-1,-1.021127033E1,-6.057330370E-1
3.266354398E1,4.501099288E-1,-1.013944435E1,-5.889736414E-1
3.266549711E1,4.812345505E-1,-1.007958889E1,-5.650315881E-1
3.266751127E1,4.788403511E-1,-1.003409958E1,-5.219359994E-1
3.266943388E1,4.429273009E-1,-1.002212811E1,-4.405331016E-1
3.267144804E1,3.734954596E-1,-1.002931118E1,-3.112462163E-1
3.267343168E1,2.777273953E-1,-1.004846478E1,-1.221042871E-1
3.267538480E1,1.364694983E-1,-1.009874249E1,1.244984865E-1
3.267736845E1,-3.830722719E-2,-1.017775154E1,4.022258818E-1
3.267938261E1,-2.274491638E-1,-1.028549004E1,6.799532771E-1
3.268133573E1,-3.926490843E-1,-1.039562416E1,9.672574997E-1
3.268334989E1,-5.051765442E-1,-1.049139214E1,1.233013868E0
3.268530302E1,-5.722141862E-1,-1.057518864E1,1.465251446E0
3.268731718E1,-5.961562395E-1,-1.064940929E1,1.649604917E0
3.268930082E1,-5.458779931E-1,-1.072602367E1,1.754949808E0
3.269128446E1,-4.094084799E-1,-1.080263805E1,1.754949808E0
3.269326810E1,-2.322375625E-1,-1.088404083E1,1.678335428E0
3.269525175E1,-5.267243832E-2,-1.096783829E1,1.561019540E0
3.269717435E1,3.830722719E-2,-1.100853920E1,1.489193439E0
3.269918851E1,3.351882398E-1,-1.113782597E1,1.218648672E0
3.270114164E1,4.405331016E-1,-1.118810463E1,1.122880578E0
3.270312528E1,6.703764796E-1,-1.130063248E1,9.313444495E-1
3.270510892E1,9.074024558E-1,-1.141555405E1,7.445967197E-1
3.270709257E1,1.151610970E0,-1.150892735E1,5.770025849E-1
3.270904569E1,1.388636947E0,-1.159751320E1,4.429273009E-1
3.271105985E1,1.613691926E0,-1.169328117E1,3.303998411E-1
3.271301298E1,1.829170108E0,-1.180820274E1,2.370259613E-1
3.271499662E1,2.047042370E0,-1.190875912E1,1.819593310E-1
3.271698026E1,2.262520552E0,-1.199255657E1,1.651999205E-1
3.271896390E1,2.473210335E0,-1.206677628E1,1.699883193E-1
3.272091703E1,2.669534922E0,-1.214099693E1,1.891419291E-1
3.272290067E1,2.839523315E0,-1.223197651E1,2.226607651E-1
3.272488432E1,2.971204281E0,-1.234210968E1,2.896983922E-1
3.272686796E1,3.083731890E0,-1.244745445E1,3.830722570E-1
3.272882108E1,3.174711466E0,-1.255040550E1,4.716577232E-1
3.273083524E1,3.239354849E0,-1.267969227E1,5.793967843E-1
3.273278837E1,3.272873640E0,-1.284728622E1,7.182605267E-1
3.273474149E1,3.270479441E0,-1.305318737E1,8.690952063E-1
3.273672514E1,3.234566450E0,-1.328303146E1,1.024718285E0
3.273870878E1,3.157952070E0,-1.352963352E1,1.185129881E0
3.274066190E1,3.031059265E0,-1.379060173E1,1.359906554E0
3.274264554E1,2.877830505E0,-1.403959846E1,1.546654344E0
3.274462919E1,2.710236311E0,-1.426465416E1,1.738190413E0
3.274661283E1,2.533065319E0,-1.446576691E1,1.944091797E0
3.274856596E1,2.346317768E0,-1.461181259E1,2.164358377E0
3.275058012E1,2.142810583E0,-1.470518684E1,2.394201756E0
3.275253324E1,1.944091797E0,-1.473631191E1,2.640804529E0
3.275448637E1,1.754949808E0,-1.471715832E1,2.904166698E0
3.275647001E1,1.572990537E0,-1.466927338E1,3.177105665E0
3.275845365E1,1.395819545E0,-1.458547688E1,3.454833031E0
3.276040678E1,1.230619669E0,-1.448731422E1,3.737348795E0
3.276239042E1,1.063025594E0,-1.438436413E1,4.015076160E0
3.276437406E1,8.930372596E-1,-1.428141308E1,4.297592163E0
3.276635770E1,7.302315235E-1,-1.419522190E1,4.568136692E0
3.276828031E1,5.650315881E-1,-1.413776112E1,4.826710701E0
3.277029447E1,3.998316824E-1,-1.412100124E1,5.082890034E0
3.277224760E1,2.418143749E-1,-1.414733791E1,5.336675644E0
3.277423124E1,9.097966552E-2,-1.422874069E1,5.576095581E0
3.277621488E1,-6.943184882E-2,-1.435323906E1,5.777208805E0
3.277819852E1,-2.394201756E-1,-1.449689102E1,5.932831764E0
3.278015165E1,-4.022258818E-1,-1.467166805E1,6.081272125E0
3.278213529E1,-5.506663918E-1,-1.485841560E1,6.210559368E0
3.278411893E1,-6.799532771E-1,-1.504516315E1,6.320692539E0
3.278610258E1,-7.876923680E-1,-1.522951698E1,6.421248913E0
3.278805570E1,-8.930372596E-1,-1.540668774E1,6.495469093E0
3.279006986E1,-9.911994934E-1,-1.556231117E1,6.536170483E0
3.279202299E1,-1.120486379E0,-1.568680954E1,6.540958881E0
3.279400663E1,-1.292868972E0,-1.576581860E1,6.500257492E0
3.279599027E1,-1.474828243E0,-1.581849098E1,6.423643112E0
3.279797391E1,-1.659181833E0,-1.584482670E1,6.308721542E0
3.279992704E1,-1.826775908E0,-1.581849098E1,6.174646378E0
3.280191068E1,-1.987187386E0,-1.575624180E1,6.050147533E0
3.280389432E1,-2.152387381E0,-1.567483807E1,5.947196960E0
3.280587797E1,-2.315192938E0,-1.556231117E1,5.825092793E0
3.280783109E1,-2.463633537E0,-1.540908241E1,5.669469833E0
3.280984525E1,-2.604891539E0,-1.521275806E1,5.473145008E0
3.281179838E1,-2.734178305E0,-1.498052025E1,5.243301868E0
3.281378202E1,-2.837129116E0,-1.472194672E1,4.994304657E0
3.281570463E1,-2.913743496E0,-1.445379543E1,4.726154327E0
3.281771879E1,-2.983175278E0,-1.418325043E1,4.450820923E0
3.281967191E1,-3.019088268E0,-1.388636971E1,4.165910721E0
3.282165556E1,-3.019088268E0,-1.357272911E1,3.859453201E0
3.282357816E1,-3.009511471E0,-1.327345467E1,3.536235809E0
3.282559232E1,-2.973598480E0,-1.299812126E1,3.224989653E0
3.282754545E1,-2.877830505E0,-1.276827812E1,2.932897091E0
3.282952909E1,-2.726995707E0,-1.255998230E1,2.628833532E0
3.283151273E1,-2.578555346E0,-1.232774448E1,2.274491549E0
3.283349638E1,-2.523488522E0,-1.221042824E1,2.082955360E0
3.283541898E1,-2.466027737E0,-1.199255657E1,1.675941229E0
3.283743314E1,-2.458845139E0,-1.181299114E1,1.266532660E0
3.283938627E1,-2.473210335E0,-1.168130970E1,8.475474119E-1
3.284136991E1,-2.525882721E0,-1.158314800E1,4.237737060E-1
3.284332304E1,-2.619256735E0,-1.150174522E1,-1.197100803E-2
3.284533720E1,-2.758120298E0,-1.143949604E1,-4.620809257E-1
3.284725980E1,-2.935291290E0,-1.140118885E1,-9.121908545E-1
3.284927396E1,-3.093308687E0,-1.138442898E1,-1.309628367E0
3.285125761E1,-3.193865061E0,-1.136767006E1,-1.644816518E0
3.285324125E1,-3.193865061E0,-1.136048698E1,-1.984793186E0
3.285519437E1,-3.110068083E0,-1.136527538E1,-2.298433542E0
3.285720853E1,-3.007117271E0,-1.137964058E1,-2.533065319E0
3.285916166E1,-2.904166698E0,-1.141315937E1,-2.734178305E0
3.286114530E1,-2.796427488E0,-1.146104336E1,-2.906560898E0
3.286312894E1,-2.695871115E0,-1.151371574E1,-3.047818661E0
3.286514310E1,-2.571372509E0,-1.157357121E1,-3.196259260E0
3.286706571E1,-2.396595955E0,-1.162145519E1,-3.373430252E0
3.286907987E1,-2.219424963E0,-1.168849277E1,-3.593696833E0
3.287103300E1,-2.078166962E0,-1.177707863E1,-3.849876404E0
3.287298612E1,-1.948880196E0,-1.185369301E1,-4.129997730E0
3.287496976E1,-1.810016513E0,-1.192312431E1,-4.410119534E0
3.287695341E1,-1.644816518E0,-1.197579670E1,-4.656722069E0
3.287890653E1,-1.446097851E0,-1.199973869E1,-4.855441093E0
3.288089017E1,-1.242590666E0,-1.197340298E1,-5.008669853E0
3.288287382E1,-1.063025594E0,-1.190157700E1,-5.140350819E0
3.288482694E1,-8.954314590E-1,-1.181299114E1,-5.272032261E0
3.288681058E1,-6.823474765E-1,-1.170285797E1,-5.418078423E0
3.288879423E1,-4.668693244E-1,-1.159033012E1,-5.542576790E0
3.289071683E1,-2.681505978E-1,-1.145864964E1,-5.600037575E0
3.289273099E1,-6.703764945E-2,-1.129823780E1,-5.621585369E0
3.289468412E1,1.053448766E-1,-1.113064384E1,-5.580883980E0
3.289666776E1,2.059013397E-1,-1.096304989E1,-5.437232018E0
3.289865140E1,2.753331959E-1,-1.080263805E1,-5.207388878E0
3.290063505E1,4.165911078E-1,-1.062067890E1,-4.941632271E0
3.290255766E1,6.631938815E-1,-1.043871975E1,-4.675876141E0
3.290457182E1,9.504981041E-1,-1.028549004E1,-4.395754337E0
3.290652494E1,1.233013868E0,-1.015141487E1,-4.065354347E0
3.290850858E1,1.721431017E0,-1.003409958E1,-3.694253206E0
3.291049222E1,2.425326347E0,-9.962273598E0,-3.383007050E0
3.291247587E1,2.949656487E0,-9.950302124E0,-3.062183857E0
3.291439848E1,3.299209833E0,-9.950302124E0,-2.767697096E0
3.291641264E1,3.727771997E0,-9.945513725E0,-2.619256735E0
3.291836576E1,4.173093796E0,-9.957485199E0,-2.501940727E0
3.292034940E1,4.082113743E0,-9.981427193E0,-2.183511972E0
3.292227201E1,3.622427225E0,-1.002931118E1,-1.714248419E0
3.292428617E1,3.268085241E0,-1.013226128E1,-1.144428372E0
3.292623930E1,3.052607059E0,-1.027351952E1,-5.410895944E-1
3.292822294E1,2.863465309E0,-1.038844109E1,7.182605099E-3
3.293020658E1,2.679111719E0,-1.045547867E1,5.195417404E-1
3.293219022E1,2.422932148E0,-1.054406452E1,1.072602391E0
3.293411283E1,2.193088770E0,-1.066616821E1,1.630451322E0
3.293612699E1,2.003946781E0,-1.079545593E1,2.099714994E0
3.293808012E1,1.838746905E0,-1.087685871E1,2.449268341E0
3.294006376E1,1.745373011E0,-1.089122391E1,2.671929121E0
3.294198637E1,1.716642618E0,-1.093431950E1,2.750937700E0
3.294400053E1,1.771709204E0,-1.101572227E1,2.717418909E0
3.294595365E1,1.843535304E0,-1.113064384E1,2.671929121E0
3.294793729E1,1.836352706E0,-1.127190113E1,2.597708941E0
3.294992094E1,1.728613615E0,-1.140597725E1,2.425326347E0
3.295190458E1,1.625662923E0,-1.149935055E1,2.324769735E0
3.295382719E1,1.616086125E0,-1.152568722E1,2.336740971E0
3.295584135E1,1.618480325E0,-1.156638813E1,2.420537949E0
3.295779447E1,1.606509328E0,-1.161666679E1,2.549824715E0
3.295980863E1,1.517923832E0,-1.167652130E1,2.676717520E0
3.296176176E1,1.280897856E0,-1.172919369E1,2.700659513E0
3.296377592E1,8.690952063E-1,-1.178426075E1,2.681505919E0
3.296572904E1,4.884171486E-1,-1.180580902E1,2.609679937E0
3.296771268E1,3.519476354E-1,-1.177947235E1,2.382230759E0
3.296969633E1,3.902548850E-1,-1.171722317E1,2.015917778E0
3.297164945E1,5.051765442E-1,-1.161427212E1,1.520318031E0
3.297363309E1,6.344634295E-1,-1.150413895E1,9.672574997E-1
3.297564725E1,6.967126727E-1,-1.138203526E1,4.788403511E-1
3.297760038E1,6.512228847E-1,-1.126950741E1,9.337386489E-2
3.297961454E1,5.243301988E-1,-1.117613316E1,-2.106897533E-1
3.298156766E1,3.806780577E-1,-1.106599998E1,-4.812345505E-1
3.298358182E1,2.681505978E-1,-1.092234802E1,-7.374141216E-1
3.298550443E1,1.843535304E-1,-1.076433086E1,-9.409212470E-1
3.298751859E1,8.140286058E-2,-1.059913063E1,-1.058237195E0
3.298950224E1,-1.675941236E-2,-1.041477776E1,-1.118092179E0
3.299148588E1,-7.900865376E-2,-1.018493366E1,-1.137245774E0
3.299343900E1,-1.651999205E-1,-9.938331604E0,-1.156399369E0
3.299545316E1,-2.729389966E-1,-9.660603523E0,-1.146822572E0
3.299737577E1,-4.094084799E-1,-9.385271072E0,-1.127668977E0
3.299938993E1,-5.458779931E-1,-9.124302864E0,-1.110909581E0
3.300137357E1,-7.015010715E-1,-8.959102631E0,-1.139639974E0
3.300335722E1,-8.475474119E-1,-8.868123055E0,-1.189918280E0
3.300534086E1,-1.007958889E0,-8.767566681E0,-1.237802267E0
3.300732450E1,-1.158793569E0,-8.655038834E0,-1.249773264E0
3.300927762E1,-1.235408068E0,-8.580819130E0,-1.259350061E0
3.301126127E1,-1.213860273E0,-8.489839554E0,-1.211466074E0
3.301321439E1,-1.182735682E0,-8.401253700E0,-1.139639974E0
3.301522855E1,-1.252167463E0,-8.350975990E0,-1.051054597E0
3.301715116E1,-1.328781962E0,-8.274360657E0,-9.840168953E-1
3.301916532E1,-1.395819545E0,-8.188169479E0,-9.983820915E-1
3.302111845E1,-1.405396342E0,-8.106766701E0,-1.098938584E0
3.302310209E1,-1.364694953E0,-8.010998726E0,-1.244984865E0
3.302508573E1,-1.256955862E0,-7.900865555E0,-1.364694953E0
3.302706937E1,-1.096544385E0,-7.802703381E0,-1.438915253E0
3.302899198E1,-9.217676520E-1,-7.733271599E0,-1.486799240E0
3.303100614E1,-7.589619160E-1,-7.721300602E0,-1.532289028E0
3.303295927E1,-6.344634295E-1,-7.757213593E0,-1.572990537E0
3.303497343E1,-5.195417404E-1,-7.764396191E0,-1.575384736E0
3.303689603E1,-4.429273009E-1,-7.764396191E0,-1.525106430E0
3.303891019E1,-3.830722570E-1,-7.764396191E0,-1.467645645E0
3.304086332E1,-3.256114423E-1,-7.759607792E0,-1.403002143E0
3.304284696E1,-3.184288144E-1,-7.778761387E0,-1.333570361E0
3.304483060E1,-3.256114423E-1,-7.807491779E0,-1.261744261E0
3.304681425E1,-3.950432837E-1,-7.872135162E0,-1.163581967E0
3.304876737E1,-4.836287498E-1,-7.936778545E0,-1.055842996E0
3.305078153E1,-5.315127969E-1,-7.960720539E0,-9.672574997E-1
3.305273466E1,-5.650315881E-1,-7.972691536E0,-8.858546019E-1
3.305474882E1,-6.177040339E-1,-7.989450932E0,-8.212111592E-1
3.305667142E1,-6.943184733E-1,-8.037335396E0,-7.757213712E-1
3.305868558E1,-7.374141216E-1,-8.058882713E0,-7.158663273E-1
3.306063871E1,-7.757213712E-1,-8.051700592E0,-6.368576288E-1
3.306262235E1,-8.188169599E-1,-8.051700592E0,-5.482721925E-1
3.306460599E1,-8.954314590E-1,-8.051700592E0,-4.429273009E-1
3.306658964E1,-1.022324085E0,-8.066065788E0,-3.232172430E-1
3.306854276E1,-1.134851575E0,-8.054094315E0,-2.370259613E-1
3.307055692E1,-1.273715258E0,-8.044517517E0,-1.651999205E-1
3.307251005E1,-1.462857246E0,-8.037335396E0,-1.077390760E-1
3.307449369E1,-1.596932530E0,-7.960720539E0,-9.576806426E-2
3.307644682E1,-1.702277422E0,-7.852981567E0,-9.576806426E-2
3.307846098E1,-1.795651317E0,-7.730877399E0,-8.140286058E-2
3.308041410E1,-1.872265697E0,-7.580042362E0,-7.182604820E-2
3.308239774E1,-1.980004787E0,-7.445967197E0,-9.816227108E-2
3.308438138E1,-2.066195965E0,-7.283161640E0,-1.460463107E-1
3.308636503E1,-2.145204782E0,-7.079654217E0,-1.963245422E-1
3.308828764E1,-2.229001760E0,-6.876147270E0,-2.513911724E-1
3.309030180E1,-2.303221941E0,-6.665457726E0,-3.327940404E-1
3.309225492E1,-2.427720547E0,-6.476315498E0,-3.998316824E-1
3.309423856E1,-2.554613113E0,-6.303933144E0,-4.477157295E-1
3.309619169E1,-2.624045134E0,-6.095637321E0,-5.506663918E-1
3.309820585E1,-2.700659513E0,-5.892130375E0,-7.182605267E-1
3.310015897E1,-2.784456491E0,-5.688623428E0,-8.930372596E-1
3.310214262E1,-2.870647907E0,-5.494692802E0,-1.029506683E0
3.310412626E1,-2.961627483E0,-5.322310448E0,-1.110909581E0
3.310610990E1,-3.052607059E0,-5.161899090E0,-1.149216771E0
3.310806303E1,-3.100491285E0,-5.082890034E0,-1.165976286E0
3.311004667E1,-3.186682463E0,-4.922478676E0,-1.218648672E0
3.311199979E1,-3.282450438E0,-4.786009312E0,-1.292868972E0
3.311401395E1,-3.383007050E0,-4.683058739E0,-1.357512355E0
3.311596708E1,-3.485957623E0,-4.587290287E0,-1.400607944E0
3.311795072E1,-3.603273630E0,-4.498704910E0,-1.438915253E0
3.311990385E1,-3.684676409E0,-4.419696331E0,-1.462857246E0
3.312191801E1,-3.734954596E0,-4.343081951E0,-1.482010841E0
3.312384061E1,-3.790021181E0,-4.280832767E0,-1.501164436E0
3.312585477E1,-3.876212597E0,-4.230554581E0,-1.508347034E0
3.312783842E1,-3.986345768E0,-4.223371983E0,-1.486799240E0
3.312982206E1,-4.091690540E0,-4.235342979E0,-1.443703651E0
3.313177518E1,-4.163516521E0,-4.237737179E0,-1.405396342E0
3.313378934E1,-4.189853191E0,-4.225766182E0,-1.364694953E0
3.313574247E1,-4.189853191E0,-4.199429989E0,-1.314416766E0
3.313772611E1,-4.180276394E0,-4.177882195E0,-1.268926859E0
3.313967924E1,-4.163516521E0,-4.177882195E0,-1.218648672E0
3.314169340E1,-4.127603531E0,-4.187458992E0,-1.161187768E0
3.314364652E1,-4.077325344E0,-4.197035789E0,-1.098938584E0
3.314563016E1,-4.029441357E0,-4.223371983E0,-1.034295082E0
3.314761381E1,-3.998316765E0,-4.273650169E0,-9.696516991E-1
3.314959745E1,-3.957615376E0,-4.326322556E0,-9.145850539E-1
3.315155058E1,-3.881000996E0,-4.369418144E0,-8.547300100E-1
3.315356474E1,-3.801992416E0,-4.429273129E0,-7.829039693E-1
3.315554838E1,-3.725377798E0,-4.522646904E0,-7.134721279E-1
3.315753202E1,-3.655946016E0,-4.639962673E0,-6.368576288E-1
3.315945463E1,-3.572149038E0,-4.754884720E0,-5.339069963E-1
3.316146879E1,-3.502717018E0,-4.881777287E0,-4.237737060E-1
3.316342191E1,-3.471592426E0,-4.991910458E0,-3.495534360E-1
3.316540556E1,-3.442862034E0,-5.066130638E0,-3.447650373E-1
3.316738920E1,-3.390189648E0,-5.111620426E0,-3.663128614E-1
3.316940336E1,-3.330334663E0,-5.149928093E0,-3.687070608E-1
3.317135648E1,-3.277662039E0,-5.195417881E0,-3.423708379E-1
3.317334012E1,-3.236960649E0,-5.248090267E0,-3.064578176E-1
3.317532377E1,-3.205836058E0,-5.288791656E0,-2.873041928E-1
3.317730741E1,-3.174711466E0,-5.331887245E0,-2.873041928E-1
3.317923002E1,-3.141192675E0,-5.372588634E0,-2.873041928E-1
3.318124418E1,-3.098097086E0,-5.408501625E0,-2.585737705E-1
3.318319730E1,-3.047818661E0,-5.434837818E0,-2.322375625E-1
3.318518095E1,-2.978386879E0,-5.456385612E0,-1.987187415E-1
3.318716459E1,-2.894589901E0,-5.480327606E0,-1.699883193E-1
3.318914823E1,-2.825158119E0,-5.501875401E0,-1.340752989E-1
3.319107084E1,-2.786850691E0,-5.532999992E0,-8.619125932E-2
3.319308500E1,-2.755726099E0,-5.585672379E0,-4.548983276E-2
3.319500761E1,-2.686294317E0,-5.628767967E0,-1.197100803E-2
3.319702177E1,-2.571372509E0,-5.655104637E0,1.675941236E-2
3.319900541E1,-2.444479942E0,-5.681440830E0,5.027823523E-2
3.320095853E1,-2.346317768E0,-5.724536419E0,9.816227108E-2
3.320294218E1,-2.279279947E0,-5.781997204E0,1.628057212E-1
3.320495634E1,-2.200271368E0,-5.834669590E0,2.513911724E-1
3.320690946E1,-2.094926596E0,-5.880159378E0,3.495534360E-1
3.320889310E1,-1.968033791E0,-5.906495571E0,4.596867263E-1
3.321084623E1,-1.831564307E0,-5.935225964E0,5.889736414E-1
3.321282987E1,-1.692700624E0,-5.968744755E0,7.206547260E-1
3.321478300E1,-1.582567334E0,-5.997475147E0,8.331822157E-1
3.321679716E1,-1.517923832E0,-6.019022942E0,9.145850539E-1
3.321875028E1,-1.489193439E0,-6.057330132E0,9.911994934E-1
3.322073392E1,-1.453280449E0,-6.105214119E0,1.094150186E0
3.322271757E1,-1.419761658E0,-6.148310184E0,1.228225470E0
3.322470121E1,-1.362300754E0,-6.200982571E0,1.417367458E0
3.322662382E1,-1.273715258E0,-6.253654957E0,1.640028119E0
3.322863798E1,-1.175553083E0,-6.306327343E0,1.886630893E0
3.323059110E1,-1.053448796E0,-6.358999729E0,2.154781580E0
3.323257474E1,-9.169792533E-1,-6.433219910E0,2.408566952E0
3.323455839E1,-8.331822157E-1,-6.533776283E0,2.643198729E0
3.323657255E1,-7.829039693E-1,-6.663063526E0,2.880224705E0
3.323852567E1,-7.158663273E-1,-6.797138691E0,3.138798475E0
3.324050932E1,-6.105214357E-1,-6.926425457E0,3.426102638E0
3.324246244E1,-4.692635238E-1,-7.062894821E0,3.730166197E0
3.324447660E1,-3.327940404E-1,-7.199364662E0,4.062960148E0
3.324642972E1,-2.082955539E-1,-7.343016624E0,4.453215122E0
3.324844388E1,-6.464344263E-2,-7.489062786E0,4.862623692E0
3.325039701E1,1.221042871E-1,-7.649474621E0,5.257667065E0
3.325238065E1,3.208230138E-1,-7.817068577E0,5.614402771E0
3.325436430E1,4.716577232E-1,-8.027758598E0,5.949591160E0
3.325637846E1,5.865794420E-1,-8.276755333E0,6.301538944E0
3.325833158E1,7.445967197E-1,-8.547300339E0,6.675034523E0
3.326031522E1,9.481038451E-1,-8.846575737E0,7.084442616E0
3.326229887E1,1.218648672E0,-9.169792175E0,7.481880188E0
3.326428251E1,1.376665950E0,-9.337387085E0,7.675810814E0
3.326623563E1,1.726219416E0,-9.696516991E0,8.054094315E0
3.326824979E1,2.066195965E0,-1.011789608E1,8.427590370E0
3.327020292E1,2.343923569E0,-1.060391903E1,8.796297073E0
3.327218656E1,2.580949545E0,-1.114500904E1,9.145850182E0
3.327417020E1,2.810792685E0,-1.173398209E1,9.464279175E0
3.327618436E1,3.033453465E0,-1.237323475E1,9.756371498E0
3.327813749E1,3.241749048E0,-1.306037045E1,1.001015759E1
3.328012113E1,3.414131641E0,-1.380017853E1,1.024718285E1
3.328210477E1,3.608062029E0,-1.453998661E1,1.047463226E1
3.328408842E1,3.830722809E0,-1.525585365E1,1.066137981E1
3.328604154E1,4.050989151E0,-1.595495987E1,1.076433086E1
3.328805570E1,4.261679173E0,-1.664209557E1,1.082658005E1
3.329000883E1,4.458003521E0,-1.730529022E1,1.086488724E1
3.329199247E1,4.582501888E0,-1.792059898E1,1.091037750E1
3.329397611E1,4.613626480E0,-1.846887207E1,1.101093388E1
3.329599027E1,4.575319290E0,-1.893574142E1,1.118092155E1
3.329794340E1,4.556165695E0,-1.929247665E1,1.142273617E1
3.329995756E1,4.589684486E0,-1.950556183E1,1.170285797E1
3.330191068E1,4.620809078E0,-1.957738686E1,1.201171017E1
3.330389432E1,4.596867085E0,-1.949598503E1,1.232774448E1
3.330587797E1,4.525041103E0,-1.930684280E1,1.261744308E1
3.330786161E1,4.429273129E0,-1.901953888E1,1.283531570E1
3.330981474E1,4.309563160E0,-1.863646698E1,1.299333286E1
3.331182890E1,4.141968727E0,-1.818156815E1,1.307712936E1
3.331378202E1,3.931279182E0,-1.769075584E1,1.308910084E1
3.331576566E1,3.713406801E0,-1.716163826E1,1.301488018E1
3.331768827E1,3.514688015E0,-1.659660530E1,1.287601662E1
3.331970243E1,3.301604033E0,-1.602918053E1,1.269884586E1
3.332162504E1,3.066972494E0,-1.547133160E1,1.245703125E1
3.332363920E1,2.817975283E0,-1.491348267E1,1.212184334E1
3.332562284E1,2.573766708E0,-1.437478733E1,1.170046329E1
3.332760648E1,2.327163935E0,-1.383609200E1,1.124077702E1
3.332952909E1,2.078166962E0,-1.330697346E1,1.075475407E1
3.333154325E1,1.810016513E0,-1.278264332E1,1.024239445E1
3.333349638E1,1.529894829E0,-1.224873543E1,9.727641106E0
3.333548002E1,1.221042871E0,-1.173398209E1,9.227252960E0
3.333743314E1,8.930372596E-1,-1.123598862E1,8.738836288E0
3.333944730E1,5.434837937E-1,-1.074517727E1,8.169015884E0
3.334140043E1,1.795651317E-1,-1.025675964E1,7.577648163E0
3.334338407E1,-2.274491638E-1,-9.773131371E0,6.952761650E0
3.334536771E1,-7.086837292E-1,-9.332598686E0,6.301538944E0
3.334735136E1,-1.264138460E0,-8.942343712E0,5.667075634E0
3.334930448E1,-1.893813491E0,-8.604761124E0,5.049371243E0
3.335131864E1,-2.568978310E0,-8.307879448E0,4.436455727E0
3.335327177E1,-3.244143248E0,-8.044517517E0,3.811569214E0
3.335525541E1,-3.883395195E0,-7.809885979E0,3.208230257E0
3.335720853E1,-4.498704910E0,-7.615955830E0,2.667140722E0
3.335922269E1,-5.078101635E0,-7.465120792E0,2.240972757E0
3.336117582E1,-5.590460777E0,-7.388506413E0,1.944091797E0
3.336315946E1,-5.961562157E0,-7.347805023E0,1.769315004E0
3.336514310E1,-6.174646378E0,-7.316680431E0,1.654393315E0
3.336712675E1,-6.294356346E0,-7.304709435E0,1.532289028E0
3.336904935E1,-6.349422932E0,-7.321468830E0,1.393425345E0
3.337106351E1,-6.368576527E0,-7.393294811E0,1.228225470E0
3.337301664E1,-6.342240334E0,-7.505822182E0,1.003170490E0
3.337500028E1,-6.236895561E0,-7.630321026E0,6.919242740E-1
3.337695341E1,-6.026205540E0,-7.733271599E0,2.777273953E-1
3.337896757E1,-5.700594425E0,-7.754819393E0,-2.178723514E-1
3.338092069E1,-5.248090267E0,-7.694964409E0,-7.924807668E-1
3.338290433E1,-4.683058739E0,-7.592013359E0,-1.379060149E0
3.338488798E1,-4.070142746E0,-7.481880188E0,-1.891419291E0
3.338687162E1,-3.450044632E0,-7.412448406E0,-2.312798738E0
3.338882474E1,-2.875436306E0,-7.412448406E0,-2.695871115E0
3.339083890E1,-2.403778553E0,-7.520187378E0,-3.069366693E0
3.339276151E1,-2.073378563E0,-7.742848396E0,-3.445256233E0
3.339477567E1,-1.862688899E0,-8.066065788E0,-3.890577793E0
3.339675932E1,-1.740584612E0,-8.437167168E0,-4.472368717E0
3.339874296E1,-1.666364431E0,-8.856152534E0,-5.173870087E0
3.340072660E1,-1.632845521E0,-9.339780807E0,-5.947196960E0
3.340271024E1,-1.630451322E0,-9.878476143E0,-6.703764915E0
3.340463285E1,-1.642422318E0,-1.045308495E1,-7.311892033E0
3.340664701E1,-1.704671621E0,-1.104924107E1,-7.766790390E0
3.340860014E1,-1.845929503E0,-1.165736771E1,-8.152256966E0
3.341061430E1,-1.996764183E0,-1.222239971E1,-8.528146744E0
3.341256742E1,-2.109291792E0,-1.269166279E1,-8.829815865E0
3.341458158E1,-2.183511972E0,-1.305079365E1,-9.030928612E0
3.341653471E1,-2.195482969E0,-1.329500198E1,-9.145850182E0
3.341851835E1,-2.161964178E0,-1.345062542E1,-9.165003777E0
3.342050199E1,-2.097320795E0,-1.357751751E1,-9.057265282E0
3.342248563E1,-2.003946781E0,-1.365652657E1,-8.767566681E0
3.342443876E1,-1.958456993E0,-1.366849709E1,-8.573636055E0
3.342642240E1,-1.898601890E0,-1.364934349E1,-8.121131897E0
3.342837553E1,-1.963245392E0,-1.357751751E1,-7.635109425E0
3.343038969E1,-2.128445387E0,-1.347696114E1,-7.153874874E0
3.343231229E1,-2.305616140E0,-1.333809757E1,-6.706159115E0
3.343432645E1,-2.497152328E0,-1.319205093E1,-6.258443356E0
3.343627958E1,-2.726995707E0,-1.303403378E1,-5.786785603E0
3.343826322E1,-2.964021683E0,-1.288319969E1,-5.315127850E0
3.344024686E1,-3.196259260E0,-1.271560478E1,-4.843470097E0
3.344223051E1,-3.426102638E0,-1.255758762E1,-4.299986362E0
3.344415311E1,-3.646369219E0,-1.246181965E1,-3.586514235E0
3.344616727E1,-3.787626982E0,-1.239717674E1,-2.657563925E0
3.344812040E1,-3.799597979E0,-1.235647488E1,-1.551442742E0
3.345010404E1,-3.703830004E0,-1.233971596E1,-3.567360640E-1
3.345208768E1,-3.531447411E0,-1.235886955E1,8.810662031E-1
3.345410184E1,-3.280056238E0,-1.238520527E1,2.169146776E0
3.345605497E1,-2.901772499E0,-1.237802315E1,3.414131641E0
3.345803861E1,-2.382230759E0,-1.232774448E1,4.534617901E0
3.346002225E1,-1.817199111E0,-1.227746677E1,5.504269600E0
3.346200590E1,-1.300051570E0,-1.224873543E1,6.268020153E0
3.346395902E1,-8.714894056E-1,-1.222718811E1,6.842628479E0
3.346597318E1,-5.027823448E-1,-1.218169785E1,7.199364662E0
3.346792631E1,-1.101332754E-1,-1.212663174E1,7.309497833E0
3.346990995E1,3.878606856E-1,-1.206677628E1,7.156269073E0
3.347189359E1,9.528923035E-1,-1.201889229E1,6.782773495E0
3.347390775E1,1.505952835E0,-1.200213337E1,6.229712963E0
3.347586088E1,1.980004787E0,-1.203086376E1,5.561730385E0
3.347784452E1,2.327163935E0,-1.210268974E1,4.879383087E0
3.347982816E1,2.513911724E0,-1.219127464E1,4.321534157E0
3.348181180E1,2.571372509E0,-1.226070690E1,3.909731388E0
3.348376493E1,2.549824715E0,-1.228464890E1,3.574543238E0
3.348577909E1,2.499546528E0,-1.223915863E1,3.234566450E0
3.348773222E1,2.456450939E0,-1.208592987E1,2.794033289E0
3.348971586E1,2.482787132E0,-1.185608673E1,2.231395960E0
3.349166898E1,2.597708941E0,-1.157117653E1,1.570596337E0
3.349368314E1,2.741360903E0,-1.119289303E1,7.876923680E-1
3.349566679E1,2.937685490E0,-1.073799419E1,-1.508347094E-1
3.349765043E1,3.306392431E0,-1.022324085E1,-1.187524080E0
3.349963407E1,3.763684988E0,-9.708487511E0,-2.233790159E0
3.350164823E1,3.928884983E0,-9.255983353E0,-3.100491285E0
3.350360136E1,3.734954596E0,-8.906430244E0,-3.732560396E0
3.350558500E1,3.383007050E0,-8.643068314E0,-4.182670593E0
3.350750761E1,3.026270866E0,-8.401253700E0,-4.539406300E0
3.350952177E1,2.760514498E0,-8.154650688E0,-4.884171486E0
3.351147489E1,2.559401512E0,-7.908048153E0,-5.260061264E0
3.351345853E1,2.382230759E0,-7.654263020E0,-5.681440830E0
3.351541166E1,2.195482969E0,-7.393294811E0,-6.117185116E0
3.351742582E1,2.008735180E0,-7.141903877E0,-6.543353081E0
3.351937894E1,1.807622313E0,-6.928819656E0,-6.957550049E0
3.352136259E1,1.620874524E0,-6.785167694E0,-7.323863029E0
3.352334623E1,1.474828243E0,-6.682217121E0,-7.647080421E0
3.352532987E1,1.316810966E0,-6.651092529E0,-7.876923561E0
3.352728300E1,1.067813993E0,-6.713341713E0,-7.934384346E0
3.352926664E1,6.895300746E-1,-6.835445881E0,-7.721300602E0
3.353125028E1,2.873041928E-1,-6.971915245E0,-7.333439827E0
3.353326444E1,-5.267243832E-2,-7.125144482E0,-6.890512466E0
3.353521757E1,-2.992752194E-1,-7.278373241E0,-6.488286495E0
3.353720121E1,-4.261679053E-1,-7.424419403E0,-6.169857979E0
3.353915433E1,-4.525041282E-1,-7.565677166E0,-5.949591160E0
3.354116849E1,-4.261679053E-1,-7.714118004E0,-5.777208805E0
3.354312162E1,-4.046200812E-1,-7.879317760E0,-5.535394192E0
3.354513578E1,-3.902548850E-1,-8.082824707E0,-5.185841084E0
3.354708890E1,-3.734954596E-1,-8.293514252E0,-4.745307922E0
3.354910307E1,-3.663128614E-1,-8.480262756E0,-4.232948780E0
3.355105619E1,-3.591302633E-1,-8.631096840E0,-3.675099611E0
3.355307035E1,-3.519476354E-1,-8.726864815E0,-3.081337690E0
3.355505399E1,-3.471592367E-1,-8.784325600E0,-2.449268341E0
3.355706815E1,-3.208230138E-1,-8.832210541E0,-1.766920805E0
3.355902128E1,-2.585737705E-1,-8.882488251E0,-1.060631394E0
3.356103544E1,-1.221042871E-1,-8.920795441E0,-3.519476354E-1
3.356298856E1,8.619125932E-2,-8.963891029E0,3.543418646E-1
3.356497221E1,3.423708379E-1,-9.047688484E0,1.003170490E0
3.356695585E1,6.200982332E-1,-9.188945770E0,1.575384736E0
3.356893949E1,9.385270476E-1,-9.373299599E0,2.037465572E0
3.357089262E1,1.276109457E0,-9.574412346E0,2.327163935E0
3.357287626E1,1.596932530E0,-9.775525093E0,2.468421936E0
3.357485990E1,1.927332401E0,-9.957485199E0,2.473210335E0
3.357681303E1,2.298433542E0,-1.008916569E1,2.339135170E0
3.357879667E1,2.657563925E0,-1.018014526E1,2.104503393E0
3.358081083E1,2.932897091E0,-1.026154804E1,1.874659896E0
3.358276395E1,3.110068083E0,-1.031900978E1,1.685518026E0
3.358474760E1,3.193865061E0,-1.036689377E1,1.493981838E0
3.358673124E1,3.229778051E0,-1.042435455E1,1.290474772E0
3.358871488E1,3.227383852E0,-1.050575733E1,1.113303781E0
3.359066801E1,3.162740469E0,-1.060152531E1,1.067813993E0
3.359268217E1,3.083731890E0,-1.070447540E1,1.165976286E0
3.359463529E1,3.014299870E0,-1.077390766E1,1.304839969E0
3.359661893E1,2.944868088E0,-1.078108978E1,1.381454349E0
3.359857206E1,2.868253708E0,-1.075235939E1,1.395819545E0
3.360058622E1,2.762908697E0,-1.070447540E1,1.429338455E0
3.360253934E1,2.609679937E0,-1.065180302E1,1.515529633E0
3.360455350E1,2.377442360E0,-1.060152531E1,1.659181833E0
3.360650663E1,2.229001760E0,-1.057040024E1,1.752555609E0
3.360849027E1,1.877054095E0,-1.049857426E1,1.965639591E0
3.361047391E1,1.513135433E0,-1.041238308E1,2.173935175E0
3.361248808E1,1.043871999E0,-1.026154804E1,2.377442360E0
3.361444120E1,9.217676520E-1,-1.020408726E1,2.403778553E0
3.361642484E1,7.541735172E-1,-1.008198357E1,2.446874142E0
3.361840848E1,6.584054828E-1,-9.981427193E0,2.494758129E0
3.362039213E1,6.057330370E-1,-9.907206535E0,2.475604534E0
3.362234525E1,5.434837937E-1,-9.849745750E0,2.466027737E0
3.362435941E1,3.902548850E-1,-9.832986832E0,2.437297344E0
3.362631254E1,1.101332754E-1,-9.847352028E0,2.305616140E0
3.362829618E1,-3.064578176E-1,-9.885659218E0,2.063801765E0
3.363027982E1,-8.236053586E-1,-9.897629738E0,1.798045516E0
3.363229398E1,-1.309628367E0,-9.849745750E0,1.541865945E0
3.363424711E1,-1.695094824E0,-9.768342972E0,1.285686255E0
3.363623075E1,-1.987187386E0,-9.701305389E0,1.031900883E0
3.363821439E1,-2.252943754E0,-9.667786598E0,7.829039693E-1
3.364019804E1,-2.521094322E0,-9.648633003E0,6.105214357E-1
3.364212064E1,-2.738966703E0,-9.605537415E0,5.267243981E-1
3.364413480E1,-2.858676910E0,-9.528923035E0,4.955997467E-1
3.364608793E1,-2.942473888E0,-9.433155060E0,4.525041282E-1
3.364807157E1,-3.028665066E0,-9.337387085E0,3.495534360E-1
3.365005521E1,-3.098097086E0,-9.246406555E0,1.891419291E-1
3.365206937E1,-3.122039080E0,-9.136273384E0,2.394201607E-2
3.365402250E1,-3.138798475E0,-9.023746490E0,-1.364694983E-1
3.365600614E1,-3.205836058E0,-8.932766914E0,-2.537853718E-1
3.365798978E1,-3.306392431E0,-8.853757858E0,-3.208230138E-1
3.365997343E1,-3.411737442E0,-8.774748802E0,-2.896983922E-1
3.366189603E1,-3.517082214E0,-8.686163902E0,-1.699883193E-1
3.366391019E1,-3.581725836E0,-8.602366447E0,-8.140286058E-2
3.366586332E1,-3.620033026E0,-8.537723541E0,-8.619125932E-2
3.366784696E1,-3.672705412E0,-8.492233276E0,-1.053448766E-1
3.366983060E1,-3.739742994E0,-8.441955566E0,-7.900865376E-2
3.367184476E1,-3.785232782E0,-8.382100105E0,-7.182605099E-3
3.367379789E1,-3.811569214E0,-8.339004517E0,9.816227108E-2
3.367578153E1,-3.768473387E0,-8.305485725E0,2.130839527E-1
3.367776517E1,-3.641580820E0,-8.295908928E0,3.256114423E-1
3.367974882E1,-3.426102638E0,-8.312667847E0,4.189853072E-1
3.368167142E1,-3.148375273E0,-8.327033043E0,4.716577232E-1
3.368368558E1,-2.834734917E0,-8.353369713E0,5.027823448E-1
3.368563871E1,-2.513911724E0,-8.396465302E0,4.932055473E-1
3.368762235E1,-2.176329374E0,-8.451532364E0,4.237737060E-1
3.368960599E1,-1.798045516E0,-8.530540466E0,3.423708379E-1
3.369158964E1,-1.407790542E0,-8.626308441E0,2.681505978E-1
3.369351224E1,-1.029506683E0,-8.714894295E0,1.651999205E-1
3.369552640E1,-6.512228847E-1,-8.801085472E0,6.703764945E-2
3.369747953E1,-3.016694188E-1,-8.901641846E0,-1.915361360E-2
3.369946317E1,4.070143029E-2,-9.004592896E0,-1.149216816E-1
3.370144682E1,3.878606856E-1,-9.085995674E0,-2.178723514E-1
3.370343046E1,7.230489254E-1,-9.143456459E0,-3.375824392E-1
3.370538358E1,1.036689281E0,-9.186552048E0,-4.429273009E-1
3.370739774E1,1.321599364E0,-9.208099365E0,-5.267243981E-1
3.370935087E1,1.587355733E0,-9.227252960E0,-6.033388376E-1
3.371136503E1,1.848323703E0,-9.234436035E0,-6.895300746E-1
3.371331815E1,2.085349798E0,-9.232041359E0,-7.781155705E-1
3.371533231E1,2.291250944E0,-9.229647636E0,-8.667010069E-1
3.371725492E1,2.492363930E0,-9.212887764E0,-9.217676520E-1
3.371926908E1,2.676717520E0,-9.172186852E0,-9.672574997E-1
3.372125272E1,2.825158119E0,-9.131484985E0,-1.005564690E0
3.372323637E1,2.923320293E0,-9.090784073E0,-1.048660398E0
3.372518949E1,2.978386879E0,-9.045293808E0,-1.103726983E0
3.372720365E1,3.016694069E0,-8.999804497E0,-1.161187768E0
3.372915678E1,3.031059265E0,-8.971074104E0,-1.204283476E0
3.373114042E1,3.007117271E0,-8.966285706E0,-1.237802267E0
3.373306303E1,2.971204281E0,-8.954314232E0,-1.292868972E0
3.373507719E1,2.944868088E0,-8.913613319E0,-1.364694953E0
3.373703031E1,2.920926094E0,-8.865729332E0,-1.429338455E0
3.373901395E1,2.882618904E0,-8.808267593E0,-1.460463047E0
3.374099760E1,2.810792685E0,-8.769960403E0,-1.479616642E0
3.374298124E1,2.726995707E0,-8.738836288E0,-1.493981838E0
3.374493436E1,2.647987127E0,-8.702922821E0,-1.501164436E0
3.374694852E1,2.571372509E0,-8.662221909E0,-1.517923832E0
3.374890165E1,2.499546528E0,-8.616731644E0,-1.558625340E0
3.375088529E1,2.427720547E0,-8.578424454E0,-1.592144132E0
3.375283842E1,2.322375536E0,-8.556877136E0,-1.630451322E0
3.375485258E1,2.183511972E0,-8.547300339E0,-1.663970232E0
3.375680570E1,2.030282974E0,-8.554482460E0,-1.680729628E0
3.375878934E1,1.879448295E0,-8.559270859E0,-1.685518026E0
3.376077299E1,1.740584612E0,-8.566453934E0,-1.673547029E0
3.376275663E1,1.613691926E0,-8.564059258E0,-1.651999116E0
3.376467924E1,1.553836942E0,-8.559270859E0,-1.644816518E0
3.376669340E1,1.359906554E0,-8.556877136E0,-1.625662923E0
3.376864652E1,1.290474772E0,-8.566453934E0,-1.618480325E0
3.377063016E1,1.156399369E0,-8.607154846E0,-1.604115129E0
3.377258329E1,1.034295082E0,-8.640673637E0,-1.580173135E0
3.377459745E1,9.121908545E-1,-8.674192429E0,-1.565807939E0
3.377658109E1,7.876923680E-1,-8.712499619E0,-1.561019540E0
3.377856474E1,6.727706790E-1,-8.743624687E0,-1.546654344E0
3.378054838E1,5.578489900E-1,-8.757989883E0,-1.532289028E0
3.378253202E1,4.501099288E-1,-8.786720276E0,-1.527500629E0
3.378448515E1,3.591302633E-1,-8.825027466E0,-1.525106430E0
3.378649930E1,2.777273953E-1,-8.844181061E0,-1.508347034E0
3.378845243E1,2.226607651E-1,-8.858546257E0,-1.505952835E0
3.379043607E1,2.011129409E-1,-8.872911453E0,-1.522712231E0
3.379235868E1,1.628057212E-1,-8.882488251E0,-1.539471745E0
3.379437284E1,1.053448766E-1,-8.894459724E0,-1.558625340E0
3.379632596E1,4.309562966E-2,-8.918401718E0,-1.599326730E0
3.379830961E1,-7.182605099E-3,-8.956708908E0,-1.644816518E0
3.380029325E1,-4.309562966E-2,-8.987833023E0,-1.678335428E0
3.380227689E1,-8.619125932E-2,-8.997409821E0,-1.716642618E0
3.380423002E1,-1.412578970E-1,-9.014169693E0,-1.752555609E0
3.380624418E1,-2.059013397E-1,-9.071630478E0,-1.783680320E0
3.380816679E1,-2.657563984E-1,-9.126696587E0,-1.800439715E0
3.381018095E1,-3.232172430E-1,-9.167398453E0,-1.810016513E0
3.381213407E1,-3.998316824E-1,-9.212887764E0,-1.805228114E0
3.381411771E1,-4.884171486E-1,-9.265560150E0,-1.788468719E0
3.381610136E1,-5.626373887E-1,-9.325415611E0,-1.766920805E0
3.381808500E1,-6.081272364E-1,-9.394847870E0,-1.726219416E0
3.382000761E1,-6.464344859E-1,-9.447520256E0,-1.666364431E0
3.382202177E1,-6.919242740E-1,-9.490615845E0,-1.606509328E0
3.382397489E1,-7.469909191E-1,-9.540893555E0,-1.551442742E0
3.382598905E1,-8.116343617E-1,-9.588777542E0,-1.515529633E0
3.382794218E1,-8.930372596E-1,-9.641449928E0,-1.484405041E0
3.382995634E1,-9.840168953E-1,-9.689333916E0,-1.426944256E0
3.383193998E1,-1.079784989E0,-9.744400978E0,-1.343147159E0
3.383395414E1,-1.187524080E0,-9.830592155E0,-1.307234168E0
3.383590726E1,-1.280897856E0,-9.923966408E0,-1.297657371E0
3.383792142E1,-1.343147159E0,-9.991003990E0,-1.264138460E0
3.383987455E1,-1.367089152E0,-1.005085850E1,-1.192312479E0
3.384185819E1,-1.369483352E0,-1.008916569E1,-1.134851575E0
3.384384183E1,-1.376665950E0,-1.010353088E1,-1.120486379E0
3.384582548E1,-1.379060149E0,-1.013465595E1,-1.132457376E0
3.384780912E1,-1.367089152E0,-1.017775154E1,-1.127668977E0
3.384979276E1,-1.340752959E0,-1.021845245E1,-1.098938584E0
3.385177640E1,-1.300051570E0,-1.024718285E1,-1.063025594E0
3.385372953E1,-1.254561663E0,-1.028549004E1,-1.024718285E0
3.385571317E1,-1.204283476E0,-1.033576870E1,-9.744400978E-1
3.385772733E1,-1.158793569E0,-1.038365269E1,-9.169792533E-1
3.385968046E1,-1.110909581E0,-1.043871975E1,-8.523358107E-1
3.386166410E1,-1.067813993E0,-1.048420906E1,-7.900865674E-1
3.386364774E1,-1.029506683E0,-1.051772785E1,-7.422025204E-1
3.386563138E1,-9.983820915E-1,-1.055842972E1,-7.062895298E-1
3.386758451E1,-9.624691010E-1,-1.062546730E1,-6.488286853E-1
3.386956815E1,-9.097966552E-1,-1.070687008E1,-5.650315881E-1
3.387155180E1,-8.475474119E-1,-1.080263805E1,-4.740519226E-1
3.387353544E1,-7.876923680E-1,-1.089601231E1,-3.950432837E-1
3.387551908E1,-7.326257229E-1,-1.098459721E1,-3.232172430E-1
3.387753324E1,-6.775590777E-1,-1.105881786E1,-2.585737705E-1
3.387948637E1,-6.344634295E-1,-1.110909557E1,-2.035071403E-1
3.388147001E1,-5.793967843E-1,-1.113543224E1,-1.604115069E-1
3.388345365E1,-5.171475410E-1,-1.113303757E1,-1.221042871E-1
3.388543729E1,-4.764461517E-1,-1.110909557E1,-8.379705995E-2
3.388739042E1,-4.405331016E-1,-1.106121159E1,-5.027823523E-2
3.388940458E1,-4.022258818E-1,-1.099417400E1,-1.675941236E-2
3.389135770E1,-3.758896589E-1,-1.090798283E1,3.830722719E-2
3.389334135E1,-3.591302633E-1,-1.080503273E1,1.173158810E-1
3.389529447E1,-3.495534360E-1,-1.069011021E1,2.130839527E-1
3.389730863E1,-3.519476354E-1,-1.058476543E1,3.208230138E-1
3.389926176E1,-3.615244627E-1,-1.049857426E1,4.548983276E-1
3.390127592E1,-3.854664862E-1,-1.043871975E1,6.296750307E-1
3.390322904E1,-4.141969085E-1,-1.039801788E1,8.379706144E-1
3.390521268E1,-4.525041282E-1,-1.038125896E1,1.067813993E0
3.390719633E1,-5.051765442E-1,-1.038604736E1,1.304839969E0
3.390921049E1,-5.530605912E-1,-1.040041256E1,1.529894829E0
3.391116361E1,-5.889736414E-1,-1.041956615E1,1.747767210E0
3.391314725E1,-6.057330370E-1,-1.044590187E1,1.958456993E0
3.391510038E1,-6.153098345E-1,-1.049857426E1,2.149993181E0
3.391711454E1,-6.081272364E-1,-1.058955383E1,2.291250944E0
3.391906766E1,-5.626373887E-1,-1.070208168E1,2.372653961E0
3.392105131E1,-4.620809257E-1,-1.082418633E1,2.379836559E0
3.392303495E1,-3.016694188E-1,-1.094389629E1,2.303221941E0
3.392501859E1,-1.005564705E-1,-1.105642319E1,2.154781580E0
3.392694120E1,1.436520964E-1,-1.115937424E1,1.968033791E0
3.392895536E1,4.189853072E-1,-1.126232433E1,1.733402014E0
3.393093900E1,7.038952708E-1,-1.137245846E1,1.467645645E0
3.393295316E1,9.864110947E-1,-1.148498535E1,1.199495077E0
3.393490629E1,1.268926859E0,-1.159990692E1,9.385270476E-1
3.393692045E1,1.553836942E0,-1.171482849E1,7.182605267E-1
3.393887357E1,1.821987510E0,-1.183932781E1,5.434837937E-1
3.394082670E1,2.078166962E0,-1.196143150E1,4.046200812E-1
3.394281034E1,2.319981337E0,-1.207635307E1,3.088520169E-1
3.394479398E1,2.554613113E0,-1.217930412E1,2.394201756E-1
3.394674711E1,2.671929121E0,-1.222239971E1,2.154781520E-1
3.394873075E1,2.896984100E0,-1.230380249E1,2.130839527E-1
3.395071439E1,3.090914488E0,-1.238759995E1,2.633621991E-1
3.395269804E1,3.256114244E0,-1.247857952E1,3.351882398E-1
3.395462064E1,3.390189648E0,-1.257434750E1,4.429273009E-1
3.395663480E1,3.495534420E0,-1.268208599E1,6.081272364E-1
3.395858793E1,3.586514235E0,-1.282334423E1,8.212111592E-1
3.396057157E1,3.643975019E0,-1.300530338E1,1.053448796E0
3.396255521E1,3.646369219E0,-1.321359921E1,1.304839969E0
3.396453886E1,3.600879431E0,-1.345541382E1,1.565807939E0
3.396649198E1,3.512293816E0,-1.372595787E1,1.836352706E0
3.396847562E1,3.402160645E0,-1.399650288E1,2.106897593E0
3.397045927E1,3.260902643E0,-1.425507736E1,2.384624958E0
3.397247343E1,3.062183857E0,-1.448970890E1,2.679111719E0
3.397439603E1,2.834734917E0,-1.470279217E1,2.961627483E0
3.397641019E1,2.609679937E0,-1.487756920E1,3.229778051E0
3.397836332E1,2.377442360E0,-1.499488544E1,3.505111217E0
3.398031644E1,2.147598982E0,-1.504755783E1,3.782838583E0
3.398230009E1,1.944091797E0,-1.503319263E1,4.062960148E0
3.398428373E1,1.757344007E0,-1.497573185E1,4.355052948E0
3.398623685E1,1.596932530E0,-1.487996387E1,4.647145271E0
3.398825101E1,1.455674648E0,-1.473391724E1,4.920084476E0
3.399020414E1,1.350329757E0,-1.456153488E1,5.178658485E0
3.399218778E1,1.300051570E0,-1.436999893E1,5.418078423E0
3.399417142E1,1.283292055E0,-1.420001030E1,5.619191170E0
3.399615507E1,1.252167463E0,-1.407790565E1,5.796362400E0
3.399810819E1,1.209071875E0,-1.402762794E1,5.971138954E0
3.400012235E1,1.156399369E0,-1.404438686E1,6.131550789E0
3.400207548E1,1.106121182E0,-1.411621284E1,6.277596951E0
3.400405912E1,1.041477680E0,-1.423592377E1,6.394912720E0
3.400604276E1,9.720458984E-1,-1.439872932E1,6.485892296E0
3.400802640E1,8.978256583E-1,-1.459265900E1,6.538564682E0
3.400994901E1,8.259995580E-1,-1.482489681E1,6.550535679E0
3.401196317E1,7.541735172E-1,-1.505952835E1,6.500257492E0
3.401391630E1,6.895300746E-1,-1.529655457E1,6.404489517E0
3.401589994E1,6.129156351E-1,-1.554076290E1,6.311115742E0
3.401788358E1,4.884171486E-1,-1.579215431E1,6.229712963E0
3.401986722E1,3.351882398E-1,-1.602678680E1,6.141127586E0
3.402182035E1,1.651999205E-1,-1.622550583E1,6.040570736E0
3.402380399E1,-5.506663769E-2,-1.639788818E1,5.918466568E0
3.402578764E1,-3.112462163E-1,-1.654393387E1,5.784391403E0
3.402780180E1,-5.793967843E-1,-1.663730812E1,5.635950565E0
3.402975492E1,-8.571242094E-1,-1.668997955E1,5.477933407E0
3.403173856E1,-1.144428372E0,-1.667561531E1,5.300762653E0
3.403369169E1,-1.450886250E0,-1.657266426E1,5.106832027E0
3.403570585E1,-1.726219416E0,-1.638831139E1,4.936843872E0
3.403765897E1,-1.960851192E0,-1.615846634E1,4.783615112E0
3.403967313E1,-2.161964178E0,-1.589989376E1,4.635174274E0
3.404162626E1,-2.341529369E0,-1.562216568E1,4.472368717E0
3.404360990E1,-2.468421936E0,-1.532289124E1,4.283226967E0
3.404559354E1,-2.521094322E0,-1.499249077E1,4.055777550E0
3.404760770E1,-2.513911724E0,-1.464054298E1,3.794809580E0
3.404956083E1,-2.463633537E0,-1.427901936E1,3.519476414E0
3.405154447E1,-2.377442360E0,-1.392946529E1,3.246537447E0
3.405349760E1,-2.286462545E0,-1.360385418E1,2.959233284E0
3.405551176E1,-2.229001760E0,-1.332133865E1,2.655169725E0
3.405746488E1,-2.252943754E0,-1.308431244E1,2.327163935E0
3.405947904E1,-2.367865562E0,-1.288559341E1,1.982398987E0
3.406143217E1,-2.523488522E0,-1.271560478E1,1.642422318E0
3.406341581E1,-2.679111719E0,-1.254561710E1,1.331176162E0
3.406539945E1,-2.810792685E0,-1.238759995E1,1.046266198E0
3.406741361E1,-2.942473888E0,-1.226310158E1,7.829039693E-1
3.406936674E1,-3.093308687E0,-1.217690945E1,5.003881454E-1
3.407135038E1,-3.246537447E0,-1.214099693E1,1.771709323E-1
3.407333402E1,-3.373430252E0,-1.213381386E1,-2.106897533E-1
3.407531766E1,-3.464409828E0,-1.213860226E1,-6.799532771E-1
3.407724027E1,-3.502717018E0,-1.214099693E1,-1.209071875E0
3.407925443E1,-3.514688015E0,-1.215536213E1,-1.786074519E0
3.408117704E1,-3.485957623E0,-1.217690945E1,-2.396595955E0
3.408319120E1,-3.406949043E0,-1.219845772E1,-2.995146275E0
3.408514432E1,-3.294421434E0,-1.223915863E1,-3.529053211E0
3.408715848E1,-3.134010077E0,-1.228704357E1,-3.988739967E0
3.408911161E1,-2.925714493E0,-1.233732128E1,-4.386177540E0
3.409109525E1,-2.705447912E0,-1.237323475E1,-4.742913723E0
3.409304838E1,-2.499546528E0,-1.240196514E1,-5.090072632E0
3.409506254E1,-2.324769735E0,-1.241872406E1,-5.446808815E0
3.409701566E1,-2.181117773E0,-1.240675354E1,-5.834669590E0
3.409899930E1,-2.078166962E0,-1.238041687E1,-6.270414352E0
3.410098295E1,-2.001552582E0,-1.232774448E1,-6.727706909E0
3.410296659E1,-1.912967205E0,-1.223676491E1,-7.161057472E0
3.410491972E1,-1.867477298E0,-1.217690945E1,-7.357381821E0
3.410690336E1,-1.781286120E0,-1.203804588E1,-7.663839817E0
3.410888700E1,-1.735796213E0,-1.189439392E1,-7.800309181E0
3.411087064E1,-1.695094824E0,-1.176271248E1,-7.759607792E0
3.411282377E1,-1.556231141E0,-1.160948372E1,-7.601590633E0
3.411483793E1,-1.338358760E0,-1.141555405E1,-7.364564419E0
3.411679105E1,-1.024718285E0,-1.119768143E1,-7.122750282E0
3.411877470E1,-5.698199868E-1,-1.096304989E1,-6.883329868E0
3.412072782E1,-1.316810995E-1,-1.073799419E1,-6.603208065E0
3.412274198E1,3.016694188E-1,-1.052251625E1,-6.296750546E0
3.412469511E1,7.900865674E-1,-1.031661510E1,-5.951985359E0
3.412670927E1,1.307234168E0,-1.012507915E1,-5.549759388E0
3.412866239E1,1.802833915E0,-9.964667320E0,-5.080495834E0
3.413067655E1,2.178723574E0,-9.830592155E0,-4.584896088E0
3.413262968E1,2.588132143E0,-9.725247383E0,-4.211400986E0
3.413461332E1,2.880224705E0,-9.708487511E0,-3.928884983E0
3.413659696E1,2.724601507E0,-9.758766174E0,-3.533841610E0
3.413858060E1,2.413355350E0,-9.840168953E0,-2.954444885E0
3.414050321E1,2.114080191E0,-9.931148529E0,-2.293645144E0
3.414251737E1,1.783680320E0,-9.998186111E0,-1.594538331E0
3.414447050E1,1.570596337E0,-1.002691650E1,-8.810662031E-1
3.414645414E1,1.584961534E0,-1.004607010E1,-3.208230138E-1
3.414840726E1,1.592144132E0,-1.012747288E1,2.082955539E-1
3.415042142E1,1.386242747E0,-1.025436592E1,9.193734527E-1
3.415237455E1,1.074996591E0,-1.040041256E1,1.731007814E0
3.415435819E1,7.996633649E-1,-1.051772785E1,2.384624958E0
3.415634183E1,6.057330370E-1,-1.062067890E1,2.748543501E0
3.415832548E1,4.716577232E-1,-1.074517727E1,2.904166698E0
3.416027860E1,4.165911078E-1,-1.086009884E1,3.002328873E0
3.416229276E1,4.932055473E-1,-1.091995430E1,3.177105665E0
3.416424589E1,6.991068721E-1,-1.091516590E1,3.356670856E0
3.416626005E1,9.528923035E-1,-1.087685871E1,3.433285236E0
3.416821317E1,1.022324085E0,-1.090319443E1,3.433285236E0
3.417022733E1,8.882488012E-1,-1.096783829E1,3.414131641E0
3.417218046E1,9.265560508E-1,-1.092953110E1,3.629609823E0
3.417416410E1,1.022324085E0,-1.090798283E1,4.060565948E0
3.417614774E1,9.169792533E-1,-1.099656868E1,4.501099110E0
3.417813138E1,6.440402865E-1,-1.115697956E1,4.769249916E0
3.418008451E1,3.256114423E-1,-1.132936287E1,4.769249916E0
3.418209867E1,8.619125932E-2,-1.146104336E1,4.493916512E0
3.418402128E1,-4.309562966E-2,-1.151371574E1,4.062960148E0
3.418603544E1,-1.125274822E-1,-1.151371574E1,3.605667830E0
3.418798856E1,-1.221042871E-1,-1.146822643E1,3.165134668E0
3.418997221E1,-1.580173075E-1,-1.142513084E1,2.722207308E0
3.419195585E1,-2.370259613E-1,-1.138442898E1,2.284068346E0
3.419393949E1,-3.327940404E-1,-1.128387260E1,1.855506301E0
3.419589262E1,-2.873041928E-1,-1.113782597E1,1.362300754E0
3.419790678E1,-7.661445439E-2,-1.097262669E1,9.169792533E-1
3.419985990E1,1.963245422E-1,-1.080742645E1,5.817909837E-1
3.420187406E1,3.902548850E-1,-1.068053341E1,2.920926213E-1
3.420379667E1,5.027823448E-1,-1.058476543E1,1.675941236E-2
3.420581083E1,6.129156351E-1,-1.045069027E1,-2.513911724E-1
3.420776395E1,7.278373241E-1,-1.027830791E1,-5.051765442E-1
3.420974760E1,8.140285611E-1,-1.011071396E1,-7.493851185E-1
3.421173124E1,8.978256583E-1,-9.928754807E0,-9.864110947E-1
3.421371488E1,9.864110947E-1,-9.722852707E0,-1.154005170E0
3.421566801E1,1.070208192E0,-9.516951561E0,-1.201889277E0
3.421765165E1,1.027112484E0,-9.342175484E0,-1.213860273E0
3.421963529E1,8.212111592E-1,-9.220070839E0,-1.194706678E0
3.422161893E1,5.506663918E-1,-9.124302864E0,-1.118092179E0
3.422357206E1,3.495534360E-1,-9.035717010E0,-1.106121182E0
3.422555570E1,2.489969730E-1,-8.942343712E0,-1.242590666E0
3.422753934E1,2.370259613E-1,-8.868123055E0,-1.534683347E0
3.422952299E1,2.298433632E-1,-8.801085472E0,-1.838746905E0
3.423150663E1,1.077390760E-1,-8.750806808E0,-2.008735180E0
3.423352079E1,-3.351882473E-2,-8.693346024E0,-2.092532396E0
3.423547391E1,-2.394201607E-2,-8.588001251E0,-2.094926596E0
3.423745756E1,-1.197100803E-2,-8.487444878E0,-2.054224968E0
3.423944120E1,-5.027823523E-2,-8.420407295E0,-2.068590164E0
3.424142484E1,-5.267243832E-2,-8.350975990E0,-2.116474390E0
3.424337797E1,-3.351882473E-2,-8.291120529E0,-2.126051188E0
3.424536161E1,-2.873042040E-2,-8.221688271E0,-2.075772762E0
3.424734525E1,-5.985504389E-2,-8.116343498E0,-2.027888775E0
3.424929838E1,-1.053448766E-1,-8.006210327E0,-1.977610588E0
3.425128202E1,-1.388636976E-1,-7.900865555E0,-1.896207690E0
3.425329618E1,-2.250549644E-1,-7.814674377E0,-1.759738207E0
3.425524930E1,-3.088520169E-1,-7.723694801E0,-1.601720929E0
3.425723295E1,-3.303998411E-1,-7.632715225E0,-1.467645645E0
3.425921659E1,-3.399766386E-1,-7.608773232E0,-1.371877551E0
3.426120023E1,-3.495534360E-1,-7.623138428E0,-1.278503656E0
3.426318388E1,-3.615244627E-1,-7.630321026E0,-1.225831270E0
3.426516752E1,-4.070142806E-1,-7.654263020E0,-1.216254473E0
3.426715116E1,-4.405331016E-1,-7.699752808E0,-1.247379065E0
3.426910429E1,-4.453215301E-1,-7.745242596E0,-1.268926859E0
3.427108793E1,-4.261679053E-1,-7.785943985E0,-1.252167463E0
3.427310209E1,-3.639186621E-1,-7.802703381E0,-1.225831270E0
3.427505521E1,-3.232172430E-1,-7.807491779E0,-1.216254473E0
3.427703886E1,-2.011129409E-1,-7.785943985E0,-1.201889277E0
3.427902250E1,-7.900865376E-2,-7.747636795E0,-1.177947283E0
3.428100614E1,-1.436521020E-2,-7.733271599E0,-1.165976286E0
3.428295927E1,-3.112462163E-2,-7.738059998E0,-1.165976286E0
3.428497343E1,-9.097966552E-2,-7.728483200E0,-1.158793569E0
3.428692655E1,-1.292868853E-1,-7.666234016E0,-1.151610970E0
3.428891019E1,-2.106897533E-1,-7.611167431E0,-1.108515382E0
3.429086332E1,-3.040636182E-1,-7.560888767E0,-1.041477680E0
3.429287748E1,-4.405331016E-1,-7.510610580E0,-9.768342972E-1
3.429483060E1,-6.129156351E-1,-7.481880188E0,-9.337386489E-1
3.429684476E1,-7.493851185E-1,-7.419631004E0,-9.121908545E-1
3.429879789E1,-9.241618514E-1,-7.333439827E0,-8.595184088E-1
3.430078153E1,-1.106121182E0,-7.225700855E0,-7.709329724E-1
3.430276517E1,-1.285686255E0,-7.120356083E0,-6.679822803E-1
3.430477933E1,-1.474828243E0,-7.026981831E0,-5.770025849E-1
3.430673246E1,-1.640028119E0,-6.924031258E0,-5.554547906E-1
3.430871610E1,-1.776497602E0,-6.794744492E0,-5.841852427E-1
3.431069974E1,-1.903390408E0,-6.641515732E0,-6.248866320E-1
3.431268339E1,-2.032677174E0,-6.493074894E0,-6.655880809E-1
3.431463651E1,-2.178723574E0,-6.373364925E0,-6.967126727E-1
3.431665067E1,-2.312798738E0,-6.260837555E0,-7.493851185E-1
3.431860380E1,-2.401384354E0,-6.133944988E0,-8.882488012E-1
3.432058744E1,-2.475604534E0,-5.999869347E0,-1.096544385E0
3.432257108E1,-2.576161146E0,-5.884947777E0,-1.295263171E0
3.432458524E1,-2.683900118E0,-5.774814606E0,-1.443703651E0
3.432653837E1,-2.777273893E0,-5.647922039E0,-1.537077546E0
3.432852201E1,-2.851494312E0,-5.487510204E0,-1.613691926E0
3.433050565E1,-2.952050686E0,-5.346252441E0,-1.683123827E0
3.433248930E1,-3.122039080E0,-5.264849663E0,-1.733402014E0
3.433444242E1,-3.287238836E0,-5.207388878E0,-1.776497602E0
3.433645658E1,-3.380612850E0,-5.114014626E0,-1.826775908E0
3.433844022E1,-3.440467834E0,-5.011064053E0,-1.877054095E0
3.434042387E1,-3.533841610E0,-4.922478676E0,-1.912967205E0
3.434237699E1,-3.627215624E0,-4.841075897E0,-1.917755604E0
3.434436063E1,-3.708618402E0,-4.759673119E0,-1.912967205E0
3.434634428E1,-3.780444384E0,-4.680664539E0,-1.915361404E0
3.434832792E1,-3.866635799E0,-4.632780075E0,-1.910573006E0
3.435028104E1,-3.971980572E0,-4.613626480E0,-1.886630893E0
3.435229520E1,-4.043806553E0,-4.592078686E0,-1.867477298E0
3.435424833E1,-4.089296341E0,-4.563348293E0,-1.857900500E0
3.435620145E1,-4.118026733E0,-4.520252705E0,-1.850717902E0
3.435818510E1,-4.153939724E0,-4.491522312E0,-1.836352706E0
3.436016874E1,-4.216189384E0,-4.493916512E0,-1.793257117E0
3.436212186E1,-4.288015366E0,-4.527435303E0,-1.721431017E0
3.436410551E1,-4.333505154E0,-4.582501888E0,-1.630451322E0
3.436608915E1,-4.345476151E0,-4.627991676E0,-1.517923832E0
3.436807279E1,-4.323928356E0,-4.654327869E0,-1.405396342E0
3.437002592E1,-4.264073372E0,-4.647145271E0,-1.321599364E0
3.437204008E1,-4.206612587E0,-4.632780075E0,-1.259350061E0
3.437399320E1,-4.168305397E0,-4.644751072E0,-1.194706678E0
3.437597684E1,-4.127603531E0,-4.654327869E0,-1.127668977E0
3.437796049E1,-4.079719543E0,-4.661510944E0,-1.074996591E0
3.437997465E1,-4.034229755E0,-4.668693542E0,-1.039083481E0
3.438189725E1,-3.976768970E0,-4.671087742E0,-9.959878922E-1
3.438391141E1,-3.919308186E0,-4.671087742E0,-9.337386489E-1
3.438586454E1,-3.883395195E0,-4.685452938E0,-8.882488012E-1
3.438784818E1,-3.871424198E0,-4.718971729E0,-8.595184088E-1
3.438983182E1,-3.871424198E0,-4.754884720E0,-8.379706144E-1
3.439181547E1,-3.890577793E0,-4.774038315E0,-8.164227605E-1
3.439373808E1,-3.907337189E0,-4.781220913E0,-7.876923680E-1
3.439575224E1,-3.936067581E0,-4.776432514E0,-7.206547260E-1
3.439770536E1,-3.991134167E0,-4.778826714E0,-5.602431893E-1
3.439968900E1,-4.043806553E0,-4.786009312E0,-3.950432837E-1
3.440167265E1,-3.955221176E0,-4.783615112E0,-4.788403511E-1
3.440365629E1,-3.756502390E0,-4.776432514E0,-6.416460276E-1
3.440557890E1,-3.572149038E0,-4.778826714E0,-7.110779285E-1
3.440759306E1,-3.450044632E0,-4.783615112E0,-6.775590777E-1
3.440954618E1,-3.406949043E0,-4.793191910E0,-6.272808313E-1
3.441152982E1,-3.397372246E0,-4.812345505E0,-5.985504389E-1
3.441351346E1,-3.387795448E0,-4.836287498E0,-5.650315881E-1
3.441549711E1,-3.361459255E0,-4.857835293E0,-5.315127969E-1
3.441741972E1,-3.303998232E0,-4.867412090E0,-5.003881454E-1
3.441943388E1,-3.224989653E0,-4.888959885E0,-4.501099288E-1
3.442141752E1,-3.131615877E0,-4.927267075E0,-3.878606856E-1
3.442340116E1,-3.050212860E0,-4.975151062E0,-3.351882398E-1
3.442532377E1,-2.978386879E0,-5.025429249E0,-3.088520169E-1
3.442733793E1,-2.913743496E0,-5.080495834E0,-3.016694188E-1
3.442929105E1,-2.832340717E0,-5.128379822E0,-2.657563984E-1
3.443127470E1,-2.729389906E0,-5.171475887E0,-1.843535304E-1
3.443325834E1,-2.585737944E0,-5.221754074E0,-5.985504389E-2
3.443524198E1,-2.509123325E0,-5.250484467E0,1.675941236E-2
3.443719511E1,-2.358288765E0,-5.300762653E0,1.723825186E-1
3.443920927E1,-2.190694571E0,-5.351040840E0,3.351882398E-1
3.444119291E1,-2.008735180E0,-5.418078423E0,5.195417404E-1
3.444317655E1,-1.841141105E0,-5.497087002E0,7.015010715E-1
3.444509916E1,-1.726219416E0,-5.590460777E0,8.690952063E-1
3.444711332E1,-1.649604917E0,-5.693411827E0,1.010353088E0
3.444906644E1,-1.558625340E0,-5.798756599E0,1.165976286E0
3.445105009E1,-1.417367458E0,-5.896918774E0,1.364694953E0
3.445303373E1,-1.230619669E0,-5.992686749E0,1.616086125E0
3.445501737E1,-1.053448796E0,-6.114790916E0,1.905784607E0
3.445697050E1,-8.954314590E-1,-6.239289761E0,2.212242365E0
3.445898466E1,-7.422025204E-1,-6.347028732E0,2.506729126E0
3.446093778E1,-5.889736414E-1,-6.464344501E0,2.779668093E0
3.446292142E1,-4.836287498E-1,-6.615179062E0,3.062183857E0
3.446487455E1,-3.974374831E-1,-6.799532890E0,3.361459255E0
3.446688871E1,-2.657563984E-1,-6.974309444E0,3.696647406E0
3.446884183E1,-1.101332754E-1,-7.129932880E0,4.060565948E0
3.447082548E1,2.154781483E-2,-7.311892033E0,4.450820923E0
3.447280912E1,7.661445439E-2,-7.546523571E0,4.848258495E0
3.447479276E1,8.379705995E-2,-7.841010571E0,5.233725071E0
3.447671537E1,1.101332754E-1,-8.176198959E0,5.619191170E0
3.447872953E1,1.987187415E-1,-8.523358345E0,6.014234543E0
3.448068266E1,3.734954596E-1,-8.858546257E0,6.435614109E0
3.448266630E1,5.722141862E-1,-9.232041359E0,6.900089264E0
3.448464994E1,7.541735172E-1,-9.682151794E0,7.424419403E0
3.448663358E1,9.074024558E-1,-1.020887566E1,7.972691536E0
3.448858671E1,1.098938584E0,-1.078348446E1,8.537723541E0
3.449060087E1,1.369483352E0,-1.136767006E1,9.155426979E0
3.449255399E1,1.716642618E0,-1.199255657E1,9.811438560E0
3.449453764E1,2.092532396E0,-1.268208599E1,1.051054573E1
3.449652128E1,2.506729126E0,-1.341231823E1,1.126950741E1
3.449850492E1,2.923320293E0,-1.418564510E1,1.193030739E1
3.450045804E1,3.270479441E0,-1.503079796E1,1.244027233E1
3.450244169E1,3.581725836E0,-1.592622948E1,1.288798809E1
3.450442533E1,3.945644379E0,-1.680250740E1,1.319444561E1
3.450640897E1,4.333505154E0,-1.765723801E1,1.337401104E1
3.450836210E1,4.683058739E0,-1.849999619E1,1.352723980E1
3.451037626E1,5.039794445E0,-1.931402588E1,1.371638107E1
3.451232938E1,5.394136429E0,-2.005383301E1,1.390073490E1
3.451431303E1,5.772420406E0,-2.068111420E1,1.405635834E1
3.451623563E1,6.095637321E0,-2.123178101E1,1.426944256E1
3.451824979E1,6.284779549E0,-2.167710304E1,1.448252583E1
3.452023344E1,6.416460514E0,-2.197398376E1,1.465251446E1
3.452221708E1,6.528987885E0,-2.209129906E1,1.481053162E1
3.452417020E1,6.588842869E0,-2.200031853E1,1.489672279E1
3.452618436E1,6.562506676E0,-2.171301460E1,1.492784786E1
3.452813749E1,6.430825710E0,-2.131557846E1,1.494939518E1
3.453012113E1,6.241683960E0,-2.078645897E1,1.488954067E1
3.453210477E1,6.004657745E0,-2.014241982E1,1.471236992E1
3.453411893E1,5.738901615E0,-1.941697502E1,1.446337223E1
3.453607206E1,5.422866821E0,-1.865322495E1,1.414015484E1
3.453805570E1,5.097255230E0,-1.785356140E1,1.372595787E1
3.454003934E1,4.788403511E0,-1.703474426E1,1.325908947E1
3.454205350E1,4.486733913E0,-1.619916916E1,1.275870132E1
3.454400663E1,4.213795185E0,-1.534443855E1,1.219845772E1
3.454599027E1,3.931279182E0,-1.450646782E1,1.159751320E1
3.454794340E1,3.605667830E0,-1.370919895E1,1.100375080E1
3.454995756E1,3.248931646E0,-1.293347740E1,1.039562416E1
3.455191068E1,2.846705914E0,-1.217451572E1,9.746794701E0
3.455392484E1,2.396595955E0,-1.144188976E1,9.059659004E0
3.455587797E1,1.867477298E0,-1.076672459E1,8.350975990E0
3.455786161E1,1.254561663E0,-1.015859795E1,7.644686222E0
3.455984525E1,5.865794420E-1,-9.603142738E0,6.907271862E0
3.456182890E1,-1.244984865E-1,-9.097966194E0,6.117185116E0
3.456378202E1,-8.834604025E-1,-8.650250435E0,5.303156853E0
3.456576566E1,-1.678335428E0,-8.276755333E0,4.532223701E0
3.456771879E1,-2.497152328E0,-7.979874134E0,3.861847401E0
3.456970243E1,-3.294421434E0,-7.747636795E0,3.327940464E0
3.457168607E1,-3.993528366E0,-7.560888767E0,2.925714493E0
3.457370023E1,-4.541800499E0,-7.410054207E0,2.636016130E0
3.457565336E1,-4.982333660E0,-7.292738438E0,2.439691544E0
3.457763700E1,-5.374982834E0,-7.232883453E0,2.315192938E0
3.457962064E1,-5.707777023E0,-7.216124058E0,2.217030764E0
3.458163480E1,-5.868188381E0,-7.189787865E0,2.068590164E0
3.458358793E1,-5.868188381E0,-7.134721279E0,1.821987510E0
3.458560209E1,-5.774814606E0,-7.053318024E0,1.417367458E0
3.458752470E1,-5.621585369E0,-6.969521046E0,8.667010069E-1
3.458953886E1,-5.403713226E0,-6.888118267E0,2.394201756E-1
3.459152250E1,-5.130774021E0,-6.804321289E0,-4.692635238E-1
3.459350614E1,-4.814739704E0,-6.730101109E0,-1.280897856E0
3.459545927E1,-4.503493309E0,-6.732495308E0,-2.102109194E0
3.459747343E1,-4.232948780E0,-6.852205276E0,-2.782062292E0
3.459942655E1,-4.027047157E0,-7.084442616E0,-3.342305660E0
3.460144071E1,-3.892971992E0,-7.405265808E0,-3.854664803E0
3.460339384E1,-3.823540211E0,-7.797914982E0,-4.335899353E0
3.460540800E1,-3.780444384E0,-8.267178535E0,-4.800374508E0
3.460733060E1,-3.739742994E0,-8.516175270E0,-5.027823448E0
3.460934476E1,-3.569754839E0,-9.289502144E0,-5.791574001E0
3.461132841E1,-3.538630009E0,-9.569623947E0,-6.102819920E0
3.461331205E1,-3.569754839E0,-1.017775154E1,-6.866570473E0
3.461526517E1,-3.679888010E0,-1.083136845E1,-7.762001991E0
3.461727933E1,-3.792415380E0,-1.149456215E1,-8.607154846E0
3.461923246E1,-3.859453201E0,-1.212184334E1,-9.258378029E0
3.462121610E1,-3.897760391E0,-1.272757626E1,-9.686940193E0
3.462316923E1,-3.909731388E0,-1.329021358E1,-9.931148529E0
3.462518339E1,-3.828328609E0,-1.374032402E1,-1.010831928E1
3.462710599E1,-3.701435804E0,-1.408748245E1,-1.023760605E1
3.462912016E1,-3.634398222E0,-1.435802746E1,-1.025197124E1
3.463110380E1,-3.598485231E0,-1.455914021E1,-1.012747288E1
3.463305692E1,-3.552995205E0,-1.467885017E1,-9.876082420E0
3.463504057E1,-3.517082214E0,-1.475067711E1,-9.452308655E0
3.463702421E1,-3.485957623E0,-1.479856110E1,-8.913613319E0
3.463897733E1,-3.457227230E0,-1.481053162E1,-8.288725853E0
3.464096098E1,-3.478775024E0,-1.481532001E1,-7.675810814E0
3.464294462E1,-3.622427225E0,-1.483686829E1,-7.117961884E0
3.464489774E1,-3.811569214E0,-1.484883881E1,-6.603208065E0
3.464688138E1,-3.991134167E0,-1.483207989E1,-6.141127586E0
3.464889554E1,-4.122815132E0,-1.478898430E1,-5.686229229E0
3.465084867E1,-4.201824188E0,-1.470518684E1,-5.195417881E0
3.465283231E1,-4.261679173E0,-1.457590008E1,-4.582501888E0
3.465481596E1,-4.309563160E0,-1.443224812E1,-3.849876404E0
3.465679960E1,-4.278438568E0,-1.427423096E1,-2.987963676E0
3.465875272E1,-4.113238335E0,-1.411381912E1,-1.939303398E0
3.466073637E1,-3.809175014E0,-1.394861889E1,-7.230489254E-1
3.466272001E1,-3.363853455E0,-1.376665974E1,7.422025204E-1
3.466467313E1,-2.731784105E0,-1.355836391E1,2.523488522E0
3.466665678E1,-1.896207690E0,-1.326627159E1,4.469974518E0
3.466867094E1,-9.768342972E-1,-1.288559341E1,6.246472359E0
3.467062406E1,-1.125274822E-1,-1.243308926E1,7.572859764E0
3.467260770E1,5.889736414E-1,-1.193270111E1,8.324639320E0
3.467459135E1,1.108515382E0,-1.141555405E1,8.422801971E0
3.467657499E1,1.417367458E0,-1.093910789E1,7.915230751E0
3.467849760E1,1.458068848E0,-1.052969933E1,6.933608055E0
3.468051176E1,1.309628367E0,-1.018014526E1,5.631162167E0
3.468246488E1,1.065419793E0,-9.914389610E0,4.175487995E0
3.468444852E1,7.900865674E-1,-9.696516991E0,2.731784105E0
3.468643217E1,5.291185975E-1,-9.507374763E0,1.391031146E0
3.468841581E1,2.777273953E-1,-9.346963882E0,2.011129409E-1
3.469033842E1,4.070143029E-2,-9.174580574E0,-8.882488012E-1
3.469235258E1,-1.412578970E-1,-8.956708908E0,-1.898601890E0
3.469430570E1,-2.106897533E-1,-8.681375504E0,-2.791639090E0
3.469628934E1,-1.675941199E-1,-8.360552788E0,-3.462015629E0
3.469827299E1,-1.197100803E-2,-8.044517517E0,-3.861847401E0
3.470028715E1,2.944868207E-1,-7.718906403E0,-4.048594952E0
3.470224027E1,6.871358752E-1,-7.366958618E0,-4.146757126E0
3.470422391E1,1.060631394E0,-6.988674641E0,-4.235342979E0
3.470620756E1,1.355118155E0,-6.607996464E0,-4.292803764E0
3.470819120E1,1.570596337E0,-6.275202751E0,-4.326322556E0
3.471011381E1,1.742978811E0,-6.011840343E0,-4.371812344E0
3.471212797E1,1.874659896E0,-5.832275391E0,-4.417302132E0
3.471408109E1,1.896207690E0,-5.731719017E0,-4.424484730E0
3.471606474E1,1.774103403E0,-5.693411827E0,-4.343081951E0
3.471801786E1,1.508347034E0,-5.722142220E0,-4.216189384E0
3.472003202E1,1.139639974E0,-5.813121796E0,-4.158728123E0
3.472198515E1,7.517793179E-1,-5.949591160E0,-4.168305397E0
3.472396879E1,5.099649429E-1,-6.155492783E0,-4.101267338E0
3.472595243E1,3.806780577E-1,-6.428431511E0,-3.979163170E0
3.472793607E1,3.208230138E-1,-6.720524311E0,-4.017470360E0
3.472985868E1,2.896983922E-1,-7.036558628E0,-4.240131378E0
3.473187284E1,2.202665508E-1,-7.343016624E0,-4.493916512E0
3.473385648E1,1.484405100E-1,-7.603984833E0,-4.663905144E0
3.473584012E1,1.388636976E-1,-7.826645374E0,-4.752490520E0
3.473779325E1,1.819593310E-1,-8.063671112E0,-4.762067318E0
3.473977689E1,2.825157940E-1,-8.336610794E0,-4.711789131E0
3.474176054E1,4.237737060E-1,-8.626308441E0,-4.623203278E0
3.474371366E1,5.506663918E-1,-8.968679428E0,-4.544194698E0
3.474569730E1,6.847416759E-1,-9.346963882E0,-4.469974518E0
3.474771146E1,6.823474765E-1,-9.694122314E0,-4.242525578E0
3.474966459E1,4.932055473E-1,-9.993397713E0,-3.902548790E0
3.475164823E1,3.256114423E-1,-1.022802925E1,-3.600879431E0
3.475363187E1,2.777273953E-1,-1.040041256E1,-3.371036053E0
3.475561552E1,3.208230138E-1,-1.052251625E1,-3.162740469E0
3.475753812E1,3.615244627E-1,-1.056800652E1,-3.055001259E0
3.475955228E1,4.477157295E-1,-1.063743782E1,-2.825158119E0
3.476153593E1,5.506663918E-1,-1.069011021E1,-2.557007313E0
3.476351957E1,6.847416759E-1,-1.073081207E1,-2.274491549E0
3.476550321E1,8.523358107E-1,-1.076433086E1,-1.980004787E0
3.476751737E1,1.079784989E0,-1.079306126E1,-1.632845521E0
3.476947050E1,1.426944256E0,-1.080982113E1,-1.233013868E0
3.477145414E1,1.872265697E0,-1.083376312E1,-7.924807668E-1
3.477343778E1,2.312798738E0,-1.085531044E1,-3.160346150E-1
3.477542142E1,2.724601507E0,-1.085531044E1,1.532289088E-1
3.477737455E1,3.088520288E0,-1.084573364E1,6.177040339E-1
3.477935819E1,3.409343243E0,-1.083615685E1,1.094150186E0
3.478134183E1,3.758896589E0,-1.083615685E1,1.510741234E0
3.478329496E1,4.144362926E0,-1.083855152E1,1.826775908E0
3.478527860E1,4.491522312E0,-1.085052204E1,2.102109194E0
3.478729276E1,4.776432514E0,-1.087925243E1,2.348711967E0
3.478924589E1,5.013458252E0,-1.089601231E1,2.499546528E0
3.479122953E1,5.185841084E0,-1.089122391E1,2.540247917E0
3.479318266E1,5.255272865E0,-1.086967564E1,2.557007313E0
3.479519682E1,5.243301868E0,-1.083615685E1,2.602497339E0
3.479714994E1,5.188235283E0,-1.077630138E1,2.643198729E0
3.479913358E1,5.106832027E0,-1.068292809E1,2.647987127E0
3.480108671E1,4.996698856E0,-1.057279491E1,2.631227732E0
3.480310087E1,4.850652695E0,-1.048181534E1,2.636016130E0
3.480505399E1,4.666299343E0,-1.041477776E1,2.664746523E0
3.480703764E1,4.419696331E0,-1.035492229E1,2.703053713E0
3.480902128E1,4.103661537E0,-1.029027843E1,2.715024710E0
3.481100492E1,3.751713991E0,-1.023760605E1,2.679111719E0
3.481292753E1,3.378218651E0,-1.021605873E1,2.636016130E0
3.481494169E1,3.009511471E0,-1.021605873E1,2.619256735E0
3.481692533E1,2.657563925E0,-1.020169353E1,2.616862535E0
3.481890897E1,2.329558372E0,-1.015859795E1,2.585737944E0
3.482089262E1,1.984793186E0,-1.009395409E1,2.530671120E0
3.482287626E1,1.611297727E0,-1.001494598E1,2.475604534E0
3.482482938E1,1.211466074E0,-9.919178009E0,2.391807556E0
3.482681303E1,7.900865674E-1,-9.823410034E0,2.269703150E0
3.482879667E1,3.591302633E-1,-9.763554573E0,2.140416384E0
3.483078031E1,-5.746084079E-2,-9.742006302E0,2.056619167E0
3.483270292E1,-4.860229492E-1,-9.758766174E0,1.999158382E0
3.483471708E1,-9.481038451E-1,-9.763554573E0,1.934514999E0
3.483667020E1,-1.417367458E0,-9.751583099E0,1.826775908E0
3.483865385E1,-1.826775908E0,-9.744400978E0,1.656787634E0
3.484057645E1,-2.130839586E0,-9.737217903E0,1.453280449E0
3.484259061E1,-2.296039343E0,-9.720458984E0,1.266532660E0
3.484454374E1,-2.353500366E0,-9.665391922E0,1.177947283E0
3.484652738E1,-2.439691544E0,-9.576807022E0,1.182735682E0
3.484851102E1,-2.686294317E0,-9.488221169E0,1.218648672E0
3.485049467E1,-3.040636063E0,-9.430760384E0,1.278503656E0
3.485244779E1,-3.375824451E0,-9.387664795E0,1.340752959E0
3.485446195E1,-3.653551817E0,-9.332598686E0,1.431732655E0
3.485644559E1,-3.859453201E0,-9.275136948E0,1.529894829E0
3.485842924E1,-3.962403774E0,-9.210494041E0,1.601720929E0
3.486035184E1,-3.993528366E0,-9.148244858E0,1.654393315E0
3.486236600E1,-3.962403774E0,-9.095572472E0,1.709460020E0
3.486431913E1,-3.854664803E0,-9.018958092E0,1.726219416E0
3.486630277E1,-3.670311213E0,-8.916007042E0,1.620874524E0
3.486828641E1,-3.483563423E0,-8.808267593E0,1.417367458E0
3.487027006E1,-3.323152065E0,-8.700529099E0,1.142034173E0
3.487222318E1,-3.169923067E0,-8.607154846E0,7.972691655E-1
3.487423734E1,-3.021482468E0,-8.530540466E0,4.668693244E-1
3.487622098E1,-2.911349297E0,-8.463502884E0,2.130839527E-1
3.487820463E1,-2.817975283E0,-8.410830498E0,-4.788403399E-3
3.488018827E1,-2.715024710E0,-8.391676903E0,-2.250549644E-1
3.488220243E1,-2.566584110E0,-8.398859978E0,-3.878606856E-1
3.488412504E1,-2.375048161E0,-8.403648376E0,-4.692635238E-1
3.488613920E1,-2.173935175E0,-8.384494781E0,-4.453215301E-1
3.488809232E1,-1.939303398E0,-8.336610794E0,-3.088520169E-1
3.489004545E1,-1.668758631E0,-8.307879448E0,-1.244984865E-1
3.489202909E1,-1.369483352E0,-8.303091049E0,5.027823523E-2
3.489404325E1,-1.031900883E0,-8.298302650E0,2.082955539E-1
3.489599638E1,-6.895300746E-1,-8.322244644E0,3.256114423E-1
3.489798002E1,-3.375824392E-1,-8.358158112E0,3.902548850E-1
3.489996366E1,7.182605099E-3,-8.410830498E0,4.213795066E-1
3.490197782E1,3.351882398E-1,-8.485051155E0,4.357447028E-1
3.490390043E1,6.727706790E-1,-8.540117264E0,4.357447028E-1
3.490591459E1,9.935936928E-1,-8.607154846E0,3.974374831E-1
3.490786771E1,1.268926859E0,-8.669404030E0,3.112462163E-1
3.490985136E1,1.532289028E0,-8.729259491E0,2.106897533E-1
3.491180448E1,1.800439715E0,-8.791508675E0,1.053448766E-1
3.491381864E1,2.056619167E0,-8.844181061E0,-1.436521020E-2
3.491577177E1,2.181117773E0,-8.865729332E0,-6.943184882E-2
3.491775541E1,2.415749550E0,-8.906430244E0,-1.747767180E-1
3.491970853E1,2.631227732E0,-8.927978516E0,-2.849099934E-1
3.492172269E1,2.825158119E0,-8.937555313E0,-4.022258818E-1
3.492367582E1,2.971204281E0,-8.951920509E0,-5.075707436E-1
3.492565946E1,3.074155092E0,-8.963891029E0,-5.889736414E-1
3.492764310E1,3.150769472E0,-8.987833023E0,-6.584054828E-1
3.492962675E1,3.203441858E0,-9.014169693E0,-7.158663273E-1
3.493154935E1,3.217807055E0,-9.026140213E0,-7.709329724E-1
3.493356351E1,3.174711466E0,-9.040505409E0,-8.259995580E-1
3.493551664E1,3.098097086E0,-9.038111687E0,-8.762778044E-1
3.493750028E1,3.014299870E0,-8.999804497E0,-9.241618514E-1
3.493945341E1,2.920926094E0,-8.961497307E0,-9.624691010E-1
3.494146757E1,2.803610086E0,-8.942343712E0,-9.935936928E-1
3.494342069E1,2.652775526E0,-8.927978516E0,-1.007958889E0
3.494540433E1,2.480392933E0,-8.906430244E0,-1.027112484E0
3.494738798E1,2.293645144E0,-8.882488251E0,-1.058237195E0
3.494937162E1,2.109291792E0,-8.863334656E0,-1.094150186E0
3.495129423E1,1.922544003E0,-8.841787338E0,-1.132457376E0
3.495330839E1,1.723825216E0,-8.829815865E0,-1.158793569E0
3.495526151E1,1.522712231E0,-8.825027466E0,-1.175553083E0
3.495724516E1,1.338358760E0,-8.827422142E0,-1.199495077E0
3.495919828E1,1.158793569E0,-8.829815865E0,-1.223437071E0
3.496121244E1,9.888052940E-1,-8.832210541E0,-1.256955862E0
3.496313505E1,8.331822157E-1,-8.825027466E0,-1.292868972E0
3.496514921E1,6.823474765E-1,-8.813055992E0,-1.319205165E0
3.496710233E1,5.458779931E-1,-8.808267593E0,-1.350329757E0
3.496905546E1,4.309563041E-1,-8.791508675E0,-1.388636947E0
3.497103910E1,3.232172430E-1,-8.767566681E0,-1.431732655E0
3.497302274E1,2.154781520E-1,-8.753201485E0,-1.467645645E0
3.497497587E1,1.077390760E-1,-8.748413086E0,-1.486799240E0
3.497695951E1,2.154781483E-2,-8.750806808E0,-1.491587639E0
3.497894315E1,-4.548983276E-2,-8.757989883E0,-1.496376038E0
3.498095731E1,-9.337386489E-2,-8.772355080E0,-1.513135433E0
3.498287992E1,-1.221042871E-1,-8.786720276E0,-1.553836942E0
3.498489408E1,-1.556231081E-1,-8.791508675E0,-1.599326730E0
3.498684721E1,-1.819593310E-1,-8.781931877E0,-1.647210717E0
3.498883085E1,-1.963245422E-1,-8.772355080E0,-1.695094824E0
3.499078397E1,-2.154781520E-1,-8.769960403E0,-1.738190413E0
3.499276762E1,-2.202665508E-1,-8.769960403E0,-1.776497602E0
3.499475126E1,-2.130839527E-1,-8.774748802E0,-1.802833915E0
3.499676542E1,-1.987187415E-1,-8.786720276E0,-1.821987510E0
3.499871854E1,-1.723825186E-1,-8.798690796E0,-1.850717902E0
3.500070219E1,-1.460463107E-1,-8.817844391E0,-1.867477298E0
3.500265531E1,-1.340752989E-1,-8.848969460E0,-1.879448295E0
3.500466947E1,-1.221042871E-1,-8.872911453E0,-1.896207690E0
3.500662260E1,-8.858546615E-2,-8.884882927E0,-1.893813491E0
3.500863676E1,-4.309562966E-2,-8.899248123E0,-1.886630893E0
3.501058988E1,7.182605099E-3,-8.908824921E0,-1.898601890E0
3.501257352E1,4.788403213E-2,-8.906430244E0,-1.912967205E0
3.501452665E1,7.182604820E-2,-8.892065048E0,-1.922544003E0
3.501654081E1,1.005564705E-1,-8.880094528E0,-1.924938202E0
3.501849393E1,1.173158810E-1,-8.868123055E0,-1.915361404E0
3.502047758E1,1.221042871E-1,-8.865729332E0,-1.908178806E0
3.502246122E1,1.101332754E-1,-8.863334656E0,-1.889025092E0
3.502444486E1,8.619125932E-2,-8.868123055E0,-1.874659896E0
3.502639799E1,5.746084079E-2,-8.887276649E0,-1.879448295E0
3.502841215E1,2.873042040E-2,-8.916007042E0,-1.867477298E0
3.503036527E1,-1.675941236E-2,-8.951920509E0,-1.831564307E0
3.503234891E1,-7.900865376E-2,-9.004592896E0,-1.764526606E0
3.503430204E1,-1.484405100E-1,-9.064447403E0,-1.690306425E0
3.503631620E1,-2.346317619E-1,-9.124302864E0,-1.613691926E0
3.503826932E1,-3.256114423E-1,-9.200917244E0,-1.525106430E0
3.504025297E1,-4.189853072E-1,-9.275136948E0,-1.412579060E0
3.504223661E1,-5.171475410E-1,-9.344569206E0,-1.285686255E0
3.504422025E1,-6.224924326E-1,-9.416395187E0,-1.161187768E0
3.504614286E1,-7.278373241E-1,-9.490615845E0,-1.055842996E0
3.504815702E1,-8.140285611E-1,-9.569623947E0,-9.504981041E-1
3.505011015E1,-8.906430602E-1,-9.641449928E0,-8.188169599E-1
3.505209379E1,-9.744400978E-1,-9.718064308E0,-7.110779285E-1
3.505407743E1,-1.043871999E0,-9.785101891E0,-6.464344859E-1
3.505609159E1,-1.115697980E0,-9.844957352E0,-5.985504389E-1
3.505804472E1,-1.156399369E0,-9.873687744E0,-5.698199868E-1
3.506002836E1,-1.247379065E0,-9.964667320E0,-4.668693244E-1
3.506201200E1,-1.264138460E0,-9.998186111E0,-4.333505034E-1
3.506399564E1,-1.302445769E0,-1.007240677E1,-3.758896589E-1
3.506591825E1,-1.321599364E0,-1.014902115E1,-3.184288144E-1
3.506793241E1,-1.328781962E0,-1.022084713E1,-2.681505978E-1
3.506988554E1,-1.343147159E0,-1.028549004E1,-2.418143749E-1
3.507186918E1,-1.347935557E0,-1.034774017E1,-2.274491638E-1
3.507385282E1,-1.345541358E0,-1.041238308E1,-2.274491638E-1
3.507583646E1,-1.323993564E0,-1.049378586E1,-2.346317619E-1
3.507778959E1,-1.273715258E0,-1.058955383E1,-2.322375625E-1
3.507980375E1,-1.213860273E0,-1.068053341E1,-2.226607651E-1
3.508175687E1,-1.146822572E0,-1.077630138E1,-2.226607651E-1
3.508374052E1,-1.074996591E0,-1.086967564E1,-2.322375625E-1
3.508572416E1,-1.005564690E0,-1.095107841E1,-2.537853718E-1
3.508770780E1,-9.289502501E-1,-1.101572227E1,-2.968810201E-1
3.508966093E1,-8.403648138E-1,-1.105642319E1,-3.711012602E-1
3.509167509E1,-7.445967197E-1,-1.107078838E1,-4.405331016E-1
3.509362821E1,-6.655880809E-1,-1.106599998E1,-4.908113480E-1
3.509561185E1,-6.009446383E-1,-1.104684639E1,-5.219359994E-1
3.509756498E1,-5.267243981E-1,-1.100135708E1,-5.530605912E-1
3.509957914E1,-4.644751251E-1,-1.094389629E1,-5.674257874E-1
3.510150175E1,-4.070142806E-1,-1.087207031E1,-5.554547906E-1
3.510351591E1,-3.447650373E-1,-1.079066753E1,-5.339069963E-1
3.510549955E1,-2.920926213E-1,-1.069968700E1,-5.099649429E-1
3.510748319E1,-2.609679997E-1,-1.060152531E1,-4.620809257E-1
3.510940580E1,-2.537853718E-1,-1.052012253E1,-3.734954596E-1
3.511141996E1,-2.633621991E-1,-1.045547867E1,-2.394201756E-1
3.511340360E1,-2.944868207E-1,-1.041238308E1,-8.140286058E-2
3.511538724E1,-3.567360640E-1,-1.039322948E1,1.101332754E-1
3.511730985E1,-4.405331016E-1,-1.039801788E1,3.256114423E-1
3.511932401E1,-5.386953950E-1,-1.042195988E1,5.698199868E-1
3.512127714E1,-6.416460276E-1,-1.045547867E1,8.499416113E-1
3.512326078E1,-7.374141216E-1,-1.051054573E1,1.151610970E0
3.512524442E1,-8.164227605E-1,-1.057040024E1,1.422155857E0
3.512722807E1,-8.331822157E-1,-1.062546730E1,1.644816518E0
3.512915067E1,-7.829039693E-1,-1.066377449E1,1.821987510E0
3.513116483E1,-6.655880809E-1,-1.069250488E1,1.932120800E0
3.513314848E1,-4.812345505E-1,-1.072123528E1,1.972822189E0
3.513513212E1,-2.466027737E-1,-1.075954247E1,1.958456993E0
3.513705472E1,3.112462163E-2,-1.080982113E1,1.900996208E0
3.513906888E1,3.519476354E-1,-1.086009884E1,1.771709204E0
3.514102201E1,6.895300746E-1,-1.091277122E1,1.563413739E0
3.514300565E1,1.031900883E0,-1.098459721E1,1.326387763E0
3.514498930E1,1.388636947E0,-1.107557678E1,1.079784989E0
3.514700346E1,1.731007814E0,-1.117134476E1,8.331822157E-1
3.514895658E1,2.042253971E0,-1.126711273E1,5.817909837E-1
3.515094022E1,2.319981337E0,-1.135569859E1,3.423708379E-1
3.515292387E1,2.583343744E0,-1.145146656E1,1.436520964E-1
3.515493803E1,2.829946518E0,-1.155681133E1,0.000000000E0
3.515689115E1,3.071760893E0,-1.166215611E1,-1.197100878E-1
3.515887479E1,3.306392431E0,-1.177229023E1,-2.011129409E-1
3.516085844E1,3.517082214E0,-1.188960552E1,-2.154781520E-1
3.516284208E1,3.691859007E0,-1.200452709E1,-1.460463107E-1
3.516479520E1,3.845088005E0,-1.212184334E1,4.788403399E-3
3.516680936E1,3.983951569E0,-1.227028370E1,2.082955539E-1
3.516876249E1,4.106055737E0,-1.243787766E1,4.429273009E-1
3.517074613E1,4.189853191E0,-1.262462521E1,7.038952708E-1
3.517272977E1,4.206612587E0,-1.283292103E1,1.003170490E0
3.517471342E1,4.158728123E0,-1.304361057E1,1.314416766E0
3.517666654E1,4.053383350E0,-1.327105999E1,1.640028119E0
3.517868070E1,3.873818398E0,-1.351047993E1,1.984793186E0
3.518063383E1,3.636792421E0,-1.376187134E1,2.336740971E0
3.518261747E1,3.371036053E0,-1.400607967E1,2.669534922E0
3.518460111E1,3.093308687E0,-1.421916389E1,2.968810081E0
3.518655424E1,2.817975283E0,-1.440830612E1,3.234566450E0
3.518853788E1,2.533065319E0,-1.459744740E1,3.469198227E0
3.519055204E1,2.252943754E0,-1.475546551E1,3.687070608E0
3.519250516E1,1.994369984E0,-1.488714600E1,3.900154591E0
3.519451932E1,1.764526606E0,-1.499009705E1,4.098873138E0
3.519647245E1,1.553836942E0,-1.507149982E1,4.283226967E0
3.519848661E1,1.376665950E0,-1.512896061E1,4.455609322E0
3.520043974E1,1.223437071E0,-1.516247940E1,4.627991676E0
3.520242338E1,1.101332784E0,-1.515290260E1,4.800374508E0
3.520440702E1,1.003170490E0,-1.511459541E1,4.975151062E0
3.520639066E1,9.050082564E-1,-1.506431675E1,5.137956619E0
3.520831327E1,7.781155705E-1,-1.499249077E1,5.295974255E0
3.521032743E1,6.536170840E-1,-1.493742466E1,5.470750809E0
3.521228056E1,5.339069963E-1,-1.493024158E1,5.640739441E0
3.521429472E1,4.070142806E-1,-1.497812557E1,5.791574001E0
3.521624784E1,2.801215947E-1,-1.505713463E1,5.944802761E0
3.521826200E1,1.843535304E-1,-1.517205620E1,6.098031521E0
3.522021512E1,1.532289088E-1,-1.524388218E1,6.172252178E0
3.522219877E1,1.125274822E-1,-1.550485039E1,6.375759125E0
3.522418241E1,1.101332754E-1,-1.559582996E1,6.426037312E0
3.522616605E1,1.101332754E-1,-1.577060699E1,6.481103897E0
3.522811918E1,1.125274822E-1,-1.592144108E1,6.478709698E0
3.523013334E1,1.101332754E-1,-1.604833412E1,6.461950302E0
3.523208646E1,9.337386489E-2,-1.614170837E1,6.452373505E0
3.523407011E1,5.027823523E-2,-1.620156288E1,6.442796707E0
3.523602323E1,-3.591302410E-2,-1.623029327E1,6.421248913E0
3.523803739E1,-1.532289088E-1,-1.622550583E1,6.354211330E0
3.523999052E1,-2.825157940E-1,-1.618959236E1,6.236895561E0
3.524197416E1,-4.261679053E-1,-1.611297798E1,6.074089527E0
3.524395780E1,-5.698199868E-1,-1.600045013E1,5.889736176E0
3.524594144E1,-7.038952708E-1,-1.586398029E1,5.702988625E0
3.524789457E1,-8.188169599E-1,-1.570117474E1,5.525817394E0
3.524990873E1,-9.050082564E-1,-1.552160931E1,5.310339451E0
3.525186185E1,-9.792284966E-1,-1.531091976E1,5.006275654E0
3.525387601E1,-1.036689281E0,-1.507389355E1,4.608838081E0
3.525582914E1,-1.072602391E0,-1.481292629E1,4.151545525E0
3.525784330E1,-1.096544385E0,-1.452562141E1,3.655946016E0
3.525979642E1,-1.098938584E0,-1.422634697E1,3.126827478E0
3.526178007E1,-1.089361787E0,-1.392228317E1,2.583343744E0
3.526376371E1,-1.072602391E0,-1.362300777E1,2.070984364E0
3.526571683E1,-1.036689281E0,-1.333809757E1,1.575384736E0
3.526770048E1,-9.911994934E-1,-1.305797577E1,1.091755986E0
3.526971464E1,-9.648633003E-1,-1.279461384E1,6.344634295E-1
3.527166776E1,-9.528923035E-1,-1.253604031E1,2.178723514E-1
3.527365140E1,-9.983820915E-1,-1.229422569E1,-1.675941199E-1
3.527560453E1,-1.077390790E0,-1.208114147E1,-5.315127969E-1
3.527761869E1,-1.156399369E0,-1.191115379E1,-8.906430602E-1
3.527954130E1,-1.268926859E0,-1.176510715E1,-1.235408068E0
3.528155546E1,-1.446097851E0,-1.165736771E1,-1.522712231E0
3.528353910E1,-1.647210717E0,-1.157357121E1,-1.774103403E0
3.528552274E1,-1.843535304E0,-1.152089882E1,-2.027888775E0
3.528747587E1,-2.042253971E0,-1.148977375E1,-2.298433542E0
3.528945951E1,-2.217030764E0,-1.146822643E1,-2.564189911E0
3.529144315E1,-2.415749550E0,-1.146583176E1,-2.798821688E0
3.529345731E1,-2.624045134E0,-1.150892735E1,-2.992752075E0
3.529541044E1,-2.774879694E0,-1.158314800E1,-3.131615877E0
3.529739408E1,-2.837129116E0,-1.166455078E1,-3.236960649E0
3.529934721E1,-2.863465309E0,-1.175074196E1,-3.323152065E0
3.530136137E1,-2.868253708E0,-1.185129833E1,-3.409343243E0
3.530331449E1,-2.892195702E0,-1.196861458E1,-3.519476414E0
3.530532865E1,-2.971204281E0,-1.209550667E1,-3.639186621E0
3.530731229E1,-3.076549292E0,-1.221042824E1,-3.770867586E0
3.530929594E1,-3.181894064E0,-1.230619717E1,-3.955221176E0
3.531124906E1,-3.263296843E0,-1.238281155E1,-4.170699596E0
3.531323270E1,-3.359065056E0,-1.244027233E1,-4.362235546E0
3.531521635E1,-3.473986626E0,-1.245703125E1,-4.479551315E0
3.531719999E1,-3.648763418E0,-1.243308926E1,-4.582501888E0
3.531915311E1,-3.835511208E0,-1.237323475E1,-4.750096321E0
3.532116727E1,-3.885789394E0,-1.229662037E1,-4.953603268E0
3.532312040E1,-3.835511208E0,-1.219606304E1,-5.073313236E0
3.532510404E1,-3.785232782E0,-1.207395935E1,-5.061342239E0
3.532708768E1,-3.761290789E0,-1.193270111E1,-5.023035049E0
3.532907133E1,-3.749319792E0,-1.176271248E1,-5.013458252E0
3.533102445E1,-3.744531393E0,-1.157357121E1,-4.989516258E0
3.533300809E1,-3.742137194E0,-1.137006378E1,-4.970362663E0
3.533499174E1,-3.663128614E0,-1.112106705E1,-4.982333660E0
3.533694486E1,-3.464409828E0,-1.086249352E1,-4.958391666E0
3.533892850E1,-3.177105665E0,-1.065898609E1,-4.886565685E0
3.534094266E1,-2.786850691E0,-1.049378586E1,-4.800374508E0
3.534289579E1,-2.339135170E0,-1.033337498E1,-4.726154327E0
3.534487943E1,-1.795651317E0,-1.017296314E1,-4.656722069E0
3.534686308E1,-1.156399369E0,-1.004128170E1,-4.651933670E0
3.534884672E1,-5.027823448E-1,-9.923966408E0,-4.659116745E0
3.535079984E1,0.000000000E0,-9.828198433E0,-4.414907932E0
3.535278348E1,1.244984865E-1,-9.813833237E0,-3.928884983E0
3.535476713E1,9.576806426E-2,-9.888052940E0,-3.445256233E0
3.535678129E1,5.506663769E-2,-9.995792389E0,-3.019088268E0
3.535873441E1,-4.548983276E-2,-1.008677197E1,-2.645592928E0
3.536074857E1,-2.274491638E-1,-1.019690514E1,-2.207453966E0
3.536270170E1,-4.620809257E-1,-1.033098030E1,-1.628057122E0
3.536468534E1,-5.817909837E-1,-1.048181534E1,-9.983820915E-1
3.536666898E1,-5.075707436E-1,-1.061828423E1,-4.501099288E-1
3.536865262E1,-3.758896589E-1,-1.076433086E1,-6.703764945E-2
3.537060575E1,-2.633621991E-1,-1.095107841E1,5.985504389E-2
3.537261991E1,-1.053448766E-1,-1.112346077E1,1.292868853E-1
3.537457304E1,1.316810995E-1,-1.122162342E1,4.740519226E-1
3.537655668E1,4.165911078E-1,-1.125035381E1,1.048660398E0
3.537854032E1,7.781155705E-1,-1.124556541E1,1.525106430E0
3.538052396E1,1.168370485E0,-1.121922874E1,1.786074519E0
3.538244657E1,1.498770237E0,-1.116895103E1,1.877054095E0
3.538446073E1,1.742978811E0,-1.109951878E1,1.920149803E0
3.538641386E1,1.879448295E0,-1.100853920E1,1.984793186E0
3.538839750E1,1.862688899E0,-1.093671322E1,2.092532396E0
3.539038114E1,1.721431017E0,-1.091037750E1,2.255337954E0
3.539239530E1,1.541865945E0,-1.089601231E1,2.444479942E0
3.539434843E1,1.314416766E0,-1.088404083E1,2.530671120E0
3.539633207E1,9.552865028E-1,-1.088164711E1,2.377442360E0
3.539831571E1,7.469909191E-1,-1.083615685E1,2.183511972E0
3.540029935E1,7.996633649E-1,-1.078587818E1,2.061407566E0
3.540225248E1,8.714894056E-1,-1.078108978E1,1.991975784E0
3.540426664E1,9.648633003E-1,-1.084573364E1,1.805228114E0
3.540621976E1,8.954314590E-1,-1.086728191E1,1.754949808E0
3.540820341E1,6.560112834E-1,-1.087685871E1,1.661576033E0
3.541018705E1,4.237737060E-1,-1.086009884E1,1.649604917E0
3.541220121E1,2.418143749E-1,-1.082897472E1,1.735796213E0
3.541415433E1,1.029506698E-1,-1.076193619E1,1.771709204E0
3.541613798E1,-2.394201700E-3,-1.068771648E1,1.656787634E0
3.541812162E1,-9.097966552E-2,-1.062786102E1,1.405396342E0
3.542010526E1,-1.915361285E-1,-1.055842972E1,1.115697980E0
3.542202787E1,-3.136404157E-1,-1.049378586E1,8.810662031E-1
3.542404203E1,-4.429273009E-1,-1.042435455E1,6.919242740E-1
3.542599516E1,-5.650315881E-1,-1.035971069E1,5.003881454E-1
3.542797880E1,-6.919242740E-1,-1.031182671E1,3.160346150E-1
3.542996244E1,-8.307880163E-1,-1.026873112E1,1.388636976E-1
3.543197660E1,-9.816226959E-1,-1.023760605E1,-1.436521020E-2
3.543392972E1,-1.065419793E0,-1.017775154E1,-1.053448766E-1
3.543591337E1,-1.048660398E0,-1.006282997E1,-1.436520964E-1
3.543789701E1,-9.409212470E-1,-9.888052940E0,-1.819593310E-1
3.543988065E1,-7.876923680E-1,-9.667786598E0,-2.346317619E-1
3.544183378E1,-6.464344859E-1,-9.473855972E0,-3.303998411E-1
3.544384794E1,-5.147533417E-1,-9.325415611E0,-4.548983276E-1
3.544580106E1,-4.309563041E-1,-9.200917244E0,-5.961562395E-1
3.544778471E1,-3.734954596E-1,-9.066842079E0,-7.637503147E-1
3.544973783E1,-3.160346150E-1,-8.932766914E0,-9.600749016E-1
3.545175199E1,-2.633621991E-1,-8.803479195E0,-1.168370485E0
3.545370512E1,-1.699883193E-1,-8.686163902E0,-1.381454349E0
3.545568876E1,-3.112462163E-2,-8.599972725E0,-1.532289028E0
3.545767240E1,1.436521020E-2,-8.540117264E0,-1.357512355E0
3.545965604E1,-1.460463107E-1,-8.494627953E0,-8.810662031E-1
3.546160917E1,-4.094084799E-1,-8.425195694E0,-4.525041282E-1
3.546362333E1,-6.536170840E-1,-8.324639320E0,-3.208230138E-1
3.546557645E1,-7.900865674E-1,-8.202534676E0,-4.620809257E-1
3.546756010E1,-8.786720037E-1,-8.058882713E0,-6.655880809E-1
3.546951322E1,-1.089361787E0,-7.912836552E0,-8.188169599E-1
3.547152738E1,-1.276109457E0,-7.762001991E0,-9.409212470E-1
3.547348051E1,-1.357512355E0,-7.582436562E0,-1.010353088E0
3.547546415E1,-1.151610970E0,-7.366958618E0,-1.058237195E0
3.547744779E1,-7.469909191E-1,-7.177816868E0,-1.034295082E0
3.547943143E1,-3.806780577E-1,-7.050923824E0,-9.002198577E-1
3.548135404E1,-1.556231081E-1,-7.000645638E0,-7.326257229E-1
3.548333768E1,-9.576806426E-2,-7.003039837E0,-6.177040339E-1
3.548532133E1,-1.436520964E-1,-7.017405033E0,-5.722141862E-1
3.548733549E1,-2.489969730E-1,-7.022193432E0,-5.482721925E-1
3.548928861E1,-3.878606856E-1,-7.019799232E0,-5.339069963E-1
3.549127225E1,-5.147533417E-1,-6.995857239E0,-5.339069963E-1
3.549325590E1,-6.057330370E-1,-6.947973251E0,-5.410895944E-1
3.549527006E1,-6.799532771E-1,-6.890512466E0,-5.506663918E-1
3.549719266E1,-7.493851185E-1,-6.842628479E0,-5.554547906E-1
3.549920682E1,-7.852981687E-1,-6.785167694E0,-5.482721925E-1
3.550115995E1,-7.805097699E-1,-6.708553314E0,-5.578489900E-1
3.550311308E1,-7.613561153E-1,-6.622362137E0,-6.081272364E-1
3.550509672E1,-7.541735172E-1,-6.533776283E0,-6.895300746E-1
3.550711088E1,-7.493851185E-1,-6.435614109E0,-7.637503147E-1
3.550906400E1,-7.374141216E-1,-6.330269337E0,-8.212111592E-1
3.551107816E1,-7.493851185E-1,-6.256049156E0,-9.074024558E-1
3.551303129E1,-8.116343617E-1,-6.227318764E0,-1.012747288E0
3.551504545E1,-9.433154464E-1,-6.217741966E0,-1.098938584E0
3.551699857E1,-1.197100878E0,-6.208165169E0,-1.142034173E0
3.551898222E1,-1.477222443E0,-6.191405773E0,-1.134851575E0
3.552096586E1,-1.685518026E0,-6.148310184E0,-1.130063176E0
3.552294950E1,-1.862688899E0,-6.093243122E0,-1.120486379E0
3.552487211E1,-2.047042370E0,-6.066906929E0,-1.091755986E0
3.552688627E1,-2.224213362E0,-6.057330132E0,-1.051054597E0
3.552883939E1,-2.377442360E0,-6.033388138E0,-1.048660398E0
3.553082304E1,-2.518700123E0,-5.980715752E0,-1.106121182E0
3.553274564E1,-2.619256735E0,-5.923254967E0,-1.156399369E0
3.553475980E1,-2.691082716E0,-5.868188381E0,-1.156399369E0
3.553671293E1,-2.760514498E0,-5.820304394E0,-1.127668977E0
3.553869657E1,-2.798821688E0,-5.762843609E0,-1.120486379E0
3.554068021E1,-2.817975283E0,-5.674258232E0,-1.144428372E0
3.554266386E1,-2.889801502E0,-5.578489780E0,-1.182735682E0
3.554461698E1,-2.999934673E0,-5.501875401E0,-1.218648672E0
3.554663114E1,-3.100491285E0,-5.425261021E0,-1.225831270E0
3.554858427E1,-3.162740469E0,-5.343858242E0,-1.194706678E0
3.555056791E1,-3.213018656E0,-5.252878666E0,-1.146822572E0
3.555252103E1,-3.277662039E0,-5.164293289E0,-1.091755986E0
3.555453519E1,-3.363853455E0,-5.090072632E0,-1.043871999E0
3.555645780E1,-3.462015629E0,-5.032611847E0,-1.041477680E0
3.555847196E1,-3.545812607E0,-4.970362663E0,-1.063025594E0
3.556045560E1,-3.615244627E0,-4.912901878E0,-1.084573388E0
3.556243925E1,-3.641580820E0,-4.891354084E0,-1.084573388E0
3.556439237E1,-3.691859007E0,-4.841075897E0,-1.072602391E0
3.556640653E1,-3.732560396E0,-4.776432514E0,-1.043871999E0
3.556832914E1,-3.751713991E0,-4.718971729E0,-9.959878922E-1
3.557034330E1,-3.787626982E0,-4.671087742E0,-9.457096457E-1
3.557229642E1,-3.835511208E0,-4.635174274E0,-8.978256583E-1
3.557428007E1,-3.873818398E0,-4.608838081E0,-8.523358107E-1
3.557626371E1,-3.907337189E0,-4.587290287E0,-8.020575643E-1
3.557824735E1,-3.940855980E0,-4.558559895E0,-7.493851185E-1
3.558020048E1,-3.950432777E0,-4.522646904E0,-7.038952708E-1
3.558221464E1,-3.948038578E0,-4.491522312E0,-6.536170840E-1
3.558416776E1,-3.933673382E0,-4.462791920E0,-6.057330370E-1
3.558615140E1,-3.904942989E0,-4.431667328E0,-5.698199868E-1
3.558813505E1,-3.854664803E0,-4.398148537E0,-5.410895944E-1
3.559014921E1,-3.782838583E0,-4.345476151E0,-5.243301988E-1
3.559210233E1,-3.689464808E0,-4.290409565E0,-5.171475410E-1
3.559408598E1,-3.612850428E0,-4.242525578E0,-5.315127969E-1
3.559606962E1,-3.560178041E0,-4.206612587E0,-5.674257874E-1
3.559805326E1,-3.538630009E0,-4.182670593E0,-6.224924326E-1
3.560000638E1,-3.538630009E0,-4.168305397E0,-6.847416759E-1
3.560202054E1,-3.541024208E0,-4.153939724E0,-7.445967197E-1
3.560397367E1,-3.524264812E0,-4.139574528E0,-7.924807668E-1
3.560595731E1,-3.490746021E0,-4.120420933E0,-8.331822157E-1
3.560794096E1,-3.462015629E0,-4.103661537E0,-8.499416113E-1
3.560995512E1,-3.445256233E0,-4.094084740E0,-8.403648138E-1
3.561190824E1,-3.442862034E0,-4.106055737E0,-8.283938169E-1
3.561389188E1,-3.454833031E0,-4.146757126E0,-8.188169599E-1
3.561587553E1,-3.476380825E0,-4.197035789E0,-8.092401624E-1
3.561785917E1,-3.485957623E0,-4.242525578E0,-8.068459630E-1
3.561981229E1,-3.473986626E0,-4.278438568E0,-7.900865674E-1
3.562182645E1,-3.462015629E0,-4.299986362E0,-7.829039693E-1
3.562377958E1,-3.459621429E0,-4.331110954E0,-7.829039693E-1
3.562576322E1,-3.445256233E0,-4.374206543E0,-7.805097699E-1
3.562774686E1,-3.426102638E0,-4.410119534E0,-7.781155705E-1
3.562976102E1,-3.387795448E0,-4.431667328E0,-7.709329724E-1
3.563171415E1,-3.335123062E0,-4.462791920E0,-7.589619160E-1
3.563369779E1,-3.282450438E0,-4.501099110E0,-7.445967197E-1
3.563568143E1,-3.217807055E0,-4.546588898E0,-7.062895298E-1
3.563766508E1,-3.157952070E0,-4.592078686E0,-6.631938815E-1
3.563958768E1,-3.095702887E0,-4.630385876E0,-6.224924326E-1
3.564160184E1,-3.033453465E0,-4.683058739E0,-5.793967843E-1
3.564355497E1,-2.961627483E0,-4.740519524E0,-5.291185975E-1
3.564553861E1,-2.868253708E0,-4.786009312E0,-4.860229492E-1
3.564752225E1,-2.779668093E0,-4.843470097E0,-4.429273009E-1
3.564953641E1,-2.700659513E0,-4.922478676E0,-3.902548850E-1
3.565148954E1,-2.631227732E0,-4.999093056E0,-3.112462163E-1
3.565347318E1,-2.552218914E0,-5.082890034E0,-2.130839527E-1
3.565545682E1,-2.451662540E0,-5.164293289E0,-1.029506698E-1
3.565744047E1,-2.336740971E0,-5.240907669E0,1.436521020E-2
3.565936308E1,-2.202665567E0,-5.295974255E0,1.316810995E-1
3.566137724E1,-2.070984364E0,-5.348646641E0,2.489969730E-1
3.566333036E1,-1.960851192E0,-5.422866821E0,3.950432837E-1
3.566531400E1,-1.874659896E0,-5.516240597E0,5.554547906E-1
3.566729765E1,-1.802833915E0,-5.616796970E0,7.254431248E-1
3.566928129E1,-1.728613615E0,-5.705382824E0,8.978256583E-1
3.567126493E1,-1.659181833E0,-5.801150799E0,1.086967587E0
3.567324857E1,-1.616086125E0,-5.928043365E0,1.333570361E0
3.567517118E1,-1.596932530E0,-6.093243122E0,1.635239720E0
3.567718534E1,-1.584961534E0,-6.248866558E0,1.956062794E0
3.567913846E1,-1.561019540E0,-6.394912720E0,2.269703150E0
3.568112211E1,-1.496376038E0,-6.526593685E0,2.566584110E0
3.568310575E1,-1.412579060E0,-6.655880928E0,2.887407303E0
3.568508939E1,-1.338358760E0,-6.799532890E0,3.256114244E0
3.568704252E1,-1.288080573E0,-6.959944248E0,3.615244627E0
3.568902616E1,-1.247379065E0,-7.117961884E0,3.940855980E0
3.569100980E1,-1.225831270E0,-7.280767441E0,4.223371983E0
3.569299345E1,-1.218648672E0,-7.455543995E0,4.479551315E0
3.569497709E1,-1.187524080E0,-7.642292023E0,4.754884720E0
3.569699125E1,-1.084573388E0,-7.841010571E0,5.094861031E0
3.569894437E1,-8.738836050E-1,-8.058882713E0,5.485116005E0
3.570089750E1,-6.751648784E-1,-8.303091049E0,5.930437565E0
3.570288114E1,-6.009446383E-1,-8.614337921E0,6.445190907E0
3.570489530E1,-6.081272364E-1,-9.002198219E0,7.010222435E0
3.570684843E1,-5.650315881E-1,-9.464279175E0,7.627926826E0
3.570886259E1,-4.285621047E-1,-9.971850395E0,8.271966934E0
3.571081571E1,-1.795651317E-1,-1.049857426E1,8.973467827E0
3.571282987E1,1.101332754E-1,-1.107557678E1,9.763554573E0
3.571478300E1,3.088520169E-1,-1.176989555E1,1.061349583E1
3.571676664E1,4.309563041E-1,-1.255519390E1,1.151371574E1
3.571871976E1,6.105214357E-1,-1.340034676E1,1.245224285E1
3.572070341E1,9.313444495E-1,-1.429817295E1,1.331655025E1
3.572265653E1,1.367089152E0,-1.523191166E1,1.400847435E1
3.572467069E1,1.910573006E0,-1.619916916E1,1.449689102E1
3.572662382E1,2.470816135E0,-1.718797493E1,1.481532001E1
3.572860746E1,2.959233284E0,-1.820311546E1,1.503798103E1
3.573056058E1,3.196259260E0,-1.873462868E1,1.511698914E1
3.573257474E1,3.900154591E0,-2.036507988E1,1.536359215E1
3.573452787E1,4.067748547E0,-2.091335106E1,1.549287891E1
3.573651151E1,4.371812344E0,-2.199792480E1,1.581849098E1
3.573849516E1,4.702212334E0,-2.298673058E1,1.617522621E1
3.574044828E1,5.035006046E0,-2.386061478E1,1.660857773E1
3.574243192E1,5.317522049E0,-2.460281754E1,1.706108093E1
3.574441557E1,5.652710438E0,-2.513193512E1,1.740345192E1
3.574636869E1,5.959167957E0,-2.546712303E1,1.768596840E1
3.574835233E1,6.167463779E0,-2.558204460E1,1.781525421E1
3.575033598E1,6.282385349E0,-2.541445160E1,1.773624611E1
3.575231962E1,6.332663536E0,-2.494758224E1,1.746570206E1
3.575427274E1,6.361393929E0,-2.422692680E1,1.695812988E1
3.575628690E1,6.289567947E0,-2.336980247E1,1.628057098E1
3.575824003E1,6.062118530E0,-2.240493965E1,1.544978333E1
3.576019315E1,5.736507416E0,-2.129881859E1,1.443943024E1
3.576217680E1,5.386953831E0,-2.007777596E1,1.330936718E1
3.576416044E1,4.999093056E0,-1.882560730E1,1.215775585E1
3.576611356E1,4.563348293E0,-1.759020042E1,1.102290440E1
3.576812772E1,4.077325344E0,-1.639788818E1,9.888052940E0
3.577008085E1,3.531447411E0,-1.527021885E1,8.810662270E0
3.577206449E1,2.987963676E0,-1.419522190E1,7.812280178E0
3.577404813E1,2.425326347E0,-1.319444561E1,6.888118267E0
3.577603178E1,1.833958507E0,-1.228225517E1,6.078877926E0
3.577795438E1,1.230619669E0,-1.142752457E1,5.391742229E0
3.577996854E1,6.153098345E-1,-1.063264942E1,4.831499100E0
3.578192167E1,-2.394201700E-3,-9.907206535E0,4.446032524E0
3.578390531E1,-6.033388376E-1,-9.246406555E0,4.173093796E0
3.578588895E1,-1.194706678E0,-8.645462036E0,3.890577793E0
3.578790311E1,-1.817199111E0,-8.101978302E0,3.825934410E0
3.578985624E1,-2.425326347E0,-7.618350029E0,3.864241600E0
3.579183988E1,-2.997540474E0,-7.168240070E0,3.833117008E0
3.579382352E1,-3.538630009E0,-6.734889507E0,3.734954596E0
3.579580717E1,-3.998316765E0,-6.311115742E0,3.586514235E0
3.579772977E1,-4.304774761E0,-5.863399982E0,3.265691042E0
3.579974393E1,-4.477157116E0,-5.401319027E0,2.762908697E0
3.580169706E1,-4.644751072E0,-4.972756863E0,2.082955360E0
3.580368070E1,-4.874594688E0,-4.671087742E0,1.273715258E0
3.580566434E1,-5.188235283E0,-4.577713490E0,5.267243981E-1
3.580767850E1,-5.576095581E0,-4.695029736E0,-5.506663769E-2
3.580963163E1,-5.995080948E0,-5.006275654E0,-5.363011956E-1
3.581161527E1,-6.358999729E0,-5.489904404E0,-1.015141487E0
3.581359891E1,-6.629544735E0,-6.095637321E0,-1.522712231E0
3.581558256E1,-6.830657482E0,-6.773196697E0,-2.075772762E0
3.581750516E1,-7.012616634E0,-7.558494568E0,-2.741360903E0
3.581951932E1,-7.187393665E0,-8.468291283E0,-3.579331636E0
3.582147245E1,-7.331045628E0,-9.459490776E0,-4.632780075E0
3.582345609E1,-7.374141216E0,-1.045547867E1,-5.880159378E0
3.582543974E1,-7.280767441E0,-1.142752457E1,-7.149086475E0
3.582745390E1,-7.070077419E0,-1.237562847E1,-8.271966934E0
3.582940702E1,-6.789956093E0,-1.328542519E1,-9.205705643E0
3.583139066E1,-6.459556103E0,-1.411621284E1,-9.945513725E0
3.583337430E1,-6.086060524E0,-1.484165668E1,-1.056082344E1
3.583535795E1,-5.659893036E0,-1.547133160E1,-1.099417400E1
3.583728056E1,-5.200206280E0,-1.599326706E1,-1.115937424E1
3.583929472E1,-4.752490520E0,-1.639070511E1,-1.104205799E1
3.584124784E1,-4.417302132E0,-1.666124916E1,-1.070687008E1
3.584323148E1,-4.180276394E0,-1.686954498E1,-1.023042393E1
3.584521512E1,-3.952826977E0,-1.700362015E1,-9.749189377E0
3.584722929E1,-3.703830004E0,-1.702756310E1,-9.248801231E0
3.584918241E1,-3.438073635E0,-1.698207283E1,-8.690952301E0
3.585116605E1,-3.239354849E0,-1.686715126E1,-8.145073891E0
3.585314970E1,-3.162740469E0,-1.668040276E1,-7.627926826E0
3.585513334E1,-3.184288263E0,-1.642422295E1,-7.168240070E0
3.585708646E1,-3.270479441E0,-1.606748772E1,-6.761225700E0
3.585910062E1,-3.337517262E0,-1.560540676E1,-6.368576527E0
3.586105375E1,-3.287238836E0,-1.507628822E1,-5.954379559E0
3.586306791E1,-3.112462282E0,-1.449689102E1,-5.475539207E0
3.586502103E1,-2.817975283E0,-1.386961079E1,-4.908113480E0
3.586700468E1,-2.439691544E0,-1.320641613E1,-4.194641590E0
3.586892728E1,-2.001552582E0,-1.250970364E1,-3.296815634E0
3.587094144E1,-1.472434044E0,-1.181059742E1,-2.243366957E0
3.587289457E1,-9.002198577E-1,-1.110191345E1,-1.091755986E0
3.587487821E1,-2.873041928E-1,-1.036210537E1,4.788403399E-3
3.587686185E1,3.663128614E-1,-9.600749016E0,8.379706144E-1
3.587884550E1,1.007958889E0,-8.846575737E0,1.252167463E0
3.588076810E1,1.304839969E0,-8.487444878E0,1.285686255E0
3.588278226E1,1.795651317E0,-7.807491779E0,1.046266198E0
3.588473539E1,2.152387381E0,-7.201758862E0,5.339069963E-1
3.588674955E1,2.384624958E0,-6.682217121E0,-1.508347094E-1
3.588870267E1,2.499546528E0,-6.248866558E0,-9.289502501E-1
3.589071683E1,2.540247917E0,-5.889736176E0,-1.711854219E0
3.589266996E1,2.523488522E0,-5.600037575E0,-2.451662540E0
3.589465360E1,2.439691544E0,-5.408501625E0,-3.098097086E0
3.589663724E1,2.269703150E0,-5.343858242E0,-3.579331636E0
3.589862089E1,2.070984364E0,-5.384559631E0,-3.883395195E0
3.590054349E1,1.889025092E0,-5.487510204E0,-4.015076160E0
3.590255766E1,1.695094824E0,-5.616796970E0,-3.945644379E0
3.590451078E1,1.474828243E0,-5.722142220E0,-3.711012602E0
3.590649442E1,1.304839969E0,-5.789179802E0,-3.462015629E0
3.590844755E1,1.197100878E0,-5.839457989E0,-3.224989653E0
3.591046171E1,1.101332784E0,-5.904101372E0,-2.975992680E0
3.591241483E1,9.935936928E-1,-5.987898350E0,-2.664746523E0
3.591439848E1,9.074024558E-1,-6.081272125E0,-2.308010340E0
3.591638212E1,8.092401624E-1,-6.157886982E0,-2.003946781E0
3.591836576E1,6.320692301E-1,-6.193799973E0,-1.812410712E0
3.592031888E1,4.118026793E-1,-6.253654957E0,-1.661576033E0
3.592230253E1,2.322375625E-1,-6.385335922E0,-1.484405041E0
3.592428617E1,6.224924326E-2,-6.543353081E0,-1.300051570E0
3.592630033E1,-9.576806426E-2,-6.706159115E0,-1.168370485E0
3.592825346E1,-2.298433632E-1,-6.888118267E0,-1.132457376E0
3.593023710E1,-3.639186621E-1,-7.132327080E0,-1.197100878E0
3.593219022E1,-4.237737060E-1,-7.429207802E0,-1.309628367E0
3.593420438E1,-3.567360640E-1,-7.752425194E0,-1.424550056E0
3.593615751E1,-2.154781520E-1,-8.111555099E0,-1.498770237E0
3.593817167E1,-5.506663769E-2,-8.508993149E0,-1.525106430E0
3.594012479E1,9.337386489E-2,-8.923190117E0,-1.510741234E0
3.594210844E1,1.891419291E-1,-9.339780807E0,-1.484405041E0
3.594409208E1,2.346317619E-1,-9.725247383E0,-1.443703651E0
3.594610624E1,2.466027737E-1,-1.007001209E1,-1.393425345E0
3.594805936E1,2.513911724E-1,-1.039562416E1,-1.355118155E0
3.595004301E1,2.944868207E-1,-1.068053341E1,-1.319205165E0
3.595199613E1,3.854664862E-1,-1.090319443E1,-1.259350061E0
3.595401029E1,5.363011956E-1,-1.107318306E1,-1.204283476E0
3.595596342E1,6.847416759E-1,-1.119768143E1,-1.163581967E0
3.595797758E1,7.134721279E-1,-1.131260300E1,-1.041477680E0
3.595993070E1,6.703764796E-1,-1.140597725E1,-8.283938169E-1
3.596191434E1,6.392518282E-1,-1.145386124E1,-5.626373887E-1
3.596389799E1,6.392518282E-1,-1.146104336E1,-2.753331959E-1
3.596591215E1,6.775590777E-1,-1.140597725E1,7.182605099E-3
3.596786527E1,8.044517636E-1,-1.132936287E1,2.681505978E-1
3.596984891E1,1.024718285E0,-1.125993061E1,5.027823448E-1
3.597183256E1,1.304839969E0,-1.120246983E1,7.086837292E-1
3.597381620E1,1.623268723E0,-1.114979744E1,8.882488012E-1
3.597573881E1,1.972822189E0,-1.108515358E1,1.034295082E0
3.597772245E1,2.310404539E0,-1.102290440E1,1.168370485E0
3.597970609E1,2.549824715E0,-1.096304989E1,1.352723956E0
3.598172025E1,2.679111719E0,-1.091277122E1,1.589749932E0
3.598367338E1,2.789244890E0,-1.086249352E1,1.790862918E0
3.598568754E1,2.901772499E0,-1.080263805E1,1.975216389E0
3.598764066E1,2.990357876E0,-1.072602367E1,2.154781580E0
3.598965482E1,3.074155092E0,-1.063025570E1,2.317587137E0
3.599160795E1,3.172317266E0,-1.052012253E1,2.456450939E0
3.599359159E1,3.280056238E0,-1.039801788E1,2.552218914E0
3.599557523E1,3.385401249E0,-1.026394272E1,2.597708941E0
3.599755888E1,3.517082214E0,-1.012747288E1,2.592920542E0
3.599954252E1,3.677493811E0,-9.983820915E0,2.525882721E0
3.600152616E1,3.823540211E0,-9.842563629E0,2.410961151E0
3.600350980E1,3.888183594E0,-9.720458984E0,2.281674147E0
3.600549345E1,3.878606796E0,-9.619902611E0,2.147598982E0
3.600741605E1,3.830722809E0,-9.524134636E0,1.991975784E0
3.600943021E1,3.749319792E0,-9.423578262E0,1.824381709E0
3.601138334E1,3.605667830E0,-9.334992409E0,1.656787634E0
3.601336698E1,3.411737442E0,-9.277531624E0,1.503558636E0
3.601535062E1,3.253720045E0,-9.234436035E0,1.328781962E0
3.601733427E1,3.208230257E0,-9.203310966E0,1.091755986E0
3.601925687E1,3.169923067E0,-9.179368973E0,7.996633649E-1
3.602127103E1,2.961627483E0,-9.145850182E0,5.219359994E-1
3.602322416E1,2.564189911E0,-9.105149269E0,3.184288144E-1
3.602520780E1,2.090138197E0,-9.069235802E0,1.412578970E-1
3.602716093E1,1.687912226E0,-8.999804497E0,-9.576806799E-3
3.602917509E1,1.379060149E0,-8.906430244E0,-1.412578970E-1
3.603115873E1,1.127668977E0,-8.815450668E0,-2.394201756E-1
3.603314237E1,8.930372596E-1,-8.743624687E0,-3.232172430E-1
3.603512601E1,6.320692301E-1,-8.678980827E0,-4.118026793E-1
3.603710966E1,3.040636182E-1,-8.599972725E0,-4.764461517E-1
3.603903226E1,-1.053448766E-1,-8.540117264E0,-5.075707436E-1
3.604104642E1,-5.458779931E-1,-8.501810074E0,-5.482721925E-1
3.604299955E1,-9.169792533E-1,-8.485051155E0,-6.320692301E-1
3.604495267E1,-1.067813993E0,-8.477868080E0,-7.661445141E-1
3.604693632E1,-1.067813993E0,-8.465897560E0,-8.475474119E-1
3.604895048E1,-1.065419793E0,-8.453926086E0,-1.051054597E0
3.605093412E1,-1.137245774E0,-8.456320763E0,-1.065419793E0
3.605291776E1,-1.589749932E0,-8.489839554E0,-9.792284966E-1
3.605490140E1,-1.771709204E0,-8.513781548E0,-9.121908545E-1
3.605688505E1,-2.082955360E0,-8.573636055E0,-7.230489254E-1
3.605883817E1,-2.262520552E0,-8.599972725E0,-5.722141862E-1
3.606085233E1,-2.363077164E0,-8.578424454E0,-5.386953950E-1
3.606280546E1,-2.403778553E0,-8.525752068E0,-5.410895944E-1
3.606478910E1,-2.377442360E0,-8.497021675E0,-5.410895944E-1
3.606677274E1,-2.315192938E0,-8.492233276E0,-5.817909837E-1
3.606875638E1,-2.226607561E0,-8.487444878E0,-6.320692301E-1
3.607074003E1,-2.111685991E0,-8.470685959E0,-6.272808313E-1
3.607275419E1,-2.020706177E0,-8.456320763E0,-5.650315881E-1
3.607470731E1,-1.963245392E0,-8.465897560E0,-4.501099288E-1
3.607669096E1,-1.912967205E0,-8.523358345E0,-3.280056417E-1
3.607867460E1,-1.865083098E0,-8.595184326E0,-2.035071403E-1
3.608065824E1,-1.795651317E0,-8.662221909E0,-7.182604820E-2
3.608261137E1,-1.711854219E0,-8.731653214E0,4.548983276E-2
3.608459501E1,-1.601720929E0,-8.798690796E0,1.388636976E-1
3.608657865E1,-1.474828243E0,-8.863334656E0,2.035071403E-1
3.608856229E1,-1.323993564E0,-8.923190117E0,2.657563984E-1
3.609054594E1,-1.146822572E0,-8.963891029E0,3.591302633E-1
3.609256010E1,-9.433154464E-1,-9.004592896E0,4.908113480E-1
3.609451322E1,-7.350199223E-1,-9.050082207E0,6.464344859E-1
3.609646635E1,-5.339069963E-1,-9.097966194E0,8.020575643E-1
3.609844999E1,-3.471592367E-1,-9.124302864E0,9.121908545E-1
3.610046415E1,-1.364694983E-1,-9.141061783E0,9.576807022E-1
3.610241727E1,7.661445439E-2,-9.155426979E0,9.528923035E-1
3.610443143E1,2.753331959E-1,-9.169792175E0,9.481038451E-1
3.610638456E1,4.548983276E-1,-9.200917244E0,9.528923035E-1
3.610839872E1,6.177040339E-1,-9.224859238E0,9.600749016E-1
3.611035184E1,7.637503147E-1,-9.234436035E0,9.720458984E-1
3.611233549E1,8.930372596E-1,-9.251194954E0,9.648633003E-1
3.611431913E1,1.003170490E0,-9.279925346E0,9.433154464E-1
3.611630277E1,1.115697980E0,-9.282320023E0,8.978256583E-1
3.611825590E1,1.228225470E0,-9.272743225E0,8.092401624E-1
3.612027006E1,1.302445769E0,-9.289502144E0,6.871358752E-1
3.612222318E1,1.343147159E0,-9.327810287E0,5.698199868E-1
3.612420682E1,1.395819545E0,-9.351752281E0,4.788403511E-1
3.612612943E1,1.467645645E0,-9.358934402E0,4.094084799E-1
3.612814359E1,1.539471745E0,-9.366117477E0,3.495534360E-1
3.613006620E1,1.596932530E0,-9.378087997E0,2.896983922E-1
3.613208036E1,1.632845521E0,-9.402029991E0,2.226607651E-1
3.613406400E1,1.659181833E0,-9.421183586E0,1.197100878E-1
3.613604765E1,1.671152830E0,-9.421183586E0,1.197100803E-2
3.613800077E1,1.647210717E0,-9.409213066E0,-9.337386489E-2
3.614001493E1,1.577778935E0,-9.378087997E0,-2.346317619E-1
3.614196806E1,1.486799240E0,-9.358934402E0,-3.687070608E-1
3.614395170E1,1.393425345E0,-9.349357605E0,-4.812345505E-1
3.614590482E1,1.295263171E0,-9.346963882E0,-5.889736414E-1
3.614791898E1,1.192312479E0,-9.342175484E0,-6.919242740E-1
3.614984159E1,1.074996591E0,-9.330204010E0,-7.852981687E-1
3.615185575E1,9.409212470E-1,-9.320627213E0,-8.667010069E-1
3.615383939E1,7.972691655E-1,-9.313444138E0,-9.457096457E-1
3.615582304E1,6.607996821E-1,-9.303867340E0,-1.012747288E0
3.615777616E1,5.410895944E-1,-9.294290543E0,-1.070208192E0
3.615979032E1,4.501099288E-1,-9.291896820E0,-1.120486379E0
3.616171293E1,3.687070608E-1,-9.284713745E0,-1.165976286E0
3.616372709E1,2.801215947E-1,-9.270348549E0,-1.204283476E0
3.616568021E1,1.963245422E-1,-9.263166428E0,-1.240196466E0
3.616766386E1,1.101332754E-1,-9.265560150E0,-1.256955862E0
3.616964750E1,3.591302410E-2,-9.260771751E0,-1.266532660E0
3.617163114E1,-3.830722719E-2,-9.239224434E0,-1.266532660E0
3.617355375E1,-1.077390760E-1,-9.208099365E0,-1.235408068E0
3.617556791E1,-1.628057212E-1,-9.186552048E0,-1.189918280E0
3.617752103E1,-2.059013397E-1,-9.167398453E0,-1.158793569E0
3.617953519E1,-2.489969730E-1,-9.143456459E0,-1.139639974E0
3.618145780E1,-2.896983922E-1,-9.117119789E0,-1.120486379E0
3.618347196E1,-3.184288144E-1,-9.081207275E0,-1.089361787E0
3.618542509E1,-3.232172430E-1,-9.028534889E0,-1.048660398E0
3.618740873E1,-2.968810201E-1,-8.978256226E0,-1.022324085E0
3.618939237E1,-2.825157940E-1,-8.939949036E0,-9.888052940E-1
3.619137601E1,-2.705447972E-1,-8.911218643E0,-9.433154464E-1
3.619329862E1,-2.489969730E-1,-8.882488251E0,-8.930372596E-1
3.619531278E1,-2.082955539E-1,-8.836998940E0,-8.307880163E-1
3.619726591E1,-1.508347094E-1,-8.803479195E0,-7.733271718E-1
3.619924955E1,-7.900865376E-2,-8.779537201E0,-7.350199223E-1
3.620120267E1,-4.788403399E-3,-8.741230011E0,-6.919242740E-1
3.620321683E1,7.422025502E-2,-8.695740700E0,-6.416460276E-1
3.620516996E1,1.340752989E-1,-8.664615631E0,-6.129156351E-1
3.620715360E1,1.939303428E-1,-8.640673637E0,-5.865794420E-1
3.620913724E1,2.657563984E-1,-8.597578049E0,-5.698199868E-1
3.621112089E1,3.543418646E-1,-8.554482460E0,-5.817909837E-1
3.621304349E1,4.046200812E-1,-8.537723541E0,-5.889736414E-1
3.621505766E1,4.955997467E-1,-8.511386871E0,-5.961562395E-1
3.621701078E1,5.770025849E-1,-8.501810074E0,-6.177040339E-1
3.621902494E1,6.607996821E-1,-8.504204750E0,-6.799532771E-1
3.622097807E1,7.469909191E-1,-8.513781548E0,-7.685387731E-1
3.622299222E1,8.283938169E-1,-8.535328865E0,-8.595184088E-1
3.622497587E1,8.906430602E-1,-8.564059258E0,-9.528923035E-1
3.622695951E1,9.457096457E-1,-8.604761124E0,-1.036689281E0
3.622894315E1,9.840168953E-1,-8.662221909E0,-1.108515382E0
3.623095731E1,1.017535686E0,-8.731653214E0,-1.170764685E0
3.623291044E1,1.036689281E0,-8.822632790E0,-1.230619669E0
3.623489408E1,1.041477680E0,-8.913613319E0,-1.283292055E0
3.623687772E1,1.027112484E0,-9.002198219E0,-1.321599364E0
3.623886137E1,9.983820915E-1,-9.107542992E0,-1.340752959E0
3.624081449E1,9.528923035E-1,-9.229647636E0,-1.338358760E0
3.624279813E1,8.954314590E-1,-9.346963882E0,-1.331176162E0
3.624478178E1,8.307880163E-1,-9.454702377E0,-1.321599364E0
3.624679594E1,7.589619160E-1,-9.569623947E0,-1.292868972E0
3.624874906E1,6.871358752E-1,-9.682151794E0,-1.252167463E0
3.625076322E1,6.200982332E-1,-9.799467087E0,-1.204283476E0
3.625271635E1,5.434837937E-1,-9.916783333E0,-1.144428372E0
3.625469999E1,4.668693244E-1,-1.003170490E1,-1.082179189E0
3.625668363E1,3.926490843E-1,-1.014183807E1,-1.017535686E0
3.625866727E1,3.351882398E-1,-1.024000072E1,-9.457096457E-1
3.626062040E1,2.849099934E-1,-1.032619190E1,-8.571242094E-1
3.626263456E1,2.322375625E-1,-1.040280628E1,-7.685387731E-1
3.626458768E1,1.867477298E-1,-1.046745014E1,-6.823474765E-1
3.626657133E1,1.484405100E-1,-1.053448772E1,-5.865794420E-1
3.626852445E1,1.005564705E-1,-1.058955383E1,-4.884171486E-1
3.627050809E1,4.309562966E-2,-1.063264942E1,-3.950432837E-1
3.627249174E1,4.788403399E-3,-1.068053341E1,-3.088520169E-1
3.627450590E1,-2.154781483E-2,-1.073320580E1,-2.178723514E-1
3.627645902E1,-5.027823523E-2,-1.078108978E1,-1.268926859E-1
3.627844266E1,-6.464344263E-2,-1.082658005E1,-3.591302410E-2
3.628042631E1,-5.746084079E-2,-1.085291672E1,5.985504389E-2
3.628240995E1,-4.309562966E-2,-1.087207031E1,1.508347094E-1
3.628433256E1,-2.394201607E-2,-1.089601231E1,2.346317619E-1
3.628634672E1,2.394201700E-3,-1.092713642E1,3.184288144E-1
3.628829984E1,3.830722719E-2,-1.097023201E1,3.950432837E-1
3.629028348E1,8.140286058E-2,-1.103008747E1,4.596867263E-1
3.629226713E1,1.197100878E-1,-1.109473038E1,5.075707436E-1
3.629425077E1,1.604115069E-1,-1.113782597E1,5.291185975E-1
3.629620390E1,2.011129409E-1,-1.117613316E1,5.339069963E-1
3.629821806E1,2.442085743E-1,-1.120007515E1,5.219359994E-1
3.630014066E1,2.801215947E-1,-1.120007515E1,4.932055473E-1
3.630215482E1,3.088520169E-1,-1.117134476E1,4.596867263E-1
3.630413846E1,3.184288144E-1,-1.112106705E1,4.309563041E-1
3.630612211E1,3.136404157E-1,-1.105163479E1,4.118026793E-1
3.630810575E1,2.992752194E-1,-1.097741508E1,3.854664862E-1
3.631011991E1,2.681505978E-1,-1.089601231E1,3.782838583E-1
3.631207304E1,2.274491638E-1,-1.081460953E1,3.902548850E-1
3.631402616E1,1.843535304E-1,-1.073799419E1,4.165911078E-1
3.631600980E1,1.316810995E-1,-1.067574501E1,4.692635238E-1
3.631799345E1,6.224924326E-2,-1.063743782E1,5.722141862E-1
3.631994657E1,-2.394201607E-2,-1.061828423E1,7.254431248E-1
3.632193021E1,-1.077390760E-1,-1.061349583E1,9.121908545E-1
3.632391386E1,-1.795651317E-1,-1.062786102E1,1.137245774E0
3.632586698E1,-2.513911724E-1,-1.065898609E1,1.400607944E0
3.632785062E1,-3.112462163E-1,-1.067813969E1,1.659181833E0
3.632986478E1,-3.567360640E-1,-1.069968700E1,1.881842494E0
3.633181791E1,-3.782838583E-1,-1.071644688E1,2.061407566E0
3.633380155E1,-3.663128614E-1,-1.074038887E1,2.195482969E0
3.633578519E1,-2.968810201E-1,-1.077390766E1,2.264914751E0
3.633776884E1,-1.675941199E-1,-1.080263805E1,2.252943754E0
3.633972196E1,1.197100803E-2,-1.082179165E1,2.164358377E0
3.634170560E1,2.322375625E-1,-1.084094524E1,2.023100376E0
3.634368925E1,4.812345505E-1,-1.085291672E1,1.848323703E0
3.634567289E1,7.565677166E-1,-1.087446404E1,1.635239720E0
3.634762601E1,1.053448796E0,-1.092474270E1,1.395819545E0
3.634964017E1,1.381454349E0,-1.099178028E1,1.161187768E0
3.635159330E1,1.719036818E0,-1.106599998E1,9.481038451E-1
3.635354642E1,2.049436569E0,-1.115219116E1,7.733271718E-1
3.635553007E1,2.375048161E0,-1.122641182E1,6.464344859E-1
3.635754423E1,2.686294317E0,-1.130781460E1,5.770025849E-1
3.635946683E1,2.954444885E0,-1.140837097E1,5.530605912E-1
3.636148099E1,3.222595453E0,-1.149216843E1,5.650315881E-1
3.636343412E1,3.493140221E0,-1.155202293E1,6.320692301E-1
3.636541776E1,3.734954596E0,-1.162863731E1,7.374141216E-1
3.636740140E1,3.933673382E0,-1.171722317E1,8.571242094E-1
3.636938505E1,4.103661537E0,-1.181538582E1,9.983820915E-1
3.637133817E1,4.237737179E0,-1.193509579E1,1.173158884E0
3.637332182E1,4.338293552E0,-1.207874775E1,1.364694953E0
3.637527494E1,4.407725334E0,-1.223915863E1,1.544260144E0
3.637725858E1,4.434061527E0,-1.242111874E1,1.704671621E0
3.637924223E1,4.429273129E0,-1.263420200E1,1.848323703E0
3.638125638E1,4.362235546E0,-1.287362289E1,1.991975784E0
3.638320951E1,4.304774761E0,-1.299572659E1,2.070984364E0
3.638519315E1,4.146757126E0,-1.325669479E1,2.250549555E0
3.638717680E1,3.957615376E0,-1.353681660E1,2.442085743E0
3.638916044E1,3.751713991E0,-1.381933212E1,2.631227732E0
3.639108304E1,3.533841610E0,-1.409227085E1,2.832340717E0
3.639309721E1,3.301604033E0,-1.432929707E1,3.035847664E0
3.639505033E1,3.038241863E0,-1.454956341E1,3.248931646E0
3.639703397E1,2.762908697E0,-1.476743603E1,3.464409828E0
3.639901762E1,2.480392933E0,-1.496854877E1,3.687070608E0
3.640103178E1,2.202665567E0,-1.513853741E1,3.914519787E0
3.640298490E1,1.939303398E0,-1.526782417E1,4.151545525E0
3.640496854E1,1.690306425E0,-1.533725643E1,4.395754337E0
3.640695219E1,1.448492050E0,-1.533725643E1,4.647145271E0
3.640893583E1,1.197100878E0,-1.526782417E1,4.915296078E0
3.641085844E1,9.696516991E-1,-1.514571953E1,5.181052685E0
3.641287260E1,7.829039693E-1,-1.500685596E1,5.432443619E0
3.641482572E1,6.224924326E-1,-1.485123348E1,5.674258232E0
3.641680936E1,4.692635238E-1,-1.469800377E1,5.882553577E0
3.641879301E1,3.303998411E-1,-1.457350540E1,6.047753334E0
3.642080717E1,1.987187415E-1,-1.447534370E1,6.189011574E0
3.642276029E1,7.900865376E-2,-1.440112305E1,6.299144745E0
3.642474393E1,-2.633621916E-2,-1.435323906E1,6.370970726E0
3.642669706E1,-1.460463107E-1,-1.433648014E1,6.409277916E0
3.642868070E1,-2.705447972E-1,-1.434845066E1,6.445190907E0
3.643063383E1,-3.878606856E-1,-1.436281586E1,6.485892296E0
3.643264799E1,-5.075707436E-1,-1.438915253E1,6.519411087E0
3.643460111E1,-6.440402865E-1,-1.443224812E1,6.548141479E0
3.643658475E1,-8.188169599E-1,-1.447055531E1,6.584054470E0
3.643856840E1,-1.041477680E0,-1.449928570E1,6.596025467E0
3.644058256E1,-1.295263171E0,-1.451604462E1,6.557718277E0
3.644253568E1,-1.546654344E0,-1.455914021E1,6.476315498E0
3.644451932E1,-1.757344007E0,-1.459984207E1,6.356605530E0
3.644650297E1,-1.924938202E0,-1.462857246E1,6.169857979E0
3.644848661E1,-2.073378563E0,-1.462138939E1,5.920860767E0
3.645043974E1,-2.217030764E0,-1.459984207E1,5.650316238E0
3.645245390E1,-2.346317768E0,-1.457829380E1,5.360617638E0
3.645440702E1,-2.425326347E0,-1.455674648E1,5.054159641E0
3.645639066E1,-2.444479942E0,-1.453519821E1,4.711789131E0
3.645837430E1,-2.413355350E0,-1.449928570E1,4.357447147E0
3.646035795E1,-2.346317768E0,-1.444421864E1,4.007893562E0
3.646231107E1,-2.226607561E0,-1.437478733E1,3.663128614E0
3.646432523E1,-2.020706177E0,-1.430056667E1,3.325546265E0
3.646630888E1,-1.769315004E0,-1.422395229E1,2.959233284E0
3.646829252E1,-1.568202138E0,-1.412578964E1,2.533065319E0
3.647027616E1,-1.467645645E0,-1.401086807E1,2.070984364E0
3.647225980E1,-1.438915253E0,-1.388158131E1,1.592144132E0
3.647418241E1,-1.419761658E0,-1.373314095E1,1.101332784E0
3.647619657E1,-1.434126854E0,-1.357512379E1,5.841852427E-1
3.647814970E1,-1.522712231E0,-1.344583702E1,4.070143029E-2
3.648013334E1,-1.680729628E0,-1.335006905E1,-4.955997467E-1
3.648208646E1,-1.881842494E0,-1.327345467E1,-9.911994934E-1
3.648410062E1,-2.063801765E0,-1.320641613E1,-1.448492050E0
3.648602323E1,-2.193088770E0,-1.313937855E1,-1.896207690E0
3.648803739E1,-2.250549555E0,-1.307473564E1,-2.300827742E0
3.649002103E1,-2.286462545E0,-1.302685165E1,-2.631227732E0
3.649200468E1,-2.341529369E0,-1.300051498E1,-2.920926094E0
3.649392728E1,-2.461239338E0,-1.300530338E1,-3.160346270E0
3.649594144E1,-2.619256735E0,-1.302685165E1,-3.347094059E0
3.649789457E1,-2.731784105E0,-1.305797577E1,-3.490746021E0
3.649987821E1,-2.777273893E0,-1.309867764E1,-3.617638826E0
3.650183134E1,-2.801215887E0,-1.313219643E1,-3.773261786E0
3.650384550E1,-2.844311714E0,-1.314656162E1,-3.964797974E0
3.650579862E1,-2.928108692E0,-1.316810894E1,-4.161122322E0
3.650778226E1,-3.019088268E0,-1.318965721E1,-4.295197964E0
3.650976591E1,-3.090914488E0,-1.319205093E1,-4.352658749E0
3.651174955E1,-3.150769472E0,-1.318726254E1,-4.350264549E0
3.651367216E1,-3.258508444E0,-1.316810894E1,-4.311957359E0
3.651568632E1,-3.411737442E0,-1.312980175E1,-4.268861771E0
3.651763944E1,-3.555389643E0,-1.306994724E1,-4.206612587E0
3.651962308E1,-3.711012602E0,-1.297896767E1,-4.149151325E0
3.652154569E1,-3.883395195E0,-1.286404610E1,-4.149151325E0
3.652355985E1,-3.991134167E0,-1.272518158E1,-4.242525578E0
3.652551298E1,-4.007893562E0,-1.256477070E1,-4.395754337E0
3.652749662E1,-3.962403774E0,-1.238281155E1,-4.568136692E0
3.652948026E1,-3.883395195E0,-1.218888092E1,-4.716577530E0
3.653143339E1,-3.823540211E0,-1.208832455E1,-4.786009312E0
3.653341703E1,-3.641580820E0,-1.188002872E1,-4.888959885E0
3.653540067E1,-3.454833031E0,-1.165736771E1,-4.910507679E0
3.653735380E1,-3.287238836E0,-1.141076565E1,-4.893748283E0
3.653933744E1,-3.100491285E0,-1.117852783E1,-4.869806290E0
3.654132108E1,-2.975992680E0,-1.096783829E1,-4.774038315E0
3.654330473E1,-2.885013103E0,-1.076433086E1,-4.644751072E0
3.654522733E1,-2.731784105E0,-1.051054573E1,-4.537012100E0
3.654724149E1,-2.372653961E0,-1.018972206E1,-4.477157116E0
3.654919462E1,-1.460463047E0,-9.818621635E0,-4.491522312E0
3.655117826E1,1.005564705E-1,-9.447520256E0,-4.517858505E0
3.655316190E1,1.534683347E0,-9.129091263E0,-4.386177540E0
3.655514554E1,2.082955360E0,-9.014169693E0,-4.029441357E0
3.655709867E1,1.838746905E0,-9.064447403E0,-3.722983599E0
3.655911283E1,1.520318031E0,-9.126696587E0,-3.641580820E0
3.656106596E1,1.352723956E0,-9.241618156E0,-3.878606796E0
3.656304960E1,1.125274777E0,-9.378087997E0,-4.201824188E0
3.656503324E1,8.786720037E-1,-9.471462250E0,-4.216189384E0
3.656701688E1,6.823474765E-1,-9.579200745E0,-3.756502390E0
3.656897001E1,5.650315881E-1,-9.775525093E0,-3.050212860E0
3.657098417E1,6.105214357E-1,-1.001973438E1,-2.336740971E0
3.657293729E1,8.523358107E-1,-1.027351952E1,-1.628057122E0
3.657492094E1,1.192312479E0,-1.049139214E1,-6.655880809E-1
3.657687406E1,1.534683347E0,-1.064701462E1,5.770025849E-1
3.657888822E1,1.857900500E0,-1.073081207E1,1.805228114E0
3.658084135E1,2.082955360E0,-1.077869606E1,2.722207308E0
3.658282499E1,2.149993181E0,-1.080982113E1,3.292027235E0
3.658480863E1,2.128445387E0,-1.080982113E1,3.634398222E0
3.658679227E1,2.044648170E0,-1.076433086E1,3.830722809E0
3.658871488E1,1.903390408E0,-1.072123528E1,4.000710964E0
3.659072904E1,1.764526606E0,-1.069250488E1,4.197035789E0
3.659268217E1,1.443703651E0,-1.072123528E1,4.362235546E0
3.659466581E1,1.000776291E0,-1.077630138E1,4.505887508E0
3.659664945E1,9.385270476E-1,-1.074996567E1,4.750096321E0
3.659866361E1,1.197100878E0,-1.070208168E1,4.958391666E0
3.660061674E1,1.335964561E0,-1.070447540E1,5.070919037E0
3.660260038E1,1.197100878E0,-1.071884060E1,5.035006046E0
3.660458402E1,1.096544385E0,-1.068292809E1,4.728548527E0
3.660656766E1,1.228225470E0,-1.058476543E1,4.424484730E0
3.660849027E1,1.333570361E0,-1.044829655E1,4.402936935E0
3.661050443E1,1.233013868E0,-1.034055710E1,4.338293552E0
3.661245756E1,1.098938584E0,-1.026394272E1,3.912125587E0
3.661444120E1,1.031900883E0,-1.021366405E1,3.232172251E0
3.661642484E1,1.048660398E0,-1.014902115E1,2.530671120E0
3.661843900E1,1.074996591E0,-1.006043530E1,1.939303398E0
3.662039213E1,1.065419793E0,-9.957485199E0,1.486799240E0
3.662237577E1,9.720458984E-1,-9.864110947E0,1.130063176E0
3.662435941E1,8.188169599E-1,-9.782708168E0,8.164227605E-1
3.662634306E1,6.727706790E-1,-9.708487511E0,4.860229492E-1
3.662826566E1,5.602431893E-1,-9.610325813E0,1.292868853E-1
3.663027982E1,4.548983276E-1,-9.500192642E0,-2.130839527E-1
3.663223295E1,3.447650373E-1,-9.402029991E0,-5.363011956E-1
3.663421659E1,2.944868207E-1,-9.270348549E0,-8.451532125E-1
3.663620023E1,3.303998411E-1,-9.102754593E0,-1.103726983E0
3.663821439E1,3.974374831E-1,-8.904036522E0,-1.316810966E0
3.664016752E1,4.237737060E-1,-8.707711220E0,-1.484405041E0
3.664215116E1,4.261679053E-1,-8.544905663E0,-1.599326730E0
3.664413480E1,3.830722570E-1,-8.406042099E0,-1.656787634E0
3.664611845E1,3.351882398E-1,-8.288725853E0,-1.659181833E0
3.664807157E1,3.184288144E-1,-8.149862289E0,-1.647210717E0
3.665008573E1,2.825157940E-1,-8.030152321E0,-1.649604917E0
3.665203886E1,2.729389966E-1,-7.946355343E0,-1.656787634E0
3.665402250E1,2.753331959E-1,-7.886500359E0,-1.649604917E0
3.665600614E1,3.327940404E-1,-7.802703381E0,-1.628057122E0
3.665802030E1,3.734954596E-1,-7.735665798E0,-1.570596337E0
3.665997343E1,3.734954596E-1,-7.706935406E0,-1.510741234E0
3.666195707E1,4.189853072E-1,-7.687781811E0,-1.505952835E0
3.666394071E1,5.363011956E-1,-7.711723804E0,-1.561019540E0
3.666592435E1,6.368576288E-1,-7.742848396E0,-1.470039845E0
3.666784696E1,5.913678408E-1,-7.769184589E0,-1.134851575E0
3.666983060E1,3.878606856E-1,-7.788338184E0,-7.637503147E-1
3.667181425E1,1.197100878E-1,-7.783549786E0,-6.033388376E-1
3.667379789E1,-5.027823523E-2,-7.742848396E0,-6.177040339E-1
3.667575101E1,-9.097966552E-2,-7.663839817E0,-6.751648784E-1
3.667773466E1,-1.675941199E-1,-7.596801758E0,-7.685387731E-1
3.667971830E1,-1.532289088E-1,-7.541735172E0,-8.834604025E-1
3.668173246E1,-4.309562966E-2,-7.546523571E0,-9.289502501E-1
3.668365507E1,2.394201700E-3,-7.572859764E0,-9.289502501E-1
3.668566923E1,1.101332754E-1,-7.680599213E0,-9.313444495E-1
3.668762235E1,1.651999205E-1,-7.694964409E0,-9.457096457E-1
3.668957548E1,2.489969730E-1,-7.675810814E0,-9.624691010E-1
3.669155912E1,2.035071403E-1,-7.644686222E0,-9.337386489E-1
3.669357328E1,8.140286058E-2,-7.615955830E0,-8.619126081E-1
3.669552640E1,-5.267243832E-2,-7.589619160E0,-7.805097699E-1
3.669754057E1,-1.987187415E-1,-7.594407558E0,-7.134721279E-1
3.669949369E1,-3.375824392E-1,-7.603984833E0,-6.775590777E-1
3.670150785E1,-4.740519226E-1,-7.618350029E0,-6.464344859E-1
3.670346098E1,-5.937620401E-1,-7.625532627E0,-5.985504389E-1
3.670544462E1,-6.703764796E-1,-7.608773232E0,-5.482721925E-1
3.670742826E1,-7.733271718E-1,-7.601590633E0,-5.075707436E-1
3.670941190E1,-8.595184088E-1,-7.572859764E0,-4.692635238E-1
3.671133451E1,-9.457096457E-1,-7.520187378E0,-4.405331016E-1
3.671334867E1,-1.063025594E0,-7.455543995E0,-4.022258818E-1
3.671533231E1,-1.211466074E0,-7.417236805E0,-3.519476354E-1
3.671731596E1,-1.376665950E0,-7.386112213E0,-2.896983922E-1
3.671923856E1,-1.515529633E0,-7.343016624E0,-2.346317619E-1
3.672125272E1,-1.601720929E0,-7.273584843E0,-2.346317619E-1
3.672320585E1,-1.632845521E0,-7.161057472E0,-2.992752194E-1
3.672518949E1,-1.678335428E0,-7.065289021E0,-3.471592367E-1
3.672717313E1,-1.776497602E0,-7.024587631E0,-3.136404157E-1
3.672915678E1,-1.903390408E0,-7.007828236E0,-2.322375625E-1
3.673107938E1,-1.999158382E0,-6.971915245E0,-1.891419291E-1
3.673309354E1,-2.066195965E0,-6.902483463E0,-1.963245422E-1
3.673504667E1,-2.164358377E0,-6.833051682E0,-2.322375625E-1
3.673703031E1,-2.260126352E0,-6.766014099E0,-2.873041928E-1
3.673898344E1,-2.348711967E0,-6.698976517E0,-3.303998411E-1
3.674099760E1,-2.451662540E0,-6.624756336E0,-3.734954596E-1
3.674292020E1,-2.535459518E0,-6.543353081E0,-4.165911078E-1
3.674493436E1,-2.588132143E0,-6.442796707E0,-4.979939461E-1
3.674691801E1,-2.616862535E0,-6.330269337E0,-6.081272364E-1
3.674890165E1,-2.669534922E0,-6.234501362E0,-7.015010715E-1
3.675085477E1,-2.731784105E0,-6.148310184E0,-7.733271718E-1
3.675286893E1,-2.810792685E0,-6.074089527E0,-8.188169599E-1
3.675482206E1,-2.906560898E0,-5.999869347E0,-8.355764151E-1
3.675680570E1,-3.011905670E0,-5.916072369E0,-8.475474119E-1
3.675878934E1,-3.066972494E0,-5.851428986E0,-8.762778044E-1
3.676080350E1,-3.136404276E0,-5.813121796E0,-9.433154464E-1
3.676275663E1,-3.256114244E0,-5.770026207E0,-1.065419793E0
3.676477079E1,-3.363853455E0,-5.698200226E0,-1.149216771E0
3.676672391E1,-3.462015629E0,-5.614402771E0,-1.185129881E0
3.676870756E1,-3.584120035E0,-5.556941986E0,-1.192312479E0
3.677066068E1,-3.689464808E0,-5.499481201E0,-1.187524080E0
3.677267484E1,-3.768473387E0,-5.420472622E0,-1.209071875E0
3.677459745E1,-3.871424198E0,-5.346252441E0,-1.242590666E0
3.677661161E1,-4.019864559E0,-5.293580055E0,-1.266532660E0
3.677856474E1,-4.185064793E0,-5.250484467E0,-1.280897856E0
3.678054838E1,-4.340687752E0,-5.195417881E0,-1.300051570E0
3.678253202E1,-4.484339714E0,-5.135562420E0,-1.333570361E0
3.678451566E1,-4.620809078E0,-5.066130638E0,-1.345541358E0
3.678643827E1,-4.788403511E0,-5.020640850E0,-1.314416766E0
3.678845243E1,-4.922478676E0,-4.982333660E0,-1.252167463E0
3.679040556E1,-4.972756863E0,-4.896142483E0,-1.187524080E0
3.679238920E1,-5.003881454E0,-4.805162907E0,-1.122880578E0
3.679437284E1,-5.070919037E0,-4.747702122E0,-1.063025594E0
3.679638700E1,-5.133168221E0,-4.702212334E0,-1.024718285E0
3.679834012E1,-5.197812080E0,-4.678270340E0,-9.648633003E-1
3.680032377E1,-5.260061264E0,-4.675876141E0,-8.930372596E-1
3.680230741E1,-5.243301868E0,-4.642356873E0,-8.595184088E-1
3.680429105E1,-5.140350819E0,-4.563348293E0,-8.523358107E-1
3.680621366E1,-5.056553841E0,-4.498704910E0,-8.427590132E-1
3.680822782E1,-5.046977043E0,-4.479551315E0,-8.164227605E-1
3.681018095E1,-5.070919037E0,-4.496310711E0,-7.685387731E-1
3.681216459E1,-5.087678432E0,-4.548983097E0,-7.158663273E-1
3.681414823E1,-5.087678432E0,-4.620809078E0,-6.727706790E-1
3.681616239E1,-5.078101635E0,-4.680664539E0,-6.296750307E-1
3.681811552E1,-5.056553841E0,-4.728548527E0,-5.698199868E-1
3.682009916E1,-5.015852451E0,-4.774038315E0,-5.051765442E-1
3.682208280E1,-4.932055473E0,-4.814739704E0,-4.572925270E-1
3.682406644E1,-4.795586109E0,-4.845864296E0,-4.237737060E-1
3.682598905E1,-4.627991676E0,-4.876988888E0,-3.854664862E-1
3.682800321E1,-4.472368717E0,-4.908113480E0,-3.543418646E-1
3.682995634E1,-4.328716755E0,-4.960785866E0,-3.208230138E-1
3.683193998E1,-4.192247391E0,-5.008669853E0,-2.873041928E-1
3.683392362E1,-4.067748547E0,-5.046977043E0,-2.561795712E-1
3.683593778E1,-3.945644379E0,-5.080495834E0,-2.154781520E-1
3.683789091E1,-3.837905407E0,-5.125985622E0,-1.675941199E-1
3.683987455E1,-3.749319792E0,-5.181052685E0,-1.149216816E-1
3.684185819E1,-3.687070608E0,-5.238513470E0,-5.267243832E-2
3.684384183E1,-3.658340216E0,-5.264849663E0,-2.154781483E-2
3.684579496E1,-3.603273630E0,-5.322310448E0,4.070143029E-2
3.684780912E1,-3.531447411E0,-5.382165432E0,9.576806426E-2
3.684976224E1,-3.450044632E0,-5.442020416E0,1.436520964E-1
3.685174589E1,-3.368641853E0,-5.492298603E0,1.867477298E-1
3.685372953E1,-3.299209833E0,-5.542576790E0,2.298433632E-1
3.685574369E1,-3.229778051E0,-5.585672379E0,2.657563984E-1
3.685769682E1,-3.138798475E0,-5.640739441E0,3.184288144E-1
3.685971098E1,-3.050212860E0,-5.698200226E0,4.046200812E-1
3.686163358E1,-2.978386879E0,-5.758055210E0,5.075707436E-1
3.686364774E1,-2.894589901E0,-5.808333397E0,6.272808313E-1
3.686563138E1,-2.801215887E0,-5.863399982E0,7.685387731E-1
3.686758451E1,-2.698265314E0,-5.928043365E0,9.337386489E-1
3.686956815E1,-2.602497339E0,-5.995080948E0,1.094150186E0
3.687158231E1,-2.528276920E0,-6.074089527E0,1.240196466E0
3.687353544E1,-2.473210335E0,-6.174646378E0,1.379060149E0
3.687554960E1,-2.418143749E0,-6.275202751E0,1.522712231E0
3.687750272E1,-2.334346771E0,-6.385335922E0,1.692700624E0
3.687951688E1,-2.229001760E0,-6.490680695E0,1.889025092E0
3.688147001E1,-2.123656988E0,-6.600813866E0,2.109291792E0
3.688345365E1,-2.018311977E0,-6.727706909E0,2.355894566E0
3.688543729E1,-1.910573006E0,-6.856993675E0,2.621650934E0
3.688742094E1,-1.798045516E0,-7.000645638E0,2.901772499E0
3.688937406E1,-1.666364431E0,-7.156269073E0,3.205836058E0
3.689135770E1,-1.515529633E0,-7.302315235E0,3.533841610E0
3.689334135E1,-1.371877551E0,-7.457938194E0,3.878606796E0
3.689535551E1,-1.230619669E0,-7.642292023E0,4.232948780E0
3.689730863E1,-1.079784989E0,-7.848193169E0,4.604049683E0
3.689929227E1,-9.026140571E-1,-8.068459511E0,4.987122059E0
3.690127592E1,-6.799532771E-1,-8.286332130E0,5.374982834E0
3.690325956E1,-4.189853072E-1,-8.487444878E0,5.777208805E0
3.690518217E1,-1.292868853E-1,-8.678980827E0,6.177040577E0
3.690719633E1,1.580173075E-1,-8.901641846E0,6.588842869E0
3.690914945E1,4.405331016E-1,-9.169792175E0,7.022193432E0
3.691113309E1,7.254431248E-1,-9.466673851E0,7.455543995E0
3.691311674E1,9.911994934E-1,-9.794678688E0,7.872135162E0
3.691513090E1,1.228225470E0,-1.016578007E1,8.274360657E0
3.691708402E1,1.438915253E0,-1.062546730E1,8.690952301E0
3.691906766E1,1.632845521E0,-1.116655636E1,9.117119789E0
3.692105131E1,1.843535304E0,-1.175074196E1,9.557653427E0
3.692303495E1,2.075772762E0,-1.236126328E1,9.995792389E0
3.692495756E1,2.310404539E0,-1.301248646E1,1.041956615E1
3.692697172E1,2.554613113E0,-1.368765068E1,1.084333992E1
3.692892484E1,2.803610086E0,-1.439394093E1,1.128147888E1
3.693090848E1,3.093308687E0,-1.511698914E1,1.166455078E1
3.693289213E1,3.440467834E0,-1.585440350E1,1.196861458E1
3.693490629E1,3.761290789E0,-1.660139465E1,1.228464890E1
3.693685941E1,3.986345768E0,-1.735078049E1,1.251688671E1
3.693884306E1,4.213795185E0,-1.805706978E1,1.275630665E1
3.694082670E1,4.491522312E0,-1.869153214E1,1.307234097E1
3.694281034E1,4.802768707E0,-1.924459267E1,1.335964584E1
3.694476346E1,5.094861031E0,-1.972822189E1,1.359188271E1
3.694677762E1,5.370194435E0,-2.015678406E1,1.380496693E1
3.694873075E1,5.561730385E0,-2.051351929E1,1.401565647E1
3.695071439E1,5.707777023E0,-2.074575806E1,1.422155857E1
3.695269804E1,5.813121796E0,-2.082237244E1,1.437239265E1
3.695468168E1,5.882553577E0,-2.072899818E1,1.445140171E1
3.695660429E1,5.963956356E0,-2.042254066E1,1.444661331E1
3.695861845E1,6.066906929E0,-1.989102745E1,1.428859615E1
3.696057157E1,6.143521786E0,-1.921346855E1,1.397256088E1
3.696255521E1,6.114790916E0,-1.847365952E1,1.350808620E1
3.696453886E1,5.971138954E0,-1.770033264E1,1.290474701E1
3.696652250E1,5.755661011E0,-1.689588165E1,1.223197651E1
3.696847562E1,5.487510204E0,-1.608903503E1,1.152808094E1
3.697048978E1,5.173870087E0,-1.530613136E1,1.082658005E1
3.697244291E1,4.841075897E0,-1.454477501E1,1.015380955E1
3.697442655E1,4.501099110E0,-1.380017853E1,9.473855972E0
3.697634916E1,4.127603531E0,-1.308910084E1,8.791508675E0
3.697836332E1,3.699041605E0,-1.240914726E1,8.137891769E0
3.698028593E1,3.234566450E0,-1.176271248E1,7.496245384E0
3.698230009E1,2.731784105E0,-1.116895103E1,6.866570473E0
3.698428373E1,2.176329374E0,-1.064222622E1,6.263231754E0
3.698623685E1,1.570596337E0,-1.016099167E1,5.693411827E0
3.698822050E1,9.217676520E-1,-9.727641106E0,5.154716492E0
3.699020414E1,2.633621991E-1,-9.342175484E0,4.673481941E0
3.699215726E1,-3.878606856E-1,-9.002198219E0,4.252102375E0
3.699414091E1,-1.034295082E0,-8.707711220E0,3.859453201E0
3.699612455E1,-1.642422318E0,-8.441955566E0,3.524264812E0
3.699810819E1,-2.240972757E0,-8.212111473E0,3.337517262E0
3.700006132E1,-2.803610086E0,-8.030152321E0,3.232172251E0
3.700207548E1,-3.294421434E0,-7.891288757E0,3.126827478E0
3.700402860E1,-3.502717018E0,-7.833827972E0,3.078943491E0
3.700601224E1,-4.043806553E0,-7.694964409E0,2.966415882E0
3.700796537E1,-4.216189384E0,-7.663839817E0,2.932897091E0
3.700994901E1,-4.489128113E0,-7.625532627E0,2.853888512E0
3.701190214E1,-4.661510944E0,-7.592013359E0,2.762908697E0
3.701391630E1,-4.793191910E0,-7.580042362E0,2.628833532E0
3.701586942E1,-4.888959885E0,-7.592013359E0,2.398990154E0
3.701785307E1,-4.910507679E0,-7.625532627E0,2.087743998E0
3.701983671E1,-4.888959885E0,-7.704541206E0,1.728613615E0
3.702182035E1,-4.788403511E0,-7.833827972E0,1.326387763E0
3.702374296E1,-4.623203278E0,-7.999027729E0,8.882488012E-1
3.702575712E1,-4.443638325E0,-8.243236542E0,4.285621047E-1
3.702771024E1,-4.297592163E0,-8.602366447E0,-4.788403399E-3
3.702969388E1,-4.209006786E0,-9.083600998E0,-4.477157295E-1
3.703167753E1,-4.137180328E0,-9.636661530E0,-9.648633003E-1
3.703369169E1,-3.976768970E0,-1.017535686E1,-1.601720929E0
3.703564481E1,-3.718195200E0,-1.069489861E1,-2.346317768E0
3.703762846E1,-3.442862034E0,-1.121683502E1,-3.201047659E0
3.703961210E1,-3.198653460E0,-1.173637676E1,-4.129997730E0
3.704159574E1,-2.999934673E0,-1.226070690E1,-5.090072632E0
3.704351835E1,-2.863465309E0,-1.278264332E1,-6.035782337E0
3.704553251E1,-2.803610086E0,-1.330697346E1,-6.921637058E0
3.704748563E1,-2.786850691E0,-1.385045719E1,-7.716512203E0
3.704946928E1,-2.758120298E0,-1.440112305E1,-8.367734909E0
3.705142240E1,-2.746149302E0,-1.492545319E1,-8.836998940E0
3.705343656E1,-2.755726099E0,-1.536838055E1,-9.133879662E0
3.705538969E1,-2.755726099E0,-1.573948193E1,-9.291896820E0
3.705737333E1,-2.719813108E0,-1.604594040E1,-9.260771751E0
3.705935697E1,-2.636016130E0,-1.627338982E1,-9.093177795E0
3.706134061E1,-2.509123325E0,-1.636676216E1,-8.836998940E0
3.706326322E1,-2.360682964E0,-1.636436844E1,-8.432378769E0
3.706524686E1,-2.190694571E0,-1.628296661E1,-7.948749542E0
3.706723051E1,-2.025494576E0,-1.617522621E1,-7.496245384E0
3.706924467E1,-1.893813491E0,-1.607706451E1,-7.029376030E0
3.707119779E1,-1.790862918E0,-1.593101788E1,-6.555324078E0
3.707318143E1,-1.778891921E0,-1.573948193E1,-6.052541733E0
3.707516508E1,-1.812410712E0,-1.549766731E1,-5.458779812E0
3.707714872E1,-1.833958507E0,-1.521754646E1,-4.721365929E0
3.707907133E1,-1.865083098E0,-1.487996387E1,-3.837905407E0
3.708108549E1,-1.905784607E0,-1.448731422E1,-2.736572504E0
3.708303861E1,-1.886630893E0,-1.403241634E1,-1.391031146E0
3.708499174E1,-1.740584612E0,-1.352484512E1,1.532289088E-1
3.708697538E1,-1.496376038E0,-1.300051498E1,1.798045516E0
3.708898954E1,-1.154005170E0,-1.245224285E1,3.464409828E0
3.709094266E1,-7.038952708E-1,-1.188242340E1,4.984727859E0
3.709295682E1,-1.891419291E-1,-1.126232433E1,6.157886982E0
3.709490995E1,3.136404157E-1,-1.059434223E1,6.907271862E0
3.709692411E1,7.589619160E-1,-9.900024414E0,7.230489254E0
3.709884672E1,1.101332784E0,-9.236829758E0,7.072471619E0
3.710086088E1,1.347935557E0,-8.645462036E0,6.476315498E0
3.710284452E1,1.510741234E0,-8.133103371E0,5.595249176E0
3.710482816E1,1.572990537E0,-7.702147007E0,4.515464306E0
3.710678129E1,1.532289028E0,-7.343016624E0,3.287238836E0
3.710879545E1,1.395819545E0,-7.010222435E0,1.991975784E0
3.711074857E1,1.182735682E0,-6.720524311E0,7.278373241E-1
3.711273222E1,9.050082564E-1,-6.478709698E0,-4.237737060E-1
3.711468534E1,5.817909837E-1,-6.279991150E0,-1.381454349E0
3.711669950E1,2.011129409E-1,-6.112396717E0,-2.104503393E0
3.711865262E1,-1.915361285E-1,-5.947196960E0,-2.691082716E0
3.712063627E1,-5.554547906E-1,-5.781997204E0,-3.174711466E0
3.712261991E1,-8.667010069E-1,-5.614402771E0,-3.541024208E0
3.712460355E1,-1.101332784E0,-5.449203014E0,-3.701435804E0
3.712655668E1,-1.280897856E0,-5.327098846E0,-3.734954596E0
3.712857084E1,-1.422155857E0,-5.248090267E0,-3.703830004E0
3.713052396E1,-1.515529633E0,-5.195417881E0,-3.629609823E0
3.713250761E1,-1.551442742E0,-5.130774021E0,-3.569754839E0
3.713446073E1,-1.565807939E0,-5.061342239E0,-3.572149038E0
3.713647489E1,-1.608903527E0,-5.011064053E0,-3.639186621E0
3.713842802E1,-1.666364431E0,-4.984727859E0,-3.722983599E0
3.714041166E1,-1.697489023E0,-4.994304657E0,-3.842693806E0
3.714239530E1,-1.714248419E0,-5.032611847E0,-4.022258759E0
3.714437894E1,-1.805228114E0,-5.109226227E0,-4.206612587E0
3.714633207E1,-2.008735180E0,-5.236119270E0,-4.378994942E0
3.714834623E1,-2.293645144E0,-5.394136429E0,-4.546588898E0
3.715029935E1,-2.566584110E0,-5.588066578E0,-4.764461517E0
3.715228300E1,-2.786850691E0,-5.846640587E0,-5.044582844E0
3.715426664E1,-3.062183857E0,-6.145915985E0,-5.228936672E0
3.715621976E1,-3.239354849E0,-6.301538944E0,-5.272032261E0
3.715820341E1,-3.612850428E0,-6.636727333E0,-5.298368454E0
3.716021757E1,-4.098873138E0,-7.237671852E0,-5.207388878E0
3.716217069E1,-4.211400986E0,-7.457938194E0,-5.147533417E0
3.716415433E1,-4.357447147E0,-7.912836552E0,-4.996698856E0
3.716613798E1,-4.402936935E0,-8.374917984E0,-4.817133904E0
3.716812162E1,-4.323928356E0,-8.801085472E0,-4.680664539E0
3.717007474E1,-4.103661537E0,-9.198522568E0,-4.639962673E0
3.717205839E1,-3.758896589E0,-9.564835548E0,-4.630385876E0
3.717404203E1,-3.323152065E0,-9.923966408E0,-4.553771496E0
3.717602567E1,-2.853888512E0,-1.029506683E1,-4.359841347E0
3.717797880E1,-2.377442360E0,-1.066137981E1,-4.103661537E0
3.717999296E1,-1.900996208E0,-1.101811600E1,-3.852270603E0
3.718194608E1,-1.462857246E0,-1.134372807E1,-3.603273630E0
3.718392973E1,-1.027112484E0,-1.162624359E1,-3.356670856E0
3.718591337E1,-5.722141862E-1,-1.185848141E1,-3.119644880E0
3.718789701E1,-1.460463107E-1,-1.204283428E1,-2.841917515E0
3.718985014E1,2.202665508E-1,-1.220324612E1,-2.480392933E0
3.719183378E1,5.075707436E-1,-1.231577396E1,-2.001552582E0
3.719381742E1,8.044517636E-1,-1.236605167E1,-1.465251446E0
3.719580106E1,1.187524080E0,-1.236365795E1,-9.217676520E-1
3.719775419E1,1.608903527E0,-1.231816769E1,-4.022258818E-1
3.719976835E1,2.001552582E0,-1.223197651E1,8.379705995E-2
3.720172147E1,2.384624958E0,-1.212184334E1,5.027823448E-1
3.720370512E1,2.865859509E0,-1.200213337E1,8.164227605E-1
3.720568876E1,3.375824451E0,-1.187763500E1,1.063025594E0
3.720767240E1,3.818751812E0,-1.174355888E1,1.213860273E0
3.720965604E1,4.290409565E0,-1.159990692E1,1.240196466E0
3.721163969E1,4.819528103E0,-1.146104336E1,1.197100878E0
3.721362333E1,5.288791656E0,-1.135809326E1,1.084573388E0
3.721560697E1,5.702988625E0,-1.128866100E1,9.313444495E-1
3.721756010E1,6.088454723E0,-1.124077702E1,7.613561153E-1
3.721957426E1,6.428431511E0,-1.117373943E1,6.344634295E-1
3.722152738E1,6.703764915E0,-1.108754826E1,5.698199868E-1
3.722351102E1,6.856993675E0,-1.098938560E1,5.770025849E-1
3.722549467E1,6.914454460E0,-1.087685871E1,6.584054828E-1
3.722747831E1,6.902483463E0,-1.078348446E1,7.948749661E-1
3.722943143E1,6.833051682E0,-1.070687008E1,9.888052940E-1
3.723141508E1,6.667851925E0,-1.063264942E1,1.187524080E0
3.723339872E1,6.507440090E0,-1.052251625E1,1.395819545E0
3.723535184E1,6.373364925E0,-1.038844109E1,1.537077546E0
3.723733549E1,6.169857979E0,-1.022324085E1,1.592144132E0
3.723934965E1,5.889736176E0,-1.004607010E1,1.623268723E0
3.724130277E1,5.552153587E0,-9.883264542E0,1.659181833E0
3.724328641E1,5.169081688E0,-9.746794701E0,1.699883223E0
3.724527006E1,4.759673119E0,-9.636661530E0,1.738190413E0
3.724725370E1,4.331110954E0,-9.572018623E0,1.740584612E0
3.724920682E1,3.885789394E0,-9.536105156E0,1.719036818E0
3.725119047E1,3.452438831E0,-9.485827446E0,1.661576033E0
3.725311308E1,3.035847664E0,-9.425971985E0,1.570596337E0
3.725512724E1,2.609679937E0,-9.392453194E0,1.513135433E0
3.725708036E1,2.214636564E0,-9.378087997E0,1.505952835E0
3.725906400E1,1.817199111E0,-9.385271072E0,1.529894829E0
3.726104765E1,1.391031146E0,-9.411606789E0,1.532289028E0
3.726303129E1,9.457096457E-1,-9.445125580E0,1.515529633E0
3.726495390E1,5.363011956E-1,-9.483432770E0,1.534683347E0
3.726696806E1,2.154781520E-1,-9.526528358E0,1.656787634E0
3.726892118E1,-1.436521020E-2,-9.576807022E0,1.889025092E0
3.727090482E1,-1.843535304E-1,-9.610325813E0,2.195482969E0
3.727285795E1,-3.232172430E-1,-9.641449928E0,2.482787132E0
3.727487211E1,-4.955997467E-1,-9.660603523E0,2.726995707E0
3.727682523E1,-7.924807668E-1,-9.641449928E0,2.940079689E0
3.727880888E1,-1.156399369E0,-9.598354340E0,2.983175278E0
3.728079252E1,-1.517923832E0,-9.555258751E0,2.782062292E0
3.728277616E1,-1.915361404E0,-9.531316757E0,2.454056740E0
3.728472929E1,-2.310404539E0,-9.552865028E0,2.068590164E0
3.728671293E1,-2.626439333E0,-9.605537415E0,1.525106430E0
3.728869657E1,-2.908955097E0,-9.646238327E0,9.816226959E-1
3.729071073E1,-3.193865061E0,-9.648633003E0,6.655880809E-1
3.729266386E1,-3.438073635E0,-9.622296333E0,6.129156351E-1
3.729464750E1,-3.574543238E0,-9.564835548E0,7.374141216E-1
3.729663114E1,-3.574543238E0,-9.490615845E0,9.648633003E-1
3.729861478E1,-3.464409828E0,-9.421183586E0,1.230619669E0
3.730053739E1,-3.284844637E0,-9.368511200E0,1.508347034E0
3.730255155E1,-3.062183857E0,-9.330204010E0,1.764526606E0
3.730450468E1,-2.782062292E0,-9.294290543E0,1.946485996E0
3.730648832E1,-2.501940727E0,-9.263166428E0,2.061407566E0
3.730847196E1,-2.243366957E0,-9.227252960E0,2.123656988E0
3.731048612E1,-1.996764183E0,-9.193734169E0,2.135627985E0
3.731243925E1,-1.867477298E0,-9.179368973E0,2.123656988E0
3.731442289E1,-1.405396342E0,-9.150638580E0,2.020706177E0
3.731640653E1,-1.244984865E0,-9.148244858E0,1.972822189E0
3.731839017E1,-9.624691010E-1,-9.153033257E0,1.900996208E0
3.732031278E1,-7.565677166E-1,-9.167398453E0,1.900996208E0
3.732232694E1,-6.105214357E-1,-9.203310966E0,1.941697598E0
3.732428007E1,-4.764461517E-1,-9.246406555E0,1.941697598E0
3.732626371E1,-3.112462163E-1,-9.277531624E0,1.829170108E0
3.732824735E1,-8.379705995E-2,-9.291896820E0,1.611297727E0
3.733026151E1,1.819593310E-1,-9.279925346E0,1.391031146E0
3.733221464E1,4.572925270E-1,-9.277531624E0,1.218648672E0
3.733419828E1,6.967126727E-1,-9.287108421E0,1.074996591E0
3.733618192E1,8.906430602E-1,-9.291896820E0,9.289502501E-1
3.733816557E1,1.063025594E0,-9.284713745E0,7.637503147E-1
3.734008817E1,1.268926859E0,-9.260771751E0,6.009446383E-1
3.734210233E1,1.503558636E0,-9.241618156E0,4.620809257E-1
3.734405546E1,1.740584612E0,-9.234436035E0,3.687070608E-1
3.734603910E1,1.946485996E0,-9.239224434E0,3.016694188E-1
3.734802274E1,2.104503393E0,-9.248801231E0,2.346317619E-1
3.735000638E1,2.205059767E0,-9.265560150E0,1.484405100E-1
3.735195951E1,2.252943754E0,-9.287108421E0,3.830722719E-2
3.735397367E1,2.269703150E0,-9.308655739E0,-7.661445439E-2
3.735592680E1,2.252943754E0,-9.332598686E0,-1.939303428E-1
3.735791044E1,2.200271368E0,-9.358934402E0,-3.208230138E-1
3.735989408E1,2.149993181E0,-9.366117477E0,-4.237737060E-1
3.736187772E1,2.106897593E0,-9.366117477E0,-5.315127969E-1
3.736383085E1,2.042253971E0,-9.382876396E0,-6.631938815E-1
3.736584501E1,1.951274395E0,-9.402029991E0,-8.044517636E-1
3.736779813E1,1.869871497E0,-9.409213066E0,-9.265560508E-1
3.736978178E1,1.788468719E0,-9.406818390E0,-1.031900883E0
3.737173490E1,1.685518026E0,-9.402029991E0,-1.139639974E0
3.737374906E1,1.604115129E0,-9.404424667E0,-1.225831270E0
3.737567167E1,1.553836942E0,-9.397241592E0,-1.280897856E0
3.737768583E1,1.513135433E0,-9.363722801E0,-1.304839969E0
3.737963895E1,1.477222443E0,-9.318233490E0,-1.314416766E0
3.738159208E1,1.438915253E0,-9.260771751E0,-1.316810966E0
3.738357572E1,1.400607944E0,-9.208099365E0,-1.319205165E0
3.738555936E1,1.359906554E0,-9.157821655E0,-1.321599364E0
3.738751249E1,1.345541358E0,-9.105149269E0,-1.288080573E0
3.738949613E1,1.335964561E0,-9.057265282E0,-1.252167463E0
3.739147977E1,1.326387763E0,-9.023746490E0,-1.237802267E0
3.739346342E1,1.312022567E0,-8.999804497E0,-1.233013868E0
3.739541654E1,1.302445769E0,-8.971074104E0,-1.213860273E0
3.739743070E1,1.297657371E0,-8.954314232E0,-1.199495077E0
3.739938383E1,1.309628367E0,-8.942343712E0,-1.192312479E0
3.740136747E1,1.319205165E0,-8.920795441E0,-1.175553083E0
3.740335111E1,1.335964561E0,-8.904036522E0,-1.154005170E0
3.740533475E1,1.347935557E0,-8.894459724E0,-1.142034173E0
3.740728788E1,1.338358760E0,-8.889671326E0,-1.142034173E0
3.740927152E1,1.331176162E0,-8.887276649E0,-1.151610970E0
3.741125516E1,1.338358760E0,-8.889671326E0,-1.175553083E0
3.741323881E1,1.338358760E0,-8.889671326E0,-1.213860273E0
3.741519193E1,1.335964561E0,-8.889671326E0,-1.259350061E0
3.741720609E1,1.333570361E0,-8.887276649E0,-1.300051570E0
3.741915922E1,1.350329757E0,-8.868123055E0,-1.331176162E0
3.742114286E1,1.367089152E0,-8.853757858E0,-1.352723956E0
3.742312650E1,1.369483352E0,-8.851364136E0,-1.383848548E0
3.742514066E1,1.359906554E0,-8.851364136E0,-1.412579060E0
3.742709379E1,1.333570361E0,-8.848969460E0,-1.426944256E0
3.742907743E1,1.302445769E0,-8.851364136E0,-1.426944256E0
3.743106107E1,1.273715258E0,-8.863334656E0,-1.407790542E0
3.743307523E1,1.235408068E0,-8.880094528E0,-1.383848548E0
3.743502836E1,1.204283476E0,-8.892065048E0,-1.352723956E0
3.743704252E1,1.161187768E0,-8.899248123E0,-1.309628367E0
3.743902616E1,1.096544385E0,-8.906430244E0,-1.254561663E0
3.744100980E1,1.027112484E0,-8.916007042E0,-1.201889277E0
3.744293241E1,9.552865028E-1,-8.923190117E0,-1.156399369E0
3.744494657E1,8.738836050E-1,-8.927978516E0,-1.125274777E0
3.744686918E1,7.852981687E-1,-8.944737434E0,-1.079784989E0
3.744888334E1,6.967126727E-1,-8.956708908E0,-1.036689281E0
3.745083646E1,6.129156351E-1,-8.963891029E0,-1.019929886E0
3.745282011E1,5.195417404E-1,-8.983044624E0,-1.010353088E0
3.745480375E1,4.046200812E-1,-9.006986618E0,-9.792284966E-1
3.745678739E1,2.777273953E-1,-9.040505409E0,-9.457096457E-1
3.745871000E1,1.556231081E-1,-9.062053680E0,-9.145850539E-1
3.746072416E1,4.788403213E-2,-9.088389397E0,-8.810662031E-1
3.746267728E1,-5.027823523E-2,-9.124302864E0,-8.475474119E-1
3.746466093E1,-1.532289088E-1,-9.153033257E0,-8.212111592E-1
3.746664457E1,-2.777273953E-1,-9.169792175E0,-8.020575643E-1
3.746865873E1,-4.261679053E-1,-9.186552048E0,-7.709329724E-1
3.747061185E1,-5.075707436E-1,-9.198522568E0,-7.493851185E-1
3.747259550E1,-6.464344859E-1,-9.222464561E0,-6.847416759E-1
3.747457914E1,-7.422025204E-1,-9.255983353E0,-6.320692301E-1
3.747656278E1,-8.068459630E-1,-9.291896820E0,-5.937620401E-1
3.747848539E1,-8.738836050E-1,-9.323021889E0,-5.554547906E-1
3.748049955E1,-9.337386489E-1,-9.349357605E0,-5.243301988E-1
3.748248319E1,-9.792284966E-1,-9.397241592E0,-4.908113480E-1
3.748446683E1,-1.012747288E0,-9.459490776E0,-4.620809257E-1
3.748641996E1,-1.034295082E0,-9.512163162E0,-4.525041282E-1
3.748840360E1,-1.048660398E0,-9.548076630E0,-4.620809257E-1
3.749038724E1,-1.065419793E0,-9.581595421E0,-4.764461517E-1
3.749237089E1,-1.098938584E0,-9.598354340E0,-4.884171486E-1
3.749432401E1,-1.142034173E0,-9.595960617E0,-4.453215301E-1
3.749633817E1,-1.192312479E0,-9.583989143E0,-3.926490843E-1
3.749829130E1,-1.204283476E0,-9.583989143E0,-4.237737060E-1
3.750024442E1,-1.139639974E0,-9.605537415E0,-5.243301988E-1
3.750222807E1,-1.022324085E0,-9.653421402E0,-6.320692301E-1
3.750421171E1,-8.930372596E-1,-9.710882187E0,-6.991068721E-1
3.750616483E1,-7.805097699E-1,-9.768342972E0,-7.206547260E-1
3.750814848E1,-7.182605267E-1,-9.823410034E0,-7.158663273E-1
3.751013212E1,-6.655880809E-1,-9.880870819E0,-7.062895298E-1
3.751211576E1,-5.865794420E-1,-9.935936928E0,-7.062895298E-1
3.751406888E1,-4.836287498E-1,-9.981427193E0,-7.254431248E-1
3.751608304E1,-3.758896589E-1,-1.001973438E1,-7.661445141E-1
3.751803617E1,-2.753331959E-1,-1.005564690E1,-8.355764151E-1
3.752001981E1,-1.795651317E-1,-1.009156036E1,-9.121908545E-1
3.752200346E1,-8.619125932E-2,-1.011310768E1,-9.864110947E-1
3.752398710E1,4.788403399E-3,-1.013704967E1,-1.036689281E0
3.752594022E1,9.576806426E-2,-1.015620327E1,-1.072602391E0
3.752792387E1,1.843535304E-1,-1.016817474E1,-1.098938584E0
3.752990751E1,2.633621991E-1,-1.016578007E1,-1.118092179E0
3.753189115E1,3.399766386E-1,-1.014662647E1,-1.132457376E0
3.753384428E1,4.261679053E-1,-1.013226128E1,-1.146822572E0
3.753585844E1,5.099649429E-1,-1.011550236E1,-1.156399369E0
3.753781156E1,5.865794420E-1,-1.008677197E1,-1.151610970E0
3.753979520E1,6.488286853E-1,-1.003888798E1,-1.134851575E0
3.754177885E1,6.943184733E-1,-9.983820915E0,-1.125274777E0
3.754376249E1,7.326257229E-1,-9.923966408E0,-1.101332784E0
3.754571561E1,7.517793179E-1,-9.864110947E0,-1.048660398E0
3.754772977E1,7.541735172E-1,-9.813833237E0,-9.696516991E-1
3.754968290E1,7.493851185E-1,-9.773131371E0,-8.738836050E-1
3.755166654E1,7.254431248E-1,-9.751583099E0,-7.565677166E-1
3.755361967E1,6.751648784E-1,-9.739612579E0,-6.105214357E-1
3.755563383E1,6.129156351E-1,-9.753977776E0,-4.501099288E-1
3.755758695E1,5.339069963E-1,-9.775525093E0,-2.657563984E-1
3.755960111E1,4.429273009E-1,-9.816226959E0,-5.267243832E-2
3.756158475E1,3.351882398E-1,-9.864110947E0,1.675941199E-1
3.756356840E1,2.298433632E-1,-9.916783333E0,3.806780577E-1
3.756549100E1,1.316810995E-1,-9.983820915E0,5.746083856E-1
3.756750516E1,5.506663769E-2,-1.005564690E1,7.422025204E-1
3.756945829E1,-1.197100803E-2,-1.013944435E1,8.643068075E-1
3.757144193E1,-6.464344263E-2,-1.023521233E1,9.337386489E-1
3.757342558E1,-9.337386489E-2,-1.033816338E1,9.457096457E-1
3.757540922E1,-9.576806426E-2,-1.043153667E1,9.097966552E-1
3.757733182E1,-7.661445439E-2,-1.053448772E1,8.499416113E-1
3.757934598E1,-3.830722719E-2,-1.064462090E1,7.661445141E-1
3.758129911E1,1.436521020E-2,-1.075235939E1,6.344634295E-1
3.758328275E1,8.379705995E-2,-1.084812832E1,4.860229492E-1
3.758523588E1,1.843535304E-1,-1.095347309E1,3.375824392E-1
3.758725004E1,3.040636182E-1,-1.109233665E1,1.939303428E-1
3.758920316E1,4.237737060E-1,-1.122880554E1,5.027823523E-2
3.759118680E1,5.458779931E-1,-1.134612179E1,-9.816227108E-2
3.759317045E1,6.679822803E-1,-1.145625496E1,-2.418143749E-1
3.759515409E1,7.996633649E-1,-1.155202293E1,-3.687070608E-1
3.759707670E1,9.337386489E-1,-1.162863731E1,-4.548983276E-1
3.759909086E1,1.086967587E0,-1.167891598E1,-4.979939461E-1
3.760104398E1,1.233013868E0,-1.172440529E1,-5.099649429E-1
3.760302762E1,1.362300754E0,-1.177947235E1,-4.860229492E-1
3.760498075E1,1.474828243E0,-1.184172153E1,-4.213795066E-1
3.760699491E1,1.565807939E0,-1.188960552E1,-3.303998411E-1
3.760894804E1,1.640028119E0,-1.192551899E1,-2.202665508E-1
3.761093168E1,1.692700624E0,-1.195185471E1,-6.943184882E-2
3.761291532E1,1.709460020E0,-1.197100830E1,1.197100878E-1
3.761489896E1,1.692700624E0,-1.198776817E1,3.447650373E-1
3.761682157E1,1.668758631E0,-1.199255657E1,4.716577232E-1
3.761880521E1,1.608903527E0,-1.199973869E1,7.398083210E-1
3.762078886E1,1.517923832E0,-1.200213337E1,1.031900883E0
3.762277250E1,1.395819545E0,-1.199734497E1,1.340752959E0
3.762475614E1,1.256955862E0,-1.198297977E1,1.651999116E0
3.762673978E1,1.120486379E0,-1.196382618E1,1.970427990E0
3.762872343E1,9.744400978E-1,-1.194946098E1,2.317587137E0
3.763067655E1,8.307880163E-1,-1.193748951E1,2.688688517E0
3.763266019E1,6.823474765E-1,-1.192791271E1,3.078943491E0
3.763467435E1,5.434837937E-1,-1.191833591E1,3.476380825E0
3.763662748E1,4.213795066E-1,-1.190397072E1,3.883395195E0
3.763861112E1,3.160346150E-1,-1.188481712E1,4.283226967E0
3.764056425E1,2.418143749E-1,-1.187524033E1,4.675876141E0
3.764257841E1,1.915361285E-1,-1.188960552E1,5.049371243E0
3.764453153E1,1.460463107E-1,-1.193270111E1,5.389348030E0
3.764651517E1,9.816227108E-2,-1.199973869E1,5.698200226E0
3.764843778E1,5.746084079E-2,-1.209311295E1,5.949591160E0
3.765045194E1,1.915361360E-2,-1.220563984E1,6.138733387E0
3.765240507E1,2.394201700E-3,-1.234210968E1,6.260837555E0
3.765438871E1,-9.576806799E-3,-1.250730991E1,6.335057735E0
3.765637235E1,0.000000000E0,-1.269884586E1,6.380547523E0
3.765835599E1,2.873042040E-2,-1.292150688E1,6.387730122E0
3.766030912E1,7.182604820E-2,-1.316571522E1,6.373364925E0
3.766232328E1,1.388636976E-1,-1.341231823E1,6.351817131E0
3.766427640E1,2.154781520E-1,-1.363737297E1,6.330269337E0
3.766626005E1,2.729389966E-1,-1.381693840E1,6.330269337E0
3.766821317E1,3.280056417E-1,-1.397495556E1,6.358999729E0
3.767022733E1,3.950432837E-1,-1.409705925E1,6.433219910E0
3.767218046E1,4.525041282E-1,-1.415930843E1,6.574477673E0
3.767416410E1,5.027823448E-1,-1.416170311E1,6.770802498E0
3.767614774E1,5.434837937E-1,-1.411142445E1,7.003039837E0
3.767813138E1,5.674257874E-1,-1.401565647E1,7.249642849E0
3.768005399E1,5.626373887E-1,-1.389355278E1,7.491456985E0
3.768206815E1,5.147533417E-1,-1.375229454E1,7.721300602E0
3.768405180E1,4.237737060E-1,-1.362779617E1,7.943961143E0
3.768603544E1,2.992752194E-1,-1.355836391E1,8.133103371E0
3.768795804E1,1.436520964E-1,-1.351047993E1,8.283937454E0
3.768997221E1,-9.576806799E-3,-1.349132633E1,8.379706383E0
3.769192533E1,-1.316810995E-1,-1.351047993E1,8.403648376E0
3.769390897E1,-2.226607651E-1,-1.354878712E1,8.346187592E0
3.769589262E1,-3.112462163E-1,-1.360864258E1,8.176198959E0
3.769787626E1,-4.022258818E-1,-1.368765068E1,7.915230751E0
3.769979887E1,-4.596867263E-1,-1.379778481E1,7.601590633E0
3.770181303E1,-4.716577232E-1,-1.393904209E1,7.254431248E0
3.770376615E1,-4.572925270E-1,-1.411860752E1,6.866570473E0
3.770574979E1,-4.309563041E-1,-1.431732655E1,6.428431511E0
3.770767240E1,-3.950432837E-1,-1.449928570E1,5.918466568E0
3.770968656E1,-3.256114423E-1,-1.465969658E1,5.353435040E0
3.771163969E1,-1.987187415E-1,-1.480813789E1,4.771644115E0
3.771362333E1,-4.548983276E-2,-1.494700146E1,4.211400986E0
3.771560697E1,1.316810995E-1,-1.508347034E1,3.687070608E0
3.771759061E1,3.782838583E-1,-1.522472858E1,3.169923067E0
3.771954374E1,6.775590777E-1,-1.534443855E1,2.619256735E0
3.772155790E1,9.481038451E-1,-1.540908241E1,2.032677174E0
3.772351102E1,1.127668977E0,-1.543781281E1,1.407790542E0
3.772549467E1,1.240196466E0,-1.544499493E1,7.805097699E-1
3.772744779E1,1.314416766E0,-1.542344761E1,1.508347094E-1
3.772946195E1,1.335964561E0,-1.537316895E1,-4.788403511E-1
3.773138456E1,1.290474772E0,-1.529655457E1,-1.072602391E0
3.773339872E1,1.197100878E0,-1.520557499E1,-1.623268723E0
3.773538236E1,1.051054597E0,-1.510980701E1,-2.138022184E0
3.773736600E1,8.906430602E-1,-1.501643276E1,-2.597708941E0
3.773931913E1,6.823474765E-1,-1.493502998E1,-2.949656487E0
3.774133329E1,4.141969085E-1,-1.487517548E1,-3.177105665E0
3.774325590E1,1.221042871E-1,-1.484883881E1,-3.282450438E0
3.774527006E1,-1.460463107E-1,-1.485123348E1,-3.268085241E0
3.774725370E1,-3.782838583E-1,-1.488714600E1,-3.138798475E0
3.774923734E1,-5.793967843E-1,-1.493263626E1,-2.956839085E0
3.775122098E1,-7.900865674E-1,-1.498052025E1,-2.832340717E0
3.775323515E1,-1.031900883E0,-1.503798103E1,-2.762908697E0
3.775518827E1,-1.292868972E0,-1.510501862E1,-2.729389906E0
3.775717191E1,-1.546654344E0,-1.517923832E1,-2.753331900E0
3.775915556E1,-1.807622313E0,-1.524627686E1,-2.825158119E0
3.776113920E1,-2.061407566E0,-1.529416084E1,-2.985569477E0
3.776309232E1,-2.171540976E0,-1.530613136E1,-3.098097086E0
3.776507596E1,-2.353500366E0,-1.528697777E1,-3.354276657E0
3.776705961E1,-2.506729126E0,-1.522951698E1,-3.608062029E0
3.776901273E1,-2.664746523E0,-1.512896061E1,-3.835511208E0
3.777099638E1,-2.801215887E0,-1.496615505E1,-4.005499363E0
3.777301054E1,-2.885013103E0,-1.475785923E1,-4.153939724E0
3.777496366E1,-2.920926094E0,-1.449928570E1,-4.326322556E0
3.777694730E1,-2.937685490E0,-1.418803883E1,-4.527435303E0
3.777893095E1,-2.942473888E0,-1.382412052E1,-4.735731125E0
3.778091459E1,-2.899378300E0,-1.343626022E1,-4.896142483E0
3.778286771E1,-2.841917515E0,-1.304121685E1,-4.996698856E0
3.778485136E1,-2.779668093E0,-1.263899040E1,-5.063736439E0
3.778683500E1,-2.688688517E0,-1.222239971E1,-5.104437828E0
3.778878812E1,-2.410961151E0,-1.179383755E1,-5.193023682E0
3.779077177E1,-1.920149803E0,-1.138203526E1,-5.377377033E0
3.779278593E1,-1.704671621E0,-1.092474270E1,-5.475539207E0
3.779473905E1,-1.781286120E0,-1.041717148E1,-5.408501625E0
3.779672269E1,-1.786074519E0,-9.995792389E0,-5.147533417E0
3.779867582E1,-1.479616642E0,-9.713275909E0,-4.786009312E0
3.780065946E1,-9.050082564E-1,-9.528923035E0,-4.376600742E0
3.780261259E1,-8.858546615E-2,-9.325415611E0,-3.995922565E0
3.780462675E1,6.344634295E-1,-9.102754593E0,-3.746925592E0
3.780657987E1,7.326257229E-1,-8.997409821E0,-3.639186621E0
3.780856351E1,7.158663273E-1,-8.990227699E0,-3.835511208E0
3.781054716E1,1.096544385E0,-9.021351814E0,-4.405331135E0
3.781253080E1,1.623268723E0,-9.078812599E0,-5.142745018E0
3.781451444E1,1.893813491E0,-9.186552048E0,-5.765237808E0
3.781649808E1,1.786074519E0,-9.356540680E0,-5.774814606E0
3.781845121E1,1.556231141E0,-9.624691010E0,-4.932055473E0
3.782046537E1,1.465251446E0,-9.907206535E0,-3.639186621E0
3.782238798E1,1.448492050E0,-1.007719517E1,-2.418143749E0
3.782440214E1,1.352723956E0,-1.009874249E1,-1.517923832E0
3.782635526E1,1.142034173E0,-1.007958889E1,-7.637503147E-1
3.782833890E1,8.930372596E-1,-1.012986755E1,4.070143029E-2
3.783032255E1,7.565677166E-1,-1.024718285E1,8.690952063E-1
3.783230619E1,8.092401624E-1,-1.037886429E1,1.632845521E0
3.783422880E1,9.097966552E-1,-1.052491093E1,2.243366957E0
3.783624296E1,8.355764151E-1,-1.063264942E1,2.698265314E0
3.783819608E1,6.296750307E-1,-1.069729328E1,3.134010077E0
3.784017973E1,4.932055473E-1,-1.077630138E1,3.713406801E0
3.784213285E1,3.519476354E-1,-1.091516590E1,4.316745758E0
3.784414701E1,2.106897533E-1,-1.103248119E1,4.742913723E0
3.784610014E1,2.609679997E-1,-1.101572227E1,5.032611847E0
3.784808378E1,3.998316824E-1,-1.091516590E1,5.123591423E0
3.785006742E1,4.501099288E-1,-1.085531044E1,5.212177277E0
3.785205106E1,4.572925270E-1,-1.081460953E1,5.379771233E0
3.785397367E1,4.932055473E-1,-1.075475407E1,5.403713226E0
3.785598783E1,5.770025849E-1,-1.068053341E1,5.219359875E0
3.785794096E1,6.823474765E-1,-1.062786102E1,4.939238071E0
3.785995512E1,8.259995580E-1,-1.057040024E1,4.599261284E0
3.786190824E1,9.361328483E-1,-1.051054573E1,4.175487995E0
3.786392240E1,9.840168953E-1,-1.046745014E1,3.696647406E0
3.786587553E1,1.003170490E0,-1.042674828E1,3.177105665E0
3.786788969E1,1.017535686E0,-1.036449909E1,2.650381327E0
3.786984281E1,1.051054597E0,-1.025915432E1,2.164358377E0
3.787182645E1,1.074996591E0,-1.014902115E1,1.759738207E0
3.787381010E1,1.098938584E0,-1.006282997E1,1.395819545E0
3.787579374E1,1.096544385E0,-9.981427193E0,1.060631394E0
3.787774686E1,1.082179189E0,-9.890447617E0,7.517793179E-1
3.787973051E1,1.077390790E0,-9.799467087E0,4.572925270E-1
3.788171415E1,1.101332784E0,-9.708487511E0,1.795651317E-1
3.788372831E1,1.165976286E0,-9.605537415E0,-7.422025502E-2
3.788568143E1,1.233013868E0,-9.512163162E0,-2.825157940E-1
3.788766508E1,1.304839969E0,-9.409213066E0,-4.285621047E-1
3.788961820E1,1.374271750E0,-9.323021889E0,-5.147533417E-1
3.789163236E1,1.422155857E0,-9.265560150E0,-5.482721925E-1
3.789358549E1,1.455674648E0,-9.203310966E0,-5.458779931E-1
3.789559965E1,1.474828243E0,-9.143456459E0,-6.177040339E-1
3.789755277E1,1.517923832E0,-9.085995674E0,-7.900865674E-1
3.789953641E1,1.549048543E0,-9.018958092E0,-9.864110947E-1
3.790152006E1,1.532289028E0,-8.954314232E0,-1.086967587E0
3.790353422E1,1.477222443E0,-8.901641846E0,-1.108515382E0
3.790548734E1,1.388636947E0,-8.853757858E0,-1.113303781E0
3.790747098E1,1.326387763E0,-8.796297073E0,-1.146822572E0
3.790945463E1,1.340752959E0,-8.724471092E0,-1.225831270E0
3.791143827E1,1.395819545E0,-8.655038834E0,-1.338358760E0
3.791339140E1,1.426944256E0,-8.592789650E0,-1.448492050E0
3.791540556E1,1.379060149E0,-8.552088737E0,-1.491587639E0
3.791735868E1,1.302445769E0,-8.523358345E0,-1.458068848E0
3.791934232E1,1.204283476E0,-8.487444878E0,-1.388636947E0
3.792132596E1,1.127668977E0,-8.420407295E0,-1.328781962E0
3.792334012E1,1.067813993E0,-8.360552788E0,-1.273715258E0
3.792529325E1,1.070208192E0,-8.262390137E0,-1.230619669E0
3.792727689E1,9.816226959E-1,-8.099584579E0,-1.187524080E0
3.792923002E1,8.930372596E-1,-8.020575523E0,-1.154005170E0
3.793121366E1,6.895300746E-1,-7.888894558E0,-1.084573388E0
3.793316679E1,5.219359994E-1,-7.754819393E0,-1.063025594E0
3.793518095E1,3.471592367E-1,-7.654263020E0,-1.089361787E0
3.793713407E1,2.130839527E-1,-7.560888767E0,-1.130063176E0
3.793911771E1,9.097966552E-2,-7.479485989E0,-1.180341482E0
3.794110136E1,-7.182604820E-2,-7.433996201E0,-1.233013868E0
3.794308500E1,-2.059013397E-1,-7.383718014E0,-1.266532660E0
3.794503812E1,-3.615244627E-1,-7.366958618E0,-1.280897856E0
3.794705228E1,-5.267243981E-1,-7.371747017E0,-1.266532660E0
3.794900541E1,-6.871358752E-1,-7.390900612E0,-1.237802267E0
3.795098905E1,-7.565677166E-1,-7.366958618E0,-1.235408068E0
3.795297269E1,-7.996633649E-1,-7.326257229E0,-1.256955862E0
3.795492582E1,-8.690952063E-1,-7.271190643E0,-1.261744261E0
3.795690946E1,-9.552865028E-1,-7.196970463E0,-1.249773264E0
3.795889310E1,-1.060631394E0,-7.141903877E0,-1.237802267E0
3.796084623E1,-1.120486379E0,-7.084442616E0,-1.242590666E0
3.796282987E1,-1.163581967E0,-7.038952827E0,-1.256955862E0
3.796481351E1,-1.201889277E0,-6.995857239E0,-1.216254473E0
3.796679716E1,-1.228225470E0,-6.967126846E0,-1.098938584E0
3.796875028E1,-1.225831270E0,-6.921637058E0,-1.015141487E0
3.797076444E1,-1.230619669E0,-6.868964672E0,-1.005564690E0
3.797271757E1,-1.285686255E0,-6.847416878E0,-1.012747288E0
3.797467069E1,-1.335964561E0,-6.813898087E0,-1.010353088E0
3.797665433E1,-1.391031146E0,-6.785167694E0,-9.935936928E-1
3.797863798E1,-1.458068848E0,-6.770802498E0,-9.672574997E-1
3.798059110E1,-1.455674648E0,-6.701370716E0,-9.648633003E-1
3.798257474E1,-1.458068848E0,-6.612784863E0,-9.888052940E-1
3.798455839E1,-1.553836942E0,-6.591237068E0,-9.552865028E-1
3.798654203E1,-1.692700624E0,-6.586448669E0,-9.002198577E-1
3.798849516E1,-1.798045516E0,-6.543353081E0,-8.978256583E-1
3.799050932E1,-1.800439715E0,-6.423643112E0,-9.696516991E-1
3.799246244E1,-1.795651317E0,-6.296750546E0,-1.089361787E0
3.799444608E1,-1.862688899E0,-6.217741966E0,-1.182735682E0
3.799642973E1,-1.970427990E0,-6.165069580E0,-1.256955862E0
3.799841337E1,-2.102109194E0,-6.095637321E0,-1.316810966E0
3.800033598E1,-2.224213362E0,-6.019022942E0,-1.340752959E0
3.800235014E1,-2.315192938E0,-5.947196960E0,-1.350329757E0
3.800433378E1,-2.370259762E0,-5.863399982E0,-1.362300754E0
3.800631742E1,-2.403778553E0,-5.774814606E0,-1.386242747E0
3.800830106E1,-2.427720547E0,-5.674258232E0,-1.431732655E0
3.801031522E1,-2.485181332E0,-5.561730385E0,-1.479616642E0
3.801226835E1,-2.561795712E0,-5.439626217E0,-1.549048543E0
3.801425199E1,-2.643198729E0,-5.312733650E0,-1.620874524E0
3.801623563E1,-2.782062292E0,-5.224148273E0,-1.640028119E0
3.801821928E1,-2.971204281E0,-5.178658485E0,-1.632845521E0
3.802017240E1,-3.172317266E0,-5.154716492E0,-1.596932530E0
3.802215604E1,-3.330334663E0,-5.125985622E0,-1.551442742E0
3.802413969E1,-3.450044632E0,-5.097255230E0,-1.505952835E0
3.802612333E1,-3.572149038E0,-5.044582844E0,-1.448492050E0
3.802807645E1,-3.694253206E0,-4.991910458E0,-1.388636947E0
3.803009061E1,-3.854664803E0,-4.975151062E0,-1.314416766E0
3.803204374E1,-4.048594952E0,-4.989516258E0,-1.252167463E0
3.803402738E1,-4.209006786E0,-5.001487255E0,-1.213860273E0
3.803598051E1,-4.331110954E0,-4.994304657E0,-1.177947283E0
3.803796415E1,-4.434061527E0,-4.972756863E0,-1.125274777E0
3.803994779E1,-4.534617901E0,-4.951209068E0,-1.060631394E0
3.804193143E1,-4.618414879E0,-4.924872875E0,-1.007958889E0
3.804388456E1,-4.654327869E0,-4.881777287E0,-9.720458984E-1
3.804589872E1,-4.666299343E0,-4.838681698E0,-9.433154464E-1
3.804785184E1,-4.685452938E0,-4.800374508E0,-9.145850539E-1
3.804983549E1,-4.687847137E0,-4.757278919E0,-9.026140571E-1
3.805181913E1,-4.683058739E0,-4.716577530E0,-9.097966552E-1
3.805380277E1,-4.668693542E0,-4.668693542E0,-9.217676520E-1
3.805575590E1,-4.651933670E0,-4.632780075E0,-9.457096457E-1
3.805777006E1,-4.637568474E0,-4.608838081E0,-9.720458984E-1
3.805972318E1,-4.606443882E0,-4.584896088E0,-1.005564690E0
3.806170682E1,-4.558559895E0,-4.544194698E0,-1.041477680E0
3.806365995E1,-4.503493309E0,-4.503493309E0,-1.060631394E0
3.806567411E1,-4.453215122E0,-4.479551315E0,-1.036689281E0
3.806762724E1,-4.417302132E0,-4.465186119E0,-9.959878922E-1
3.806961088E1,-4.352658749E0,-4.441244125E0,-9.648633003E-1
3.807159452E1,-4.254496574E0,-4.410119534E0,-9.433154464E-1
3.807357816E1,-4.146757126E0,-4.395754337E0,-9.361328483E-1
3.807553129E1,-4.043806553E0,-4.398148537E0,-9.313444495E-1
3.807751493E1,-3.936067581E0,-4.422090530E0,-9.433154464E-1
3.807949857E1,-3.780444384E0,-4.465186119E0,-9.528923035E-1
3.808151273E1,-3.593696833E0,-4.493916512E0,-9.792284966E-1
3.808346586E1,-3.531447411E0,-4.493916512E0,-9.816226959E-1
3.808544950E1,-3.397372246E0,-4.460397720E0,-9.193734527E-1
3.808743314E1,-3.342305660E0,-4.441244125E0,-8.882488012E-1
3.808941679E1,-3.210624456E0,-4.405331135E0,-8.212111592E-1
3.809136991E1,-3.066972494E0,-4.378994942E0,-7.733271718E-1
3.809338407E1,-2.954444885E0,-4.371812344E0,-7.541735172E-1
3.809533720E1,-2.870647907E0,-4.383783340E0,-7.422025204E-1
3.809732084E1,-2.789244890E0,-4.390965939E0,-7.038952708E-1
3.809930448E1,-2.695871115E0,-4.410119534E0,-6.536170840E-1
3.810131864E1,-2.578555346E0,-4.453215122E0,-5.961562395E-1
3.810327177E1,-2.468421936E0,-4.501099110E0,-5.482721925E-1
3.810525541E1,-2.370259762E0,-4.558559895E0,-5.099649429E-1
3.810723905E1,-2.257732153E0,-4.625597477E0,-4.620809257E-1
3.810922269E1,-2.111685991E0,-4.704606533E0,-4.094084799E-1
3.811117582E1,-1.944091797E0,-4.781220913E0,-3.232172430E-1
3.811318998E1,-1.778891921E0,-4.850652695E0,-1.915361285E-1
3.811514310E1,-1.616086125E0,-4.924872875E0,-1.915361360E-2
3.811712675E1,-1.455674648E0,-5.015852451E0,1.628057212E-1
3.811911039E1,-1.326387763E0,-5.140350819E0,3.184288144E-1
3.812112455E1,-1.213860273E0,-5.284003258E0,4.381389022E-1
3.812307767E1,-1.106121182E0,-5.422866821E0,5.482721925E-1
3.812506132E1,-9.840168953E-1,-5.566518784E0,6.727706790E-1
3.812701444E1,-8.499416113E-1,-5.710171223E0,8.188169599E-1
3.812902860E1,-7.374141216E-1,-5.870582581E0,9.672574997E-1
3.813098173E1,-6.416460276E-1,-6.064512730E0,1.142034173E0
3.813299589E1,-5.315127969E-1,-6.279991150E0,1.355118155E0
3.813494901E1,-4.141969085E-1,-6.497863293E0,1.594538331E0
3.813693266E1,-2.825157940E-1,-6.718130112E0,1.841141105E0
3.813891630E1,-1.651999205E-1,-6.955155849E0,2.082955360E0
3.814089994E1,-5.267243832E-2,-7.206547260E0,2.334346771E0
3.814285307E1,7.661445439E-2,-7.462726593E0,2.631227732E0
3.814486723E1,2.059013397E-1,-7.726089001E0,2.971204281E0
3.814682035E1,3.280056417E-1,-7.989450932E0,3.351882458E0
3.814880399E1,4.525041282E-1,-8.233659744E0,3.768473387E0
3.815078764E1,5.889736414E-1,-8.470685959E0,4.192247391E0
3.815277128E1,7.015010715E-1,-8.738836288E0,4.611232281E0
3.815472440E1,7.565677166E-1,-9.040505409E0,4.999093056E0
3.815673856E1,8.140285611E-1,-9.354146004E0,5.363011837E0
3.815869169E1,9.097966552E-1,-9.651026726E0,5.729324818E0
3.816067533E1,1.036689281E0,-9.943120003E0,6.100425720E0
3.816262846E1,1.161187768E0,-1.024957752E1,6.490680695E0
3.816464262E1,1.278503656E0,-1.058476543E1,6.909666061E0
3.816659574E1,1.405396342E0,-1.095347309E1,7.340622425E0
3.816857938E1,1.517923832E0,-1.134612179E1,7.781155586E0
3.817056303E1,1.618480325E0,-1.178186703E1,8.221688271E0
3.817254667E1,1.759738207E0,-1.226070690E1,8.676587105E0
3.817446928E1,1.857900500E0,-1.276109505E1,9.215282440E0
3.817648344E1,1.946485996E0,-1.329021358E1,9.821015358E0
3.817843656E1,2.063801765E0,-1.385285091E1,1.046745014E1
3.818045072E1,2.217030764E0,-1.444900703E1,1.106839466E1
3.818240385E1,2.434903145E0,-1.505952835E1,1.156159973E1
3.818441801E1,2.688688517E0,-1.567483807E1,1.194227791E1
3.818634061E1,2.956839085E0,-1.631169701E1,1.220324612E1
3.818835477E1,3.268085241E0,-1.693897629E1,1.230859089E1
3.819033842E1,3.574543238E0,-1.753513336E1,1.233732128E1
3.819229154E1,3.859453201E0,-1.809777069E1,1.218169785E1
3.819427518E1,4.106055737E0,-1.861252403E1,1.204044056E1
3.819628934E1,4.288015366E0,-1.908657646E1,1.195424938E1
3.819824247E1,4.398148537E0,-1.952231979E1,1.190157700E1
3.820025663E1,4.453215122E0,-1.990539360E1,1.193270111E1
3.820220975E1,4.481945515E0,-2.017833138E1,1.206677628E1
3.820422391E1,4.491522312E0,-2.031240654E1,1.230140877E1
3.820617704E1,4.484339714E0,-2.031001282E1,1.261026001E1
3.820816068E1,4.455609322E0,-2.017115021E1,1.296939087E1
3.821014432E1,4.424484730E0,-1.987666321E1,1.332852077E1
3.821212797E1,4.388571739E0,-1.944331169E1,1.362300777E1
3.821408109E1,4.376600742E0,-1.887109756E1,1.379539013E1
3.821609525E1,4.326322556E0,-1.818875122E1,1.385285091E1
3.821804838E1,4.180276394E0,-1.745851898E1,1.380496693E1
3.822003202E1,3.962403774E0,-1.672110558E1,1.362779617E1
3.822195463E1,3.711012602E0,-1.600284386E1,1.334767437E1
3.822396879E1,3.428496838E0,-1.530852604E1,1.296939087E1
3.822592191E1,3.119644880E0,-1.464054298E1,1.252167511E1
3.822790556E1,2.803610086E0,-1.400129128E1,1.204283428E1
3.822988920E1,2.492363930E0,-1.338358784E1,1.150174522E1
3.823187284E1,2.197877169E0,-1.278024864E1,1.091755962E1
3.823379545E1,1.905784607E0,-1.218648624E1,1.031422138E1
3.823580961E1,1.640028119E0,-1.161906052E1,9.706093788E0
3.823776273E1,1.369483352E0,-1.107557678E1,9.119514465E0
3.823974638E1,1.074996591E0,-1.054885292E1,8.516175270E0
3.824173002E1,7.733271718E-1,-1.003888798E1,7.860164165E0
3.824368314E1,4.501099288E-1,-9.540893555E0,7.158663273E0
3.824566679E1,3.591302410E-2,-9.078812599E0,6.445190907E0
3.824768095E1,-4.453215301E-1,-8.664615631E0,5.743690014E0
3.824963407E1,-9.768342972E-1,-8.303091049E0,5.042188644E0
3.825161771E1,-1.575384736E0,-7.996633530E0,4.323928356E0
3.825360136E1,-2.195482969E0,-7.738059998E0,3.612850428E0
3.825558500E1,-2.516305923E0,-7.635109425E0,3.268085241E0
3.825753812E1,-3.184288263E0,-7.491456985E0,2.628833532E0
3.825952177E1,-3.842693806E0,-7.412448406E0,2.104503393E0
3.826150541E1,-4.438849926E0,-7.383718014E0,1.733402014E0
3.826345853E1,-4.924872875E0,-7.390900612E0,1.551442742E0
3.826544218E1,-5.291185856E0,-7.438784599E0,1.522712231E0
3.826745634E1,-5.556941986E0,-7.517793179E0,1.556231141E0
3.826940946E1,-5.717353821E0,-7.608773232E0,1.575384736E0
3.827136259E1,-5.786785603E0,-7.706935406E0,1.508347034E0
3.827334623E1,-5.760449409E0,-7.795520782E0,1.321599364E0
3.827536039E1,-5.600037575E0,-7.850587368E0,1.005564690E0
3.827731351E1,-5.358223438E0,-7.881711960E0,5.698199868E-1
3.827932767E1,-5.030217648E0,-7.872135162E0,3.112462163E-2
3.828128080E1,-4.587290287E0,-7.800309181E0,-5.913678408E-1
3.828329496E1,-4.067748547E0,-7.714118004E0,-1.297657371E0
3.828524808E1,-3.557783842E0,-7.682993412E0,-1.999158382E0
3.828723173E1,-3.126827478E0,-7.773972988E0,-2.585737944E0
3.828921537E1,-2.786850691E0,-7.996633530E0,-3.035847664E0
3.829119901E1,-2.568978310E0,-8.343792915E0,-3.430891037E0
3.829312162E1,-2.504334927E0,-8.803479195E0,-3.857059002E0
3.829513578E1,-2.564189911E0,-9.339780807E0,-4.369418144E0
3.829708890E1,-2.688688517E0,-9.955090523E0,-4.975151062E0
3.829907255E1,-2.844311714E0,-1.063504410E1,-5.635950565E0
3.830102567E1,-2.978386879E0,-1.134372807E1,-6.342240334E0
3.830303983E1,-3.040636063E0,-1.201171017E1,-7.058106422E0
3.830499296E1,-3.090914488E0,-1.265335560E1,-7.762001991E0
3.830697660E1,-3.201047659E0,-1.327824306E1,-8.384494781E0
3.830896024E1,-3.294421434E0,-1.386003399E1,-8.841787338E0
3.831094388E1,-3.327940464E0,-1.437478733E1,-9.162610054E0
3.831286649E1,-3.270479441E0,-1.478658962E1,-9.375694275E0
3.831488065E1,-3.088520288E0,-1.507389355E1,-9.464279175E0
3.831683378E1,-2.863465309E0,-1.529176617E1,-9.409213066E0
3.831881742E1,-2.705447912E0,-1.550963879E1,-9.193734169E0
3.832077054E1,-2.652775526E0,-1.573229980E1,-8.884882927E0
3.832278471E1,-2.652775526E0,-1.590707588E1,-8.520963669E0
3.832473783E1,-2.669534922E0,-1.599087334E1,-8.159439087E0
3.832672147E1,-2.753331900E0,-1.602678680E1,-7.812280178E0
3.832870512E1,-2.904166698E0,-1.603396797E1,-7.417236805E0
3.833068876E1,-3.122039080E0,-1.601960373E1,-7.034164429E0
3.833264188E1,-3.373430252E0,-1.600284386E1,-6.629544735E0
3.833465604E1,-3.593696833E0,-1.595256615E1,-6.198588371E0
3.833660917E1,-3.751713991E0,-1.584961510E1,-5.700594425E0
3.833859281E1,-3.852270603E0,-1.573708820E1,-5.042188644E0
3.834054594E1,-3.883395195E0,-1.561019516E1,-4.156333923E0
3.834252958E1,-3.840299606E0,-1.544738960E1,-3.031059265E0
3.834448270E1,-3.706224203E0,-1.523670006E1,-1.565807939E0
3.834649686E1,-3.390189648E0,-1.498291397E1,3.639186621E-1
3.834844999E1,-2.808398485E0,-1.472194672E1,2.750937700E0
3.835046415E1,-1.980004787E0,-1.443224812E1,5.439626217E0
3.835244779E1,-1.005564690E0,-1.404199314E1,8.039729118E0
3.835443143E1,-3.112462163E-2,-1.353202820E1,1.009874249E1
3.835638456E1,8.259995580E-1,-1.289517021E1,1.129584408E1
3.835836820E1,1.527500629E0,-1.221282291E1,1.159033012E1
3.836035184E1,2.109291792E0,-1.156878281E1,1.114740276E1
3.836236600E1,2.566584110E0,-1.100375080E1,1.019929886E1
3.836431913E1,2.863465309E0,-1.051533413E1,8.911218643E0
3.836633329E1,2.940079689E0,-1.012268448E1,7.369352818E0
3.836828641E1,2.772485495E0,-9.830592155E0,5.702988625E0
3.837027006E1,2.394201756E0,-9.610325813E0,4.027047157E0
3.837225370E1,2.030282974E0,-9.423578262E0,2.415749550E0
3.837423734E1,1.745373011E0,-9.232041359E0,1.000776291E0
3.837619047E1,1.448492050E0,-8.997409821E0,-1.484405100E-1
3.837817411E1,1.192312479E0,-8.693346024E0,-1.168370485E0
3.838015775E1,1.022324085E0,-8.331821442E0,-2.111685991E0
3.838211088E1,9.241618514E-1,-7.924807549E0,-2.820369720E0
3.838409452E1,8.786720037E-1,-7.489062786E0,-3.122039080E0
3.838610868E1,8.978256583E-1,-7.015010834E0,-3.193865061E0
3.838806180E1,9.768342972E-1,-6.512228489E0,-3.251325846E0
3.839004545E1,1.041477680E0,-6.052541733E0,-3.351882458E0
3.839202909E1,1.039083481E0,-5.681440830E0,-3.481169224E0
3.839401273E1,1.017535686E0,-5.389348030E0,-3.663128614E0
3.839596586E1,1.024718285E0,-5.159504890E0,-3.900154591E0
3.839794950E1,1.048660398E0,-4.953603268E0,-4.192247391E0
3.839993314E1,1.077390790E0,-4.757278919E0,-4.570530891E0
3.840191679E1,1.034295082E0,-4.599261284E0,-5.032611847E0
3.840386991E1,8.547300100E-1,-4.503493309E0,-5.497087002E0
3.840588407E1,5.722141862E-1,-4.479551315E0,-5.882553577E0
3.840783720E1,2.059013397E-1,-4.515464306E0,-6.119579315E0
3.840982084E1,-2.633621991E-1,-4.654327869E0,-6.093243122E0
3.841180448E1,-8.068459630E-1,-4.922478676E0,-5.868188381E0
3.841378812E1,-1.364694953E0,-5.279214859E0,-5.671864033E0
3.841574125E1,-1.659181833E0,-5.475539207E0,-5.583278179E0
3.841772489E1,-2.226607561E0,-5.872976780E0,-5.444414616E0
3.841970853E1,-2.633621931E0,-6.248866558E0,-5.482721806E0
3.842169218E1,-2.853888512E0,-6.596025467E0,-5.676652431E0
3.842364530E1,-2.947262287E0,-6.955155849E0,-5.920860767E0
3.842565946E1,-2.949656487E0,-7.335834026E0,-6.136339188E0
3.842761259E1,-2.875436306E0,-7.726089001E0,-6.277596951E0
3.842959623E1,-2.748543501E0,-8.135497093E0,-6.330269337E0
3.843157987E1,-2.645592928E0,-8.540117264E0,-6.301538944E0
3.843356351E1,-2.588132143E0,-8.916007042E0,-6.215347767E0
3.843551664E1,-2.533065319E0,-9.270348549E0,-6.086060524E0
3.843753080E1,-2.458845139E0,-9.600749016E0,-5.920860767E0
3.843948392E1,-2.363077164E0,-9.914389610E0,-5.719748020E0
3.844146757E1,-2.195482969E0,-1.018014526E1,-5.494692802E0
3.844342069E1,-1.944091797E0,-1.037886429E1,-5.243301868E0
3.844543485E1,-1.623268723E0,-1.052969933E1,-4.932055473E0
3.844738798E1,-1.276109457E0,-1.064462090E1,-4.517858505E0
3.844940214E1,-9.241618514E-1,-1.073081207E1,-3.974374771E0
3.845135526E1,-6.033388376E-1,-1.077869606E1,-3.277662039E0
3.845333890E1,-3.232172430E-1,-1.079784966E1,-2.456450939E0
3.845532255E1,-1.436521020E-2,-1.080982113E1,-1.584961534E0
3.845733671E1,4.501099288E-1,-1.082179165E1,-7.493851185E-1
3.845928983E1,1.043871999E0,-1.083376312E1,-4.309562966E-2
3.846127348E1,1.673547029E0,-1.084333992E1,5.386953950E-1
3.846322660E1,2.272097349E0,-1.085291672E1,1.034295082E0
3.846524076E1,2.820369720E0,-1.086488724E1,1.446097851E0
3.846719388E1,3.325546265E0,-1.089122391E1,1.750161409E0
3.846920804E1,3.775655985E0,-1.095586681E1,1.912967205E0
3.847116117E1,4.175487995E0,-1.103726959E1,1.944091797E0
3.847317533E1,4.553771496E0,-1.114261436E1,1.912967205E0
3.847512846E1,4.888959885E0,-1.128626728E1,1.915361404E0
3.847714262E1,5.166687489E0,-1.140118885E1,1.944091797E0
3.847912626E1,5.391742229E0,-1.144428444E1,1.956062794E0
3.848114042E1,5.573701382E0,-1.143231297E1,1.927332401E0
3.848309354E1,5.748478413E0,-1.137724686E1,1.855506301E0
3.848510770E1,5.901707172E0,-1.131020927E1,1.817199111E0
3.848706083E1,6.014234543E0,-1.122880554E1,1.843535304E0
3.848904447E1,6.071695328E0,-1.113303757E1,1.896207690E0
3.849102811E1,6.114790916E0,-1.098938560E1,1.944091797E0
3.849301176E1,6.107608318E0,-1.084333992E1,2.027888775E0
3.849496488E1,6.023811340E0,-1.070926380E1,2.154781580E0
3.849694852E1,5.892130375E0,-1.057279491E1,2.274491549E0
3.849893217E1,5.734113216E0,-1.043632507E1,2.415749550E0
3.850091581E1,5.470750809E0,-1.031900978E1,2.557007313E0
3.850286893E1,5.082890034E0,-1.019451046E1,2.624045134E0
3.850488309E1,4.663905144E0,-1.004846478E1,2.585737944E0
3.850683622E1,4.304774761E0,-9.885659218E0,2.468421936E0
3.850881986E1,3.967192173E0,-9.722852707E0,2.296039343E0
3.851080350E1,3.579331636E0,-9.588777542E0,2.133233786E0
3.851278715E1,3.105279684E0,-9.512163162E0,2.051830769E0
3.851474027E1,2.568978310E0,-9.504981041E0,2.090138197E0
3.851672391E1,2.015917778E0,-9.557653427E0,2.135627985E0
3.851870756E1,1.458068848E0,-9.660603523E0,2.147598982E0
3.852066068E1,8.954314590E-1,-9.813833237E0,2.123656988E0
3.852264432E1,3.256114423E-1,-9.957485199E0,2.080561161E0
3.852465848E1,-2.346317619E-1,-1.007719517E1,2.037465572E0
3.852661161E1,-7.637503147E-1,-1.017296314E1,1.934514999E0
3.852859525E1,-1.189918280E0,-1.021366405E1,1.742978811E0
3.853057890E1,-1.546654344E0,-1.016338634E1,1.448492050E0
3.853256254E1,-1.946485996E0,-1.005564690E1,1.122880578E0
3.853451566E1,-2.396595955E0,-9.950302124E0,8.810662031E-1
3.853649930E1,-2.815581083E0,-9.864110947E0,7.589619160E-1
3.853845243E1,-3.167528868E0,-9.789890289E0,7.517793179E-1
3.854043607E1,-3.430891037E0,-9.718064308E0,7.852981687E-1
3.854238920E1,-3.629609823E0,-9.655815125E0,8.092401624E-1
3.854437284E1,-3.773261786E0,-9.581595421E0,8.451532125E-1
3.854635648E1,-3.888183594E0,-9.509769440E0,8.690952063E-1
3.854837064E1,-3.974374771E0,-9.433155060E0,8.427590132E-1
3.855032377E1,-4.005499363E0,-9.339780807E0,8.164227605E-1
3.855230741E1,-4.007893562E0,-9.248801231E0,8.571242094E-1
3.855429105E1,-4.003105164E0,-9.167398453E0,9.600749016E-1
3.855630521E1,-3.993528366E0,-9.109937668E0,1.084573388E0
3.855825834E1,-3.964797974E0,-9.076418877E0,1.177947283E0
3.856024198E1,-3.878606796E0,-9.052476883E0,1.264138460E0
3.856219511E1,-3.737348795E0,-9.021351814E0,1.364694953E0
3.856420927E1,-3.550601006E0,-8.992621422E0,1.458068848E0
3.856616239E1,-3.315969467E0,-8.956708908E0,1.503558636E0
3.856817655E1,-3.062183857E0,-8.913613319E0,1.508347034E0
3.857012968E1,-2.815581083E0,-8.889671326E0,1.474828243E0
3.857211332E1,-2.576161146E0,-8.884882927E0,1.422155857E0
3.857409696E1,-2.310404539E0,-8.901641846E0,1.359906554E0
3.857611112E1,-1.980004787E0,-8.927978516E0,1.285686255E0
3.857806425E1,-1.599326730E0,-8.949525833E0,1.225831270E0
3.858004789E1,-1.194706678E0,-8.973467827E0,1.180341482E0
3.858203153E1,-7.924807668E-1,-9.006986618E0,1.101332784E0
3.858401517E1,-4.333505034E-1,-9.050082207E0,9.600749016E-1
3.858593778E1,-9.097966552E-2,-9.090784073E0,8.116343617E-1
3.858795194E1,2.585737705E-1,-9.131484985E0,6.727706790E-1
3.858990507E1,6.009446383E-1,-9.153033257E0,5.482721925E-1
3.859188871E1,9.217676520E-1,-9.162610054E0,4.357447028E-1
3.859387235E1,1.175553083E0,-9.193734169E0,2.873041928E-1
3.859588651E1,1.357512355E0,-9.236829758E0,1.244984865E-1
3.859783964E1,1.541865945E0,-9.265560150E0,2.633621916E-2
3.859982328E1,1.750161409E0,-9.277531624E0,-3.112462163E-2
3.860180692E1,1.958456993E0,-9.272743225E0,-1.077390760E-1
3.860379057E1,2.056619167E0,-9.265560150E0,-1.508347094E-1
3.860571317E1,2.209848166E0,-9.265560150E0,-2.346317619E-1
3.860772733E1,2.300827742E0,-9.275136948E0,-3.256114423E-1
3.860968046E1,2.365471363E0,-9.275136948E0,-4.189853072E-1
3.861166410E1,2.422932148E0,-9.244012833E0,-4.884171486E-1
3.861364774E1,2.480392933E0,-9.193734169E0,-5.482721925E-1
3.861566190E1,2.525882721E0,-9.143456459E0,-6.177040339E-1
3.861761503E1,2.530671120E0,-9.107542992E0,-6.919242740E-1
3.861959867E1,2.523488522E0,-9.047688484E0,-7.541735172E-1
3.862158231E1,2.528276920E0,-8.975862503E0,-7.900865674E-1
3.862356596E1,2.511517525E0,-8.930372238E0,-8.427590132E-1
3.862548856E1,2.489969730E0,-8.889671326E0,-9.193734527E-1
3.862750272E1,2.463633537E0,-8.834604263E0,-9.864110947E-1
3.862945585E1,2.387019157E0,-8.796297073E0,-1.046266198E0
3.863143949E1,2.300827742E0,-8.748413086E0,-1.091755986E0
3.863339262E1,2.219424963E0,-8.693346024E0,-1.139639974E0
3.863540678E1,2.130839586E0,-8.662221909E0,-1.213860273E0
3.863735990E1,2.056619167E0,-8.643068314E0,-1.297657371E0
3.863934354E1,1.994369984E0,-8.614337921E0,-1.355118155E0
3.864132719E1,1.929726601E0,-8.571242332E0,-1.379060149E0
3.864331083E1,1.872265697E0,-8.525752068E0,-1.395819545E0
3.864523344E1,1.814804912E0,-8.497021675E0,-1.412579060E0
3.864721708E1,1.752555609E0,-8.492233276E0,-1.438915253E0
3.864920072E1,1.690306425E0,-8.499416351E0,-1.462857246E0
3.865121488E1,1.642422318E0,-8.511386871E0,-1.477222443E0
3.865316801E1,1.611297727E0,-8.530540466E0,-1.491587639E0
3.865518217E1,1.587355733E0,-8.547300339E0,-1.508347034E0
3.865713529E1,1.558625340E0,-8.559270859E0,-1.529894829E0
3.865914945E1,1.527500629E0,-8.580819130E0,-1.541865945E0
3.866110258E1,1.515529633E0,-8.599972725E0,-1.561019540E0
3.866308622E1,1.513135433E0,-8.607154846E0,-1.577778935E0
3.866506986E1,1.513135433E0,-8.623914719E0,-1.582567334E0
3.866705350E1,1.508347034E0,-8.645462036E0,-1.594538331E0
3.866900663E1,1.493981838E0,-8.669404030E0,-1.599326730E0
3.867099027E1,1.489193439E0,-8.695740700E0,-1.599326730E0
3.867297391E1,1.486799240E0,-8.722076416E0,-1.599326730E0
3.867498808E1,1.489193439E0,-8.757989883E0,-1.582567334E0
3.867694120E1,1.484405041E0,-8.796297073E0,-1.565807939E0
3.867892484E1,1.458068848E0,-8.820239067E0,-1.558625340E0
3.868087797E1,1.419761658E0,-8.832210541E0,-1.546654344E0
3.868286161E1,1.374271750E0,-8.841787338E0,-1.515529633E0
3.868481474E1,1.323993564E0,-8.851364136E0,-1.484405041E0
3.868682890E1,1.283292055E0,-8.853757858E0,-1.455674648E0
3.868878202E1,1.249773264E0,-8.839392662E0,-1.419761658E0
3.869079618E1,1.221042871E0,-8.822632790E0,-1.388636947E0
3.869271879E1,1.182735682E0,-8.817844391E0,-1.369483352E0
3.869473295E1,1.130063176E0,-8.825027466E0,-1.359906554E0
3.869668607E1,1.074996591E0,-8.841787338E0,-1.350329757E0
3.869866972E1,1.022324085E0,-8.863334656E0,-1.338358760E0
3.870065336E1,9.528923035E-1,-8.904036522E0,-1.326387763E0
3.870263700E1,8.667010069E-1,-8.939949036E0,-1.338358760E0
3.870455961E1,7.565677166E-1,-8.959102631E0,-1.335964561E0
3.870657377E1,6.272808313E-1,-8.992621422E0,-1.307234168E0
3.870852689E1,5.027823448E-1,-9.040505409E0,-1.252167463E0
3.871051054E1,3.902548850E-1,-9.095572472E0,-1.199495077E0
3.871246366E1,2.777273953E-1,-9.153033257E0,-1.161187768E0
3.871447782E1,1.532289088E-1,-9.203310966E0,-1.144428372E0
3.871643095E1,1.197100803E-2,-9.260771751E0,-1.142034173E0
3.871841459E1,-1.604115069E-1,-9.337387085E0,-1.144428372E0
3.872039823E1,-3.375824392E-1,-9.411606789E0,-1.146822572E0
3.872238187E1,-5.243301988E-1,-9.488221169E0,-1.139639974E0
3.872430448E1,-7.062895298E-1,-9.560047150E0,-1.130063176E0
3.872631864E1,-8.858546019E-1,-9.634267807E0,-1.125274777E0
3.872827177E1,-1.048660398E0,-9.689333916E0,-1.118092179E0
3.873025541E1,-1.187524080E0,-9.737217903E0,-1.096544385E0
3.873223905E1,-1.323993564E0,-9.787496567E0,-1.070208192E0
3.873422269E1,-1.458068848E0,-9.816226959E0,-1.043871999E0
3.873617582E1,-1.577778935E0,-9.837775230E0,-1.005564690E0
3.873818998E1,-1.675941229E0,-9.866505623E0,-9.385270476E-1
3.874014310E1,-1.764526606E0,-9.902418137E0,-8.858546019E-1
3.874212675E1,-1.838746905E0,-9.935936928E0,-8.523358107E-1
3.874411039E1,-1.900996208E0,-9.959878922E0,-8.236053586E-1
3.874609403E1,-1.948880196E0,-9.971850395E0,-7.972691655E-1
3.874801664E1,-1.970427990E0,-9.971850395E0,-7.876923680E-1
3.875003080E1,-2.011129379E0,-9.974244118E0,-7.709329724E-1
3.875198392E1,-2.013523579E0,-9.981427193E0,-7.589619160E-1
3.875396757E1,-2.003946781E0,-9.998186111E0,-7.158663273E-1
3.875592069E1,-1.999158382E0,-1.000776291E1,-6.775590777E-1
3.875793485E1,-1.996764183E0,-1.002691650E1,-6.392518282E-1
3.875988798E1,-1.984793186E0,-1.005325317E1,-5.865794420E-1
3.876187162E1,-1.960851192E0,-1.007480049E1,-5.386953950E-1
3.876385526E1,-1.920149803E0,-1.010113716E1,-4.884171486E-1
3.876583890E1,-1.877054095E0,-1.013944435E1,-4.381389022E-1
3.876779203E1,-1.817199111E0,-1.018253994E1,-4.046200812E-1
3.876980619E1,-1.735796213E0,-1.023521233E1,-3.806780577E-1
3.877175932E1,-1.637633920E0,-1.029267311E1,-3.734954596E-1
3.877374296E1,-1.534683347E0,-1.032140350E1,-3.782838583E-1
3.877569608E1,-1.417367458E0,-1.035492229E1,-3.998316824E-1
3.877771024E1,-1.292868972E0,-1.039562416E1,-4.189853072E-1
3.877966337E1,-1.149216771E0,-1.041956615E1,-4.692635238E-1
3.878164701E1,-9.911994934E-1,-1.041956615E1,-5.267243981E-1
3.878363065E1,-8.379706144E-1,-1.040520096E1,-5.746083856E-1
3.878561430E1,-6.871358752E-1,-1.038604736E1,-6.177040339E-1
3.878756742E1,-5.147533417E-1,-1.035492229E1,-6.679822803E-1
3.878958158E1,-3.399766386E-1,-1.030224991E1,-7.182605267E-1
3.879153471E1,-1.795651317E-1,-1.022802925E1,-7.685387731E-1
3.879351835E1,-3.591302410E-2,-1.014662647E1,-8.068459630E-1
3.879547147E1,9.337386489E-2,-1.007240677E1,-8.092401624E-1
3.879748563E1,2.106897533E-1,-1.000536919E1,-7.829039693E-1
3.879943876E1,3.016694188E-1,-9.950302124E0,-7.302315235E-1
3.880142240E1,3.639186621E-1,-9.907206535E0,-6.440402865E-1
3.880340604E1,4.094084799E-1,-9.873687744E0,-5.315127969E-1
3.880538969E1,4.429273009E-1,-9.854534149E0,-3.830722570E-1
3.880731229E1,4.477157295E-1,-9.861717224E0,-2.154781520E-1
3.880932645E1,4.381389022E-1,-9.880870819E0,-4.548983276E-2
3.881127958E1,4.285621047E-1,-9.909601212E0,1.221042871E-1
3.881326322E1,4.022258818E-1,-9.959878922E0,2.753331959E-1
3.881521635E1,3.734954596E-1,-1.003888798E1,4.070142806E-1
3.881723051E1,3.567360640E-1,-1.012747288E1,5.027823448E-1
3.881915311E1,3.543418646E-1,-1.022563553E1,5.602431893E-1
3.882116727E1,3.734954596E-1,-1.034534550E1,5.698199868E-1
3.882315092E1,4.094084799E-1,-1.047223854E1,5.339069963E-1
3.882513456E1,4.668693244E-1,-1.059194851E1,4.668693244E-1
3.882708768E1,5.650315881E-1,-1.069489861E1,3.758896589E-1
3.882910184E1,7.086837292E-1,-1.079306126E1,2.705447972E-1
3.883102445E1,8.714894056E-1,-1.087685871E1,1.508347094E-1
3.883303861E1,1.048660398E0,-1.095826149E1,2.394201607E-2
3.883499174E1,1.242590666E0,-1.103248119E1,-1.101332754E-1
3.883697538E1,1.446097851E0,-1.111627865E1,-2.346317619E-1
3.883895902E1,1.671152830E0,-1.120007515E1,-3.351882398E-1
3.884094266E1,1.905784607E0,-1.127668953E1,-4.070142806E-1
3.884286527E1,2.116474390E0,-1.135330486E1,-4.668693244E-1
3.884484891E1,2.303221941E0,-1.142752457E1,-5.003881454E-1
3.884683256E1,2.489969730E0,-1.149456215E1,-5.027823448E-1
3.884881620E1,2.676717520E0,-1.155441761E1,-4.429273009E-1
3.885073881E1,2.861071110E0,-1.163582039E1,-3.399766386E-1
3.885275297E1,3.040636063E0,-1.173398209E1,-1.987187415E-1
3.885473661E1,3.203441858E0,-1.184890461E1,-2.873042040E-2
3.885675077E1,3.366247654E0,-1.197340298E1,1.604115069E-1
3.885870390E1,3.512293816E0,-1.210029507E1,3.567360640E-1
3.886071806E1,3.603273630E0,-1.223437023E1,5.602431893E-1
3.886267118E1,3.660734415E0,-1.237084007E1,7.924807668E-1
3.886462430E1,3.672705412E0,-1.253125191E1,1.058237195E0
3.886660795E1,3.632004023E0,-1.272518158E1,1.340752959E0
3.886862211E1,3.531447411E0,-1.293347740E1,1.625662923E0
3.887057523E1,3.375824451E0,-1.312740803E1,1.905784607E0
3.887258939E1,3.193865061E0,-1.331655025E1,2.164358377E0
3.887454252E1,2.987963676E0,-1.350090313E1,2.408566952E0
3.887655668E1,2.770091295E0,-1.366131496E1,2.652775526E0
3.887850980E1,2.554613113E0,-1.379060173E1,2.882618904E0
3.888049345E1,2.351106167E0,-1.390791798E1,3.107673883E0
3.888247709E1,2.176329374E0,-1.405875206E1,3.318363667E0
3.888446073E1,2.001552582E0,-1.422874069E1,3.524264812E0
3.888641386E1,1.836352706E0,-1.436760426E1,3.734954596E0
3.888842802E1,1.687912226E0,-1.445379543E1,3.952826977E0
3.889038114E1,1.553836942E0,-1.448492050E1,4.175487995E0
3.889239530E1,1.434126854E0,-1.446816063E1,4.376600742E0
3.889434843E1,1.328781962E0,-1.442506504E1,4.568136692E0
3.889636259E1,1.240196466E0,-1.437239265E1,4.762067318E0
3.889831571E1,1.163581967E0,-1.431253815E1,4.977545261E0
3.890029935E1,1.101332784E0,-1.425028896E1,5.185841084E0
3.890228300E1,1.036689281E0,-1.421676922E1,5.377377033E0
3.890426664E1,9.744400978E-1,-1.422395229E1,5.549759388E0
3.890621976E1,9.121908545E-1,-1.425747108E1,5.686229229E0
3.890823392E1,8.403648138E-1,-1.432690334E1,5.805939198E0
3.891018705E1,8.044517636E-1,-1.438196945E1,5.865794182E0
3.891220121E1,7.398083210E-1,-1.451604462E1,5.971138954E0
3.891415433E1,6.751648784E-1,-1.467645645E1,6.062118530E0
3.891616849E1,6.057330370E-1,-1.484405041E1,6.141127586E0
3.891812162E1,5.482721925E-1,-1.501882744E1,6.215347767E0
3.892010526E1,5.171475410E-1,-1.519599819E1,6.260837555E0
3.892208890E1,4.979939461E-1,-1.536598682E1,6.263231754E0
3.892407255E1,4.812345505E-1,-1.552400398E1,6.224924564E0
3.892602567E1,4.309563041E-1,-1.566286755E1,6.143521786E0
3.892803983E1,3.423708379E-1,-1.578736591E1,6.026205540E0
3.892999296E1,2.346317619E-1,-1.588552856E1,5.882553577E0
3.893197660E1,1.173158810E-1,-1.596453667E1,5.724536419E0
3.893389921E1,-4.788403399E-3,-1.602918053E1,5.566518784E0
3.893591337E1,-1.221042871E-1,-1.606988144E1,5.394136429E0
3.893786649E1,-2.609679997E-1,-1.606988144E1,5.219359875E0
3.893985014E1,-4.261679053E-1,-1.603396797E1,5.054159641E0
3.894183378E1,-6.081272364E-1,-1.595495987E1,4.924872875E0
3.894381742E1,-7.996633649E-1,-1.582567310E1,4.833893299E0
3.894580106E1,-1.012747288E0,-1.563174248E1,4.730942726E0
3.894778471E1,-1.261744261E0,-1.538753414E1,4.582501888E0
3.894970731E1,-1.558625340E0,-1.511938381E1,4.402936935E0
3.895172147E1,-1.893813491E0,-1.485362720E1,4.209006786E0
3.895367460E1,-2.183511972E0,-1.459984207E1,4.029441357E0
3.895565824E1,-2.322375536E0,-1.434845066E1,3.873818398E0
3.895764188E1,-2.341529369E0,-1.408748245E1,3.711012602E0
3.895962553E1,-2.348711967E0,-1.381693840E1,3.481169224E0
3.896154813E1,-2.375048161E0,-1.354399872E1,3.162740469E0
3.896356229E1,-2.410961151E0,-1.327105999E1,2.748543501E0
3.896554594E1,-2.422932148E0,-1.300769806E1,2.267308950E0
3.896752958E1,-2.434903145E0,-1.275151825E1,1.766920805E0
3.896945219E1,-2.473210335E0,-1.250252151E1,1.288080573E0
3.897146635E1,-2.537853718E0,-1.227986050E1,8.834604025E-1
3.897341947E1,-2.652775526E0,-1.210029507E1,6.033388376E-1
3.897540311E1,-2.815581083E0,-1.195903778E1,3.830722570E-1
3.897738676E1,-3.014299870E0,-1.187045193E1,1.508347094E-1
3.897937040E1,-3.260902643E0,-1.183693314E1,-1.292868853E-1
3.898129301E1,-3.538630009E0,-1.184411621E1,-4.381389022E-1
3.898330717E1,-3.801992416E0,-1.189678860E1,-7.230489254E-1
3.898526029E1,-4.015076160E0,-1.198297977E1,-9.983820915E-1
3.898724393E1,-4.185064793E0,-1.209790134E1,-1.290474772E0
3.898922758E1,-4.323928356E0,-1.223437023E1,-1.613691926E0
3.899124174E1,-4.414907932E0,-1.238759995E1,-1.989581585E0
3.899319486E1,-4.453215122E0,-1.254322243E1,-2.398990154E0
3.899517850E1,-4.438849926E0,-1.268448067E1,-2.815581083E0
3.899716215E1,-4.410119534E0,-1.282095051E1,-3.234566450E0
3.899914579E1,-4.398148537E0,-1.297657299E1,-3.677493811E0
3.900106840E1,-4.431667328E0,-1.313937855E1,-4.132391930E0
3.900308256E1,-4.441244125E0,-1.326866627E1,-4.525041103E0
3.900503568E1,-4.376600742E0,-1.334528065E1,-4.797980309E0
3.900701932E1,-4.249708176E0,-1.336682796E1,-4.958391666E0
3.900900297E1,-4.060565948E0,-1.335485744E1,-5.070919037E0
3.901101713E1,-3.780444384E0,-1.331176186E1,-5.214571476E0
3.901297025E1,-3.435679436E0,-1.321838760E1,-5.346252441E0
3.901495390E1,-3.093308687E0,-1.309628296E1,-5.427655220E0
3.901693754E1,-2.786850691E0,-1.294305420E1,-5.456385612E0
3.901892118E1,-2.516305923E0,-1.274672985E1,-5.456385612E0
3.902084379E1,-2.264914751E0,-1.251688671E1,-5.453991413E0
3.902285795E1,-1.991975784E0,-1.227028370E1,-5.453991413E0
3.902481107E1,-1.707065821E0,-1.202607536E1,-5.458779812E0
3.902679472E1,-1.395819545E0,-1.176510715E1,-5.427655220E0
3.902877836E1,-1.007958889E0,-1.148019695E1,-5.365406036E0
3.903079252E1,-5.171475410E-1,-1.117613316E1,-5.315127850E0
3.903274564E1,6.703764945E-2,-1.088643551E1,-5.226542473E0
3.903475980E1,6.512228847E-1,-1.062546730E1,-5.037400246E0
3.903668241E1,1.206677675E0,-1.039083576E1,-4.802768707E0
3.903869657E1,1.750161409E0,-1.018014526E1,-4.613626480E0
3.904068021E1,2.291250944E0,-9.974244118E0,-4.479551315E0
3.904266386E1,2.863465309E0,-9.777919769E0,-4.371812344E0
3.904461698E1,3.361459255E0,-9.564835548E0,-4.216189384E0
3.904663114E1,3.672705412E0,-9.354146004E0,-3.904942989E0
3.904858427E1,3.892971992E0,-9.215282440E0,-3.517082214E0
3.905056791E1,4.271255970E0,-9.174580574E0,-3.222595453E0
3.905252103E1,4.697423935E0,-9.241618156E0,-2.873042107E0
3.905453519E1,4.874594688E0,-9.392453194E0,-2.410961151E0
3.905648832E1,4.814739704E0,-9.572018623E0,-1.893813491E0
3.905847196E1,4.565742493E0,-9.725247383E0,-1.364694953E0
3.906045560E1,4.173093796E0,-9.866505623E0,-8.667010069E-1
3.906243925E1,3.792415380E0,-1.005325317E1,-3.543418646E-1
3.906442289E1,3.627215624E0,-1.017056847E1,-5.746084079E-2
3.906640653E1,3.234566450E0,-1.056800652E1,1.017535686E0
3.906839017E1,3.028665066E0,-1.084573364E1,1.728613615E0
3.907040433E1,2.798821688E0,-1.109951878E1,2.214636564E0
3.907235746E1,2.686294317E0,-1.120486355E1,2.353500366E0
3.907434110E1,2.480392933E0,-1.137485218E1,2.554613113E0
3.907629423E1,2.260126352E0,-1.149216843E1,2.834734917E0
3.907830839E1,1.970427990E0,-1.159033012E1,3.294421434E0
3.908026151E1,1.565807939E0,-1.170525169E1,3.782838583E0
3.908227567E1,1.151610970E0,-1.178426075E1,4.189853191E0
3.908422880E1,8.643068075E-1,-1.182256794E1,4.455609322E0
3.908621244E1,6.416460276E-1,-1.188481712E1,4.407725334E0
3.908816557E1,4.596867263E-1,-1.195664310E1,4.213795185E0
3.909017973E1,3.854664862E-1,-1.197819138E1,4.141968727E0
3.909213285E1,4.189853072E-1,-1.195903778E1,4.074931145E0
3.909411649E1,5.482721925E-1,-1.190157700E1,3.888183594E0
3.909610014E1,6.631938815E-1,-1.182735634E1,3.610456228E0
3.909808378E1,7.182605267E-1,-1.175074196E1,3.265691042E0
3.910003690E1,7.278373241E-1,-1.166455078E1,2.844311714E0
3.910205106E1,7.134721279E-1,-1.156399441E1,2.348711967E0
3.910400419E1,7.230489254E-1,-1.142034245E1,1.812410712E0
3.910598783E1,7.469909191E-1,-1.124795914E1,1.323993564E0
3.910797147E1,7.469909191E-1,-1.108754826E1,9.002198577E-1
3.910998563E1,6.967126727E-1,-1.094150162E1,5.075707436E-1
3.911193876E1,6.200982332E-1,-1.080024433E1,1.244984865E-1
3.911392240E1,5.650315881E-1,-1.063025570E1,-2.561795712E-1
3.911590604E1,5.075707436E-1,-1.043871975E1,-5.817909837E-1
3.911788969E1,4.477157295E-1,-1.024239445E1,-8.379706144E-1
3.911981229E1,3.567360640E-1,-1.006761837E1,-1.034295082E0
3.912182645E1,2.896983922E-1,-9.890447617E0,-1.127668977E0
3.912377958E1,2.489969730E-1,-9.718064308E0,-1.070208192E0
3.912579374E1,2.346317619E-1,-9.521739960E0,-9.983820915E-1
3.912774686E1,2.059013397E-1,-9.311050415E0,-9.983820915E-1
3.912973051E1,1.651999205E-1,-9.100360870E0,-1.046266198E0
3.913171415E1,1.460463107E-1,-8.896853447E0,-1.132457376E0
3.913369779E1,1.771709323E-1,-8.707711220E0,-1.247379065E0
3.913565092E1,2.370259613E-1,-8.564059258E0,-1.350329757E0
3.913766508E1,2.753331959E-1,-8.451532364E0,-1.400607944E0
3.913961820E1,2.513911724E-1,-8.362946510E0,-1.422155857E0
3.914163236E1,1.604115069E-1,-8.322244644E0,-1.407790542E0
3.914358549E1,7.182605099E-3,-8.307879448E0,-1.388636947E0
3.914556913E1,-1.723825186E-1,-8.267178535E0,-1.388636947E0
3.914755277E1,-3.758896589E-1,-8.180987358E0,-1.386242747E0
3.914956693E1,-4.572925270E-1,-8.054094315E0,-1.400607944E0
3.915152006E1,-4.141969085E-1,-7.910442352E0,-1.395819545E0
3.915350370E1,-3.351882398E-1,-7.771578789E0,-1.338358760E0
3.915545682E1,-3.136404157E-1,-7.651868820E0,-1.266532660E0
3.915747098E1,-3.878606856E-1,-7.532158375E0,-1.163581967E0
3.915942411E1,-5.339069963E-1,-7.489062786E0,-1.027112484E0
3.916143827E1,-6.153098345E-1,-7.467514992E0,-9.313444495E-1
3.916339140E1,-5.817909837E-1,-7.426813602E0,-8.882488012E-1
3.916537504E1,-4.788403511E-1,-7.400477409E0,-8.738836050E-1
3.916735868E1,-3.280056417E-1,-7.390900612E0,-8.595184088E-1
3.916937284E1,-2.346317619E-1,-7.417236805E0,-8.690952063E-1
3.917132596E1,-2.537853718E-1,-7.481880188E0,-9.169792533E-1
3.917330961E1,-2.992752194E-1,-7.575253963E0,-9.935936928E-1
3.917526273E1,-3.016694188E-1,-7.694964409E0,-1.072602391E0
3.917727689E1,-2.394201756E-1,-7.845798969E0,-1.146822572E0
3.917923002E1,-1.795651317E-1,-8.020575523E0,-1.170764685E0
3.918124418E1,-1.340752989E-1,-8.152256966E0,-1.115697980E0
3.918319730E1,-5.746084079E-2,-8.212111473E0,-1.012747288E0
3.918518095E1,3.112462163E-2,-8.245630264E0,-9.050082564E-1
3.918716459E1,9.816227108E-2,-8.300697327E0,-7.996633649E-1
3.918917875E1,1.508347094E-1,-8.355764389E0,-6.943184733E-1
3.919113187E1,1.795651317E-1,-8.410830498E0,-5.817909837E-1
3.919311552E1,1.675941199E-1,-8.461109161E0,-3.734954596E-1
3.919509916E1,1.053448766E-1,-8.508993149E0,-1.125274822E-1
3.919708280E1,-2.394201700E-3,-8.537723541E0,-1.149216816E-1
3.919900541E1,-1.460463107E-1,-8.511386871E0,-2.896983922E-1
3.920101957E1,-3.160346150E-1,-8.475474358E0,-3.495534360E-1
3.920297269E1,-5.386953950E-1,-8.456320763E0,-2.202665508E-1
3.920498685E1,-7.278373241E-1,-8.461109161E0,-5.267243832E-2
3.920690946E1,-8.738836050E-1,-8.480262756E0,5.506663769E-2
3.920892362E1,-9.840168953E-1,-8.449137688E0,1.173158810E-1
3.921087675E1,-1.051054597E0,-8.353369713E0,1.005564705E-1
3.921286039E1,-1.089361787E0,-8.178592682E0,1.436521020E-2
3.921484403E1,-1.137245774E0,-7.975085735E0,-9.097966552E-2
3.921682767E1,-1.218648672E0,-7.771578789E0,-2.226607651E-1
3.921878080E1,-1.355118155E0,-7.589619160E0,-3.375824392E-1
3.922079496E1,-1.544260144E0,-7.407660007E0,-4.094084799E-1
3.922274808E1,-1.740584612E0,-7.218518257E0,-4.692635238E-1
3.922473173E1,-1.936909199E0,-7.012616634E0,-5.051765442E-1
3.922668485E1,-2.126051188E0,-6.787561893E0,-5.410895944E-1
3.922869901E1,-2.315192938E0,-6.564900875E0,-5.793967843E-1
3.923065214E1,-2.516305923E0,-6.366182327E0,-6.081272364E-1
3.923263578E1,-2.712630510E0,-6.193799973E0,-6.296750307E-1
3.923461942E1,-2.885013103E0,-6.021417141E0,-6.727706790E-1
3.923660307E1,-3.028665066E0,-5.856217384E0,-7.158663273E-1
3.923855619E1,-3.169923067E0,-5.714959621E0,-7.493851185E-1
3.924057035E1,-3.313575268E0,-5.585672379E0,-7.900865674E-1
3.924252348E1,-3.442862034E0,-5.463568211E0,-8.499416113E-1
3.924453764E1,-3.552995205E0,-5.358223438E0,-9.074024558E-1
3.924649076E1,-3.605667830E0,-5.240907669E0,-9.648633003E-1
3.924847440E1,-3.612850428E0,-5.169081688E0,-1.000776291E0
3.925042753E1,-3.586514235E0,-5.006275654E0,-1.096544385E0
3.925244169E1,-3.567360640E0,-4.853046894E0,-1.197100878E0
3.925439481E1,-3.612850428E0,-4.721365929E0,-1.252167463E0
3.925637846E1,-3.711012602E0,-4.616020679E0,-1.295263171E0
3.925836210E1,-3.813963413E0,-4.534617901E0,-1.350329757E0
3.926034574E1,-3.892971992E0,-4.441244125E0,-1.407790542E0
3.926226835E1,-3.981557369E0,-4.343081951E0,-1.446097851E0
3.926428251E1,-4.108449936E0,-4.280832767E0,-1.455674648E0
3.926626615E1,-4.232948780E0,-4.242525578E0,-1.448492050E0
3.926824979E1,-4.326322556E0,-4.187458992E0,-1.446097851E0
3.927020292E1,-4.383783340E0,-4.113238335E0,-1.453280449E0
3.927218656E1,-4.443638325E0,-4.048594952E0,-1.448492050E0
3.927413969E1,-4.548983097E0,-4.024652958E0,-1.412579060E0
3.927612333E1,-4.639962673E0,-4.012681961E0,-1.369483352E0
3.927810697E1,-4.738125324E0,-4.012681961E0,-1.323993564E0
3.928009061E1,-4.793191910E0,-4.007893562E0,-1.292868972E0
3.928201322E1,-4.807557106E0,-4.007893562E0,-1.261744261E0
3.928402738E1,-4.817133904E0,-4.005499363E0,-1.225831270E0
3.928598051E1,-4.841075897E0,-4.012681961E0,-1.175553083E0
3.928796415E1,-4.893748283E0,-4.055777550E0,-1.103726983E0
3.928991727E1,-4.960785866E0,-4.132391930E0,-1.027112484E0
3.929193143E1,-5.011064053E0,-4.206612587E0,-9.624691010E-1
3.929385404E1,-5.037400246E0,-4.276044369E0,-8.643068075E-1
3.929586820E1,-5.025429249E0,-4.350264549E0,-7.541735172E-1
3.929785184E1,-4.967968464E0,-4.388571739E0,-6.871358752E-1
3.929980497E1,-4.874594688E0,-4.383783340E0,-6.655880809E-1
3.930178861E1,-4.797980309E0,-4.383783340E0,-6.679822803E-1
3.930377225E1,-4.750096321E0,-4.402936935E0,-6.871358752E-1
3.930572538E1,-4.728548527E0,-4.434061527E0,-6.919242740E-1
3.930770902E1,-4.697423935E0,-4.462791920E0,-6.607996821E-1
3.930969266E1,-4.663905144E0,-4.505887508E0,-5.985504389E-1
3.931164579E1,-4.632780075E0,-4.556165695E0,-5.195417404E-1
3.931362943E1,-4.594472885E0,-4.608838081E0,-4.501099288E-1
3.931564359E1,-4.537012100E0,-4.651933670E0,-3.974374831E-1
3.931759672E1,-4.436455727E0,-4.704606533E0,-3.663128614E-1
3.931958036E1,-4.280832767E0,-4.754884720E0,-3.639186621E-1
3.932156400E1,-4.137180328E0,-4.800374508E0,-3.878606856E-1
3.932354765E1,-4.024652958E0,-4.824316502E0,-3.926490843E-1
3.932550077E1,-3.916913986E0,-4.836287498E0,-3.782838583E-1
3.932751493E1,-3.797203779E0,-4.838681698E0,-3.543418646E-1
3.932946806E1,-3.663128614E0,-4.857835293E0,-3.351882398E-1
3.933145170E1,-3.548206806E0,-4.891354084E0,-3.160346150E-1
3.933343534E1,-3.430891037E0,-4.912901878E0,-2.944868207E-1
3.933541898E1,-3.299209833E0,-4.939238071E0,-2.777273953E-1
3.933734159E1,-3.157952070E0,-4.967968464E0,-2.633621991E-1
3.933935575E1,-3.033453465E0,-5.001487255E0,-2.489969730E-1
3.934130888E1,-2.930502892E0,-5.030217648E0,-2.513911724E-1
3.934329252E1,-2.827552319E0,-5.070919037E0,-2.513911724E-1
3.934527616E1,-2.724601507E0,-5.114014626E0,-2.322375625E-1
3.934729032E1,-2.597708941E0,-5.152322292E0,-1.867477298E-1
3.934924345E1,-2.456450939E0,-5.173870087E0,-1.125274822E-1
3.935122709E1,-2.322375536E0,-5.188235283E0,-1.197100803E-2
3.935318021E1,-2.205059767E0,-5.214571476E0,1.053448766E-1
3.935516386E1,-2.075772762E0,-5.236119270E0,2.346317619E-1
3.935714750E1,-1.917755604E0,-5.257667065E0,3.663128614E-1
3.935916166E1,-1.769315004E0,-5.295974255E0,4.788403511E-1
3.936111478E1,-1.656787634E0,-5.360617638E0,5.602431893E-1
3.936309843E1,-1.580173135E0,-5.444414616E0,6.296750307E-1
3.936508207E1,-1.527500629E0,-5.535394192E0,7.182605267E-1
3.936706571E1,-1.455674648E0,-5.626373768E0,8.762778044E-1
3.936898832E1,-1.345541358E0,-5.714959621E0,1.101332784E0
3.937100248E1,-1.211466074E0,-5.808333397E0,1.367089152E0
3.937295560E1,-1.067813993E0,-5.913678169E0,1.668758631E0
3.937493925E1,-9.481038451E-1,-6.026205540E0,1.984793186E0
3.937692289E1,-8.619126081E-1,-6.165069580E0,2.291250944E0
3.937890653E1,-7.661445141E-1,-6.320692539E0,2.559401512E0
3.938085966E1,-6.727706790E-1,-6.478709698E0,2.806004286E0
3.938287382E1,-5.793967843E-1,-6.634333134E0,3.062183857E0
3.938482694E1,-4.932055473E-1,-6.799532890E0,3.320757866E0
3.938681058E1,-4.261679053E-1,-6.998251438E0,3.588908434E0
3.938876371E1,-3.830722570E-1,-7.244854450E0,3.895366192E0
3.939077787E1,-3.519476354E-1,-7.520187378E0,4.252102375E0
3.939273099E1,-3.280056417E-1,-7.666234016E0,4.443638325E0
3.939471464E1,-2.537853718E-1,-8.118738174E0,5.085284233E0
3.939669828E1,-1.699883193E-1,-8.441955566E0,5.554547787E0
3.939868192E1,-1.029506698E-1,-8.609549522E0,5.803544998E0
3.940060453E1,6.943184882E-2,-8.961497307E0,6.325480938E0
3.940261869E1,2.681505978E-1,-9.356540680E0,6.837840080E0
3.940457182E1,4.955997467E-1,-9.785101891E0,7.345410824E0
3.940655546E1,7.398083210E-1,-1.024718285E1,7.900865555E0
3.940850858E1,1.010353088E0,-1.073320580E1,8.528146744E0
3.941052274E1,1.319205165E0,-1.125514221E1,9.196128845E0
3.941247587E1,1.644816518E0,-1.182975101E1,9.888052940E0
3.941445951E1,1.927332401E0,-1.246900272E1,1.056800652E1
3.941644315E1,2.121262789E0,-1.318247414E1,1.113782597E1
3.941842680E1,2.353500366E0,-1.391031170E1,1.155441761E1
3.942034940E1,2.674323320E0,-1.464533138E1,1.183214474E1
3.942236356E1,3.007117271E0,-1.540429401E1,1.199255657E1
3.942428617E1,3.282450438E0,-1.619198608E1,1.206438255E1
3.942630033E1,3.533841610E0,-1.699404335E1,1.211226654E1
3.942828397E1,3.773261786E0,-1.776976585E1,1.215057373E1
3.943029813E1,4.050989151E0,-1.849520874E1,1.223915863E1
3.943225126E1,4.295197964E0,-1.916797829E1,1.241393566E1
3.943426542E1,4.551377296E0,-1.976413536E1,1.267490387E1
3.943621854E1,4.800374508E0,-2.027409935E1,1.301727486E1
3.943820219E1,5.006275654E0,-2.070266151E1,1.341471195E1
3.944018583E1,5.154716492E0,-2.100911903E1,1.382412052E1
3.944216947E1,5.353435040E0,-2.114319611E1,1.424071217E1
3.944415311E1,5.657498837E0,-2.106897545E1,1.459265900E1
3.944613676E1,5.942408562E0,-2.084870911E1,1.484165668E1
3.944812040E1,6.141127586E0,-2.052309608E1,1.504516315E1
3.945010404E1,6.308721542E0,-2.006340981E1,1.518402672E1
3.945205717E1,6.454767704E0,-1.946964836E1,1.515290260E1
3.945407133E1,6.526593685E0,-1.875856972E1,1.492305946E1
3.945602445E1,6.469132900E0,-1.799242592E1,1.452562141E1
3.945797758E1,6.311115742E0,-1.721430969E1,1.399889755E1
3.945996122E1,6.069301128E0,-1.643379974E1,1.338598156E1
3.946194486E1,5.753266811E0,-1.568202114E1,1.271081638E1
3.946389799E1,5.365406036E0,-1.496136665E1,1.196382618E1
3.946588163E1,4.932055473E0,-1.427423096E1,1.114261436E1
3.946786527E1,4.474762917E0,-1.361821938E1,1.027351952E1
3.946984891E1,3.933673382E0,-1.300769806E1,9.402029991E0
3.947180204E1,3.308786631E0,-1.245224285E1,8.511386871E0
3.947381620E1,2.645592928E0,-1.196382618E1,7.596801758E0
3.947576932E1,1.968033791E0,-1.152329254E1,6.689399719E0
3.947772245E1,1.256955862E0,-1.113064384E1,5.829881191E0
3.947970609E1,5.195417404E-1,-1.078827286E1,5.061342239E0
3.948172025E1,-1.867477298E-1,-1.050096893E1,4.472368717E0
3.948367338E1,-8.283938169E-1,-1.025436592E1,3.885789394E0
3.948565702E1,-1.414973259E0,-1.002212811E1,3.397372246E0
3.948764066E1,-1.948880196E0,-9.816226959E0,3.090914488E0
3.948965482E1,-2.497152328E0,-9.660603523E0,2.925714493E0
3.949157743E1,-3.009511471E0,-9.540893555E0,2.834734917E0
3.949359159E1,-3.459621429E0,-9.428366661E0,2.758120298E0
3.949554472E1,-3.797203779E0,-9.284713745E0,2.686294317E0
3.949749784E1,-4.031835556E0,-9.109937668E0,2.604891539E0
3.949948148E1,-4.180276394E0,-8.892065048E0,2.482787132E0
3.950146512E1,-4.254496574E0,-8.619126320E0,2.272097349E0
3.950341825E1,-4.309563160E0,-8.300697327E0,1.893813491E0
3.950540189E1,-4.314351559E0,-7.977479935E0,1.367089152E0
3.950738554E1,-4.278438568E0,-7.728483200E0,8.762778044E-1
3.950936918E1,-4.213795185E0,-7.582436562E0,4.788403511E-1
3.951132230E1,-4.103661537E0,-7.517793179E0,6.943184882E-2
3.951333646E1,-3.991134167E0,-7.544129372E0,-3.495534360E-1
3.951528959E1,-3.943250179E0,-7.706935406E0,-6.919242740E-1
3.951727323E1,-3.960009575E0,-7.994239330E0,-9.121908545E-1
3.951925687E1,-3.981557369E0,-8.370129585E0,-1.103726983E0
3.952124052E1,-3.940855980E0,-8.767566681E0,-1.446097851E0
3.952319364E1,-3.861847401E0,-9.184157372E0,-2.020706177E0
3.952520780E1,-3.797203779E0,-9.610325813E0,-2.837129116E0
3.952716093E1,-3.787626982E0,-1.006282997E1,-3.847482204E0
3.952914457E1,-3.787626982E0,-1.052251625E1,-4.953603268E0
3.953112821E1,-3.763684988E0,-1.097262669E1,-6.059724331E0
3.953311185E1,-3.708618402E0,-1.141555405E1,-7.017405033E0
3.953503446E1,-3.620033026E0,-1.184650993E1,-7.663839817E0
3.953704862E1,-3.531447411E0,-1.226310158E1,-8.008605003E0
3.953900175E1,-3.459621429E0,-1.265814400E1,-8.178592682E0
3.954098539E1,-3.418920040E0,-1.303164005E1,-8.255207062E0
3.954296903E1,-3.356670856E0,-1.333570385E1,-8.283937454E0
3.954498319E1,-3.272873640E0,-1.360145950E1,-8.212111473E0
3.954693632E1,-3.213018656E0,-1.372116947E1,-8.142680168E0
3.954891996E1,-2.983175278E0,-1.398692608E1,-7.819462776E0
3.955087308E1,-2.928108692E0,-1.405156994E1,-7.666234016E0
3.955285673E1,-2.865859509E0,-1.418564510E1,-7.328651428E0
3.955484037E1,-2.837129116E0,-1.427901936E1,-6.979097843E0
3.955685453E1,-2.827552319E0,-1.431732655E1,-6.641515732E0
3.955880766E1,-2.849100113E0,-1.431972027E1,-6.296750546E0
3.956079130E1,-2.868253708E0,-1.425986576E1,-5.963956356E0
3.956277494E1,-2.887407303E0,-1.417846203E1,-5.566518784E0
3.956478910E1,-2.885013103E0,-1.408748245E1,-5.063736439E0
3.956674223E1,-2.794033289E0,-1.397256088E1,-4.493916512E0
3.956872587E1,-2.576161146E0,-1.382412052E1,-3.823540211E0
3.957067899E1,-2.245761156E0,-1.364216137E1,-2.997540474E0
3.957269315E1,-1.838746905E0,-1.343865395E1,-1.975216389E0
3.957464628E1,-1.343147159E0,-1.322317600E1,-7.781155705E-1
3.957666044E1,-7.038952708E-1,-1.296220779E1,4.812345505E-1
3.957861356E1,1.005564705E-1,-1.266293240E1,1.709460020E0
3.958059721E1,9.648633003E-1,-1.232295609E1,2.856282711E0
3.958258085E1,1.721431017E0,-1.194706631E1,3.852270603E0
3.958459501E1,2.291250944E0,-1.152568722E1,4.563348293E0
3.958654813E1,2.710236311E0,-1.107318306E1,4.896142483E0
3.958853178E1,3.026270866E0,-1.061110210E1,4.836287498E0
3.959051542E1,3.177105665E0,-1.021845245E1,4.414907932E0
3.959249906E1,3.083731890E0,-9.945513725E0,3.725377798E0
3.959442167E1,2.820369720E0,-9.765948296E0,2.861071110E0
3.959643583E1,2.466027737E0,-9.653421402E0,1.941697598E0
3.959838895E1,2.020706177E0,-9.576807022E0,1.091755986E0
3.960037260E1,1.510741234E0,-9.528923035E0,3.471592367E-1
3.960235624E1,1.015141487E0,-9.495404243E0,-2.777273953E-1
3.960437040E1,5.698199868E-1,-9.454702377E0,-7.589619160E-1
3.960632352E1,1.771709323E-1,-9.378087997E0,-1.122880578E0
3.960830717E1,-1.556231081E-1,-9.248801231E0,-1.393425345E0
3.961029081E1,-3.495534360E-1,-9.088389397E0,-1.580173135E0
3.961227445E1,-3.830722570E-1,-8.916007042E0,-1.723825216E0
3.961422758E1,-2.681505978E-1,-8.719682693E0,-1.891419291E0
3.961624174E1,-3.351882473E-2,-8.508993149E0,-2.123656988E0
3.961819486E1,8.619125932E-2,-8.319850922E0,-2.288856745E0
3.962017850E1,-5.027823523E-2,-8.202534676E0,-2.379836559E0
3.962216215E1,-3.088520169E-1,-8.118738174E0,-2.501940727E0
3.962417631E1,-5.075707436E-1,-8.015787125E0,-2.731784105E0
3.962612943E1,-6.775590777E-1,-7.891288757E0,-3.031059265E0
3.962814359E1,-8.307880163E-1,-7.762001991E0,-3.335123062E0
3.963009672E1,-9.385270476E-1,-7.608773232E0,-3.653551817E0
3.963208036E1,-1.027112484E0,-7.402871609E0,-3.916913986E0
3.963406400E1,-1.110909581E0,-7.189787865E0,-4.151545525E0
3.963604765E1,-1.216254473E0,-7.019799232E0,-4.405331135E0
3.963800077E1,-1.302445769E0,-6.909666061E0,-4.644751072E0
3.964001493E1,-1.388636947E0,-6.842628479E0,-4.797980309E0
3.964196806E1,-1.486799240E0,-6.787561893E0,-4.850652695E0
3.964395170E1,-1.546654344E0,-6.746860504E0,-4.874594688E0
3.964587430E1,-1.549048543E0,-6.739677906E0,-4.903325081E0
3.964788846E1,-1.443703651E0,-6.777985096E0,-4.960785866E0
3.964984159E1,-1.264138460E0,-6.847416878E0,-5.011064053E0
3.965182523E1,-1.254561663E0,-6.962338448E0,-4.910507679E0
3.965380888E1,-1.470039845E0,-7.105990410E0,-4.644751072E0
3.965579252E1,-1.666364431E0,-7.273584843E0,-4.340687752E0
3.965774564E1,-1.733402014E0,-7.469909191E0,-4.062960148E0
3.965972929E1,-1.683123827E0,-7.694964409E0,-3.849876404E0
3.966171293E1,-1.565807939E0,-7.943961143E0,-3.682282209E0
3.966372709E1,-1.491587639E0,-8.183381081E0,-3.442862034E0
3.966568021E1,-1.460463047E0,-8.413225174E0,-3.095702887E0
3.966766386E1,-1.359906554E0,-8.614337921E0,-2.734178305E0
3.966961698E1,-1.173158884E0,-8.784325600E0,-2.418143749E0
3.967163114E1,-9.361328483E-1,-8.944737434E0,-2.157175779E0
3.967358427E1,-6.727706790E-1,-9.090784073E0,-1.917755604E0
3.967559843E1,-3.854664862E-1,-9.224859238E0,-1.666364431E0
3.967755155E1,-5.027823523E-2,-9.354146004E0,-1.374271750E0
3.967953519E1,2.944868207E-1,-9.497797966E0,-1.055842996E0
3.968151884E1,5.937620401E-1,-9.641449928E0,-6.775590777E-1
3.968353300E1,8.643068075E-1,-9.780313492E0,-3.016694188E-1
3.968548612E1,1.130063176E0,-9.933543205E0,2.154781483E-2
3.968746976E1,1.374271750E0,-1.008437729E1,3.280056417E-1
3.968945341E1,1.616086125E0,-1.023760605E1,5.746083856E-1
3.969143705E1,1.891419291E0,-1.038844109E1,7.015010715E-1
3.969339017E1,2.221819162E0,-1.052491093E1,7.350199223E-1
3.969540433E1,2.573766708E0,-1.067335129E1,7.158663273E-1
3.969735746E1,2.877830505E0,-1.082658005E1,6.655880809E-1
3.969934110E1,3.102885485E0,-1.095826149E1,6.081272364E-1
3.970132474E1,3.263296843E0,-1.104924107E1,5.506663918E-1
3.970333890E1,3.368641853E0,-1.112585545E1,5.410895944E-1
3.970529203E1,3.426102638E0,-1.121444035E1,5.913678408E-1
3.970727567E1,3.466804028E0,-1.128147888E1,7.110779285E-1
3.970925932E1,3.495534420E0,-1.132217979E1,8.379706144E-1
3.971124296E1,3.555389643E0,-1.132936287E1,9.409212470E-1
3.971316557E1,3.725377798E0,-1.129344940E1,1.003170490E0
3.971517973E1,3.979163170E0,-1.121683502E1,9.864110947E-1
3.971713285E1,4.146757126E0,-1.111627865E1,1.000776291E0
3.971911649E1,4.108449936E0,-1.100853920E1,1.139639974E0
3.972106962E1,3.936067581E0,-1.089840603E1,1.369483352E0
3.972308378E1,3.734954596E0,-1.075714779E1,1.601720929E0
3.972503690E1,3.512293816E0,-1.060152531E1,1.783680320E0
3.972702054E1,3.277662039E0,-1.044350815E1,1.922544003E0
3.972900419E1,3.047818661E0,-1.029267311E1,2.018311977E0
3.973098783E1,2.829946518E0,-1.015859795E1,2.068590164E0
3.973294096E1,2.717418909E0,-1.009634876E1,2.080561161E0
3.973492460E1,2.511517525E0,-9.969455719E0,2.068590164E0
3.973684721E1,2.341529369E0,-9.849745750E0,2.056619167E0
3.973886137E1,2.116474390E0,-9.746794701E0,2.099714994E0
3.974081449E1,1.762132406E0,-9.658209801E0,2.252943754E0
3.974282865E1,1.359906554E0,-9.600749016E0,2.382230759E0
3.974478178E1,9.744400978E-1,-9.543288231E0,2.348711967E0
3.974679594E1,6.488286853E-1,-9.507374763E0,2.190694571E0
3.974871854E1,3.902548850E-1,-9.495404243E0,2.011129379E0
3.975073270E1,1.532289088E-1,-9.478644371E0,1.860294700E0
3.975271635E1,-1.173158810E-1,-9.442731857E0,1.702277422E0
3.975469999E1,-4.285621047E-1,-9.394847870E0,1.527500629E0
3.975665311E1,-7.469909191E-1,-9.354146004E0,1.350329757E0
3.975866727E1,-1.067813993E0,-9.323021889E0,1.194706678E0
3.976062040E1,-1.388636947E0,-9.301473618E0,1.108515382E0
3.976263456E1,-1.721431017E0,-9.279925346E0,1.127668977E0
3.976458768E1,-2.020706177E0,-9.275136948E0,1.180341482E0
3.976660184E1,-2.257732153E0,-9.284713745E0,1.244984865E0
3.976855497E1,-2.454056740E0,-9.279925346E0,1.328781962E0
3.977053861E1,-2.664746523E0,-9.241618156E0,1.359906554E0
3.977252225E1,-2.868253708E0,-9.186552048E0,1.295263171E0
3.977450590E1,-3.021482468E0,-9.114726067E0,1.216254473E0
3.977645902E1,-3.105279684E0,-9.042900085E0,1.163581967E0
3.977847318E1,-3.107673883E0,-8.966285706E0,1.118092179E0
3.978042631E1,-3.076549292E0,-8.896853447E0,1.067813993E0
3.978240995E1,-3.023876667E0,-8.829815865E0,9.911994934E-1
3.978436308E1,-2.944868088E0,-8.755595207E0,8.882488012E-1
3.978637724E1,-2.844311714E0,-8.690952301E0,7.685387731E-1
3.978833036E1,-2.703053713E0,-8.657433510E0,6.224924326E-1
3.979031400E1,-2.540247917E0,-8.645462036E0,5.099649429E-1
3.979229765E1,-2.398990154E0,-8.635885239E0,4.453215301E-1
3.979428129E1,-2.262520552E0,-8.628703117E0,4.094084799E-1
3.979623441E1,-2.145204782E0,-8.647856712E0,3.902548850E-1
3.979824857E1,-2.027888775E0,-8.669404030E0,3.758896589E-1
3.980020170E1,-1.884236693E0,-8.671798706E0,3.830722570E-1
3.980221586E1,-1.711854219E0,-8.676587105E0,4.213795066E-1
3.980416898E1,-1.525106430E0,-8.705317497E0,4.453215301E-1
3.980618314E1,-1.307234168E0,-8.741230011E0,4.285621047E-1
3.980810575E1,-1.058237195E0,-8.769960403E0,3.926490843E-1
3.981011991E1,-7.757213712E-1,-8.798690796E0,3.543418646E-1
3.981210355E1,-4.740519226E-1,-8.820239067E0,3.040636182E-1
3.981408720E1,-1.675941199E-1,-8.825027466E0,2.513911724E-1
3.981604032E1,1.388636976E-1,-8.822632790E0,1.867477298E-1
3.981805448E1,4.309563041E-1,-8.839392662E0,1.077390760E-1
3.981997709E1,7.110779285E-1,-8.882488251E0,2.154781483E-2
3.982199125E1,9.888052940E-1,-8.930372238E0,-8.379705995E-2
3.982394437E1,1.271321058E0,-8.954314232E0,-2.035071403E-1
3.982592802E1,1.553836942E0,-8.942343712E0,-3.375824392E-1
3.982791166E1,1.817199111E0,-8.937555313E0,-4.788403511E-1
3.982989530E1,2.037465572E0,-8.951920509E0,-6.105214357E-1
3.983181791E1,2.226607561E0,-8.978256226E0,-7.278373241E-1
3.983383207E1,2.396595955E0,-9.026140213E0,-8.164227605E-1
3.983578519E1,2.533065319E0,-9.071630478E0,-8.738836050E-1
3.983776884E1,2.624045134E0,-9.095572472E0,-9.050082564E-1
3.983975248E1,2.683900118E0,-9.105149269E0,-9.241618514E-1
3.984176664E1,2.741360903E0,-9.093177795E0,-9.265560508E-1
3.984371976E1,2.791639090E0,-9.093177795E0,-9.217676520E-1
3.984570341E1,2.810792685E0,-9.083600998E0,-9.265560508E-1
3.984765653E1,2.803610086E0,-9.071630478E0,-9.313444495E-1
3.984967069E1,2.786850691E0,-9.059659004E0,-9.241618514E-1
3.985162382E1,2.736572504E0,-9.047688484E0,-9.121908545E-1
3.985363798E1,2.645592928E0,-9.052476883E0,-8.954314590E-1
3.985559110E1,2.537853718E0,-9.054870605E0,-8.667010069E-1
3.985760526E1,2.430114746E0,-9.042900085E0,-8.427590132E-1
3.985952787E1,2.310404539E0,-9.023746490E0,-8.188169599E-1
3.986154203E1,2.183511972E0,-9.018958092E0,-7.876923680E-1
3.986349516E1,2.049436569E0,-8.997409821E0,-7.565677166E-1
3.986547880E1,1.903390408E0,-8.966285706E0,-7.350199223E-1
3.986746244E1,1.742978811E0,-8.927978516E0,-7.230489254E-1
3.986944608E1,1.587355733E0,-8.865729332E0,-7.134721279E-1
3.987136869E1,1.443703651E0,-8.796297073E0,-6.943184733E-1
3.987338285E1,1.300051570E0,-8.738836288E0,-6.655880809E-1
3.987536649E1,1.177947283E0,-8.683769226E0,-6.368576288E-1
3.987735014E1,1.082179189E0,-8.626308441E0,-6.320692301E-1
3.987930326E1,1.005564690E0,-8.568847656E0,-6.512228847E-1
3.988131742E1,9.385270476E-1,-8.518569946E0,-6.703764796E-1
3.988327054E1,8.571242094E-1,-8.477868080E0,-6.943184733E-1
3.988525419E1,7.829039693E-1,-8.449137688E0,-7.326257229E-1
3.988723783E1,7.206547260E-1,-8.413225174E0,-7.757213712E-1
3.988922147E1,6.679822803E-1,-8.382100105E0,-8.307880163E-1
3.989114408E1,6.344634295E-1,-8.355764389E0,-9.026140571E-1
3.989315824E1,6.081272364E-1,-8.348581314E0,-9.648633003E-1
3.989511137E1,5.889736414E-1,-8.350975990E0,-9.983820915E-1
3.989709501E1,5.506663918E-1,-8.348581314E0,-1.072602391E0
3.989907865E1,5.075707436E-1,-8.348581314E0,-1.154005170E0
3.990109281E1,4.716577232E-1,-8.370129585E0,-1.237802267E0
3.990304594E1,4.381389022E-1,-8.410830498E0,-1.297657371E0
3.990502958E1,3.998316824E-1,-8.444349289E0,-1.352723956E0
3.990701322E1,3.711012602E-1,-8.475474358E0,-1.405396342E0
3.990899686E1,3.399766386E-1,-8.497021675E0,-1.462857246E0
3.991091947E1,3.040636182E-1,-8.501810074E0,-1.525106430E0
3.991293363E1,2.825157940E-1,-8.518569946E0,-1.577778935E0
3.991488676E1,2.561795712E-1,-8.549694061E0,-1.618480325E0
3.991687040E1,2.154781520E-1,-8.585607529E0,-1.644816518E0
3.991885404E1,1.604115069E-1,-8.616731644E0,-1.654393315E0
3.992083768E1,1.149216816E-1,-8.647856712E0,-1.640028119E0
3.992276029E1,8.619125932E-2,-8.681375504E0,-1.606509328E0
3.992477445E1,6.464344263E-2,-8.724471092E0,-1.570596337E0
3.992669706E1,1.675941236E-2,-8.772355080E0,-1.537077546E0
3.992871122E1,-2.873042040E-2,-8.822632790E0,-1.493981838E0
3.993069486E1,-8.140286058E-2,-8.875306129E0,-1.443703651E0
3.993267850E1,-1.436520964E-1,-8.923190117E0,-1.391031146E0
3.993463163E1,-1.987187415E-1,-8.961497307E0,-1.347935557E0
3.993664579E1,-2.513911724E-1,-9.002198219E0,-1.302445769E0
3.993859891E1,-2.992752194E-1,-9.038111687E0,-1.256955862E0
3.994058256E1,-3.423708379E-1,-9.078812599E0,-1.213860273E0
3.994256620E1,-3.950432837E-1,-9.114726067E0,-1.158793569E0
3.994458036E1,-4.429273009E-1,-9.155426979E0,-1.091755986E0
3.994650297E1,-4.932055473E-1,-9.193734169E0,-1.036689281E0
3.994851713E1,-5.506663918E-1,-9.239224434E0,-9.911994934E-1
3.995047025E1,-6.296750307E-1,-9.282320023E0,-9.385270476E-1
3.995245390E1,-7.134721279E-1,-9.327810287E0,-8.786720037E-1
3.995440702E1,-7.852981687E-1,-9.373299599E0,-8.259995580E-1
3.995642118E1,-8.403648138E-1,-9.416395187E0,-7.876923680E-1
3.995837430E1,-8.906430602E-1,-9.466673851E0,-7.445967197E-1
3.996038846E1,-9.504981041E-1,-9.531316757E0,-6.895300746E-1
3.996234159E1,-1.012747288E0,-9.593565941E0,-6.416460276E-1
3.996435575E1,-1.067813993E0,-9.662998199E0,-6.081272364E-1
3.996630888E1,-1.103726983E0,-9.734824181E0,-5.865794420E-1
3.996829252E1,-1.134851575E0,-9.806650162E0,-5.793967843E-1
3.997027616E1,-1.161187768E0,-9.864110947E0,-5.817909837E-1
3.997225980E1,-1.185129881E0,-9.919178009E0,-5.985504389E-1
3.997421293E1,-1.187524080E0,-9.967061996E0,-6.248866320E-1
3.997622709E1,-1.182735682E0,-1.001733971E1,-6.440402865E-1
3.997818021E1,-1.194706678E0,-1.007719517E1,-6.560112834E-1
3.998016386E1,-1.213860273E0,-1.012747288E1,-6.751648784E-1
3.998211698E1,-1.211466074E0,-1.017056847E1,-7.038952708E-1
3.998413114E1,-1.197100878E0,-1.021127033E1,-7.350199223E-1
3.998608427E1,-1.170764685E0,-1.024239445E1,-7.493851185E-1
3.998806791E1,-1.139639974E0,-1.026394272E1,-7.829039693E-1
3.999005155E1,-1.089361787E0,-1.029027843E1,-8.355764151E-1
3.999203519E1,-1.031900883E0,-1.032619190E1,-8.690952063E-1
3.999395780E1,-9.720458984E-1,-1.036210537E1,-8.834604025E-1
3.999597196E1,-9.121908545E-1,-1.039801788E1,-9.074024558E-1
3.999792509E1,-8.451532125E-1,-1.043153667E1,-9.409212470E-1
3.999993925E1,-7.589619160E-1,-1.047463226E1,-9.744400978E-1
4.000189237E1,-6.560112834E-1,-1.052491093E1,-1.005564690E0
4.000390653E1,-5.506663918E-1,-1.059194851E1,-1.031900883E0
4.000582914E1,-4.501099288E-1,-1.064222622E1,-1.063025594E0
4.000784330E1,-3.663128614E-1,-1.069489861E1,-1.082179189E0
4.000982694E1,-2.873041928E-1,-1.074996567E1,-1.086967587E0
4.001181058E1,-2.035071403E-1,-1.080263805E1,-1.082179189E0
4.001373319E1,-1.173158810E-1,-1.083615685E1,-1.070208192E0
4.001574735E1,-3.830722719E-2,-1.082897472E1,-1.060631394E0
4.001766996E1,3.830722719E-2,-1.078587818E1,-1.039083481E0
4.001968412E1,9.576806426E-2,-1.074278259E1,-9.959878922E-1
4.002163724E1,1.412578970E-1,-1.069489861E1,-9.241618514E-1
4.002362089E1,1.795651317E-1,-1.063264942E1,-8.355764151E-1
4.002560453E1,2.154781520E-1,-1.057040024E1,-7.374141216E-1
4.002758817E1,2.394201756E-1,-1.052491093E1,-6.248866320E-1
4.002951078E1,2.370259613E-1,-1.046505547E1,-5.027823448E-1
4.003152494E1,2.130839527E-1,-1.040998936E1,-3.591302633E-1
4.003347807E1,1.771709323E-1,-1.038125896E1,-1.891419291E-1
4.003549223E1,1.292868853E-1,-1.036689377E1,9.576806799E-3
4.003741483E1,5.985504389E-2,-1.034774017E1,2.274491638E-1
4.003942899E1,-3.351882473E-2,-1.034055710E1,4.620809257E-1
4.004138212E1,-7.661445439E-2,-1.034055710E1,5.793967843E-1
4.004336576E1,-1.891419291E-1,-1.037168217E1,9.169792533E-1
4.004534940E1,-2.202665508E-1,-1.039562416E1,1.027112484E0
4.004733304E1,-2.633621991E-1,-1.044590187E1,1.221042871E0
4.004925565E1,-2.753331959E-1,-1.050575733E1,1.352723956E0
4.005123930E1,-2.513911724E-1,-1.057279491E1,1.431732655E0
4.005322294E1,-1.843535304E-1,-1.065419769E1,1.472434044E0
4.005520658E1,-8.140286058E-2,-1.074517727E1,1.448492050E0
4.005715971E1,6.224924326E-2,-1.084333992E1,1.364694953E0
4.005914335E1,2.442085743E-1,-1.095347309E1,1.247379065E0
4.006112699E1,4.668693244E-1,-1.106121159E1,1.106121182E0
4.006311063E1,7.086837292E-1,-1.116895103E1,9.193734527E-1
4.006506376E1,9.696516991E-1,-1.127668953E1,7.062895298E-1
4.006707792E1,1.237802267E0,-1.139161205E1,4.812345505E-1
4.006903104E1,1.505952835E0,-1.150413895E1,2.729389966E-1
4.007098417E1,1.788468719E0,-1.160230160E1,9.816227108E-2
4.007296781E1,2.073378563E0,-1.170764637E1,-6.703764945E-2
4.007495145E1,2.346317768E0,-1.181538582E1,-1.963245422E-1
4.007690458E1,2.602497339E0,-1.191833591E1,-2.513911724E-1
4.007888822E1,2.844311714E0,-1.201649857E1,-2.513911724E-1
4.008087186E1,3.078943491E0,-1.213381386E1,-2.130839527E-1
4.008288602E1,3.318363667E0,-1.227267838E1,-1.197100878E-1
4.008483915E1,3.538630009E0,-1.239717674E1,9.576806799E-3
4.008685331E1,3.732560396E0,-1.248336792E1,1.436520964E-1
4.008880643E1,3.904942989E0,-1.256716442E1,2.849099934E-1
4.009079008E1,4.048594952E0,-1.269645119E1,4.596867263E-1
4.009274320E1,4.151545525E0,-1.285207462E1,6.631938815E-1
4.009475736E1,4.225766182E0,-1.301966858E1,8.858546019E-1
4.009667997E1,4.268861771E0,-1.320162773E1,1.125274777E0
4.009869413E1,4.264073372E0,-1.340034676E1,1.352723956E0
4.010064725E1,4.228160381E0,-1.359906578E1,1.556231141E0
4.010263090E1,4.156333923E0,-1.380017853E1,1.764526606E0
4.010461454E1,4.053383350E0,-1.399889755E1,1.984793186E0
4.010659818E1,3.924096584E0,-1.419282722E1,2.202665567E0
4.010852079E1,3.766079187E0,-1.437239265E1,2.406172752E0
4.011053495E1,3.593696833E0,-1.451843929E1,2.588132143E0
4.011248808E1,3.402160645E0,-1.462138939E1,2.762908697E0
4.011447172E1,3.215412855E0,-1.468842697E1,2.947262287E0
4.011645536E1,3.047818661E0,-1.471236992E1,3.153163671E0
4.011843900E1,2.889801502E0,-1.468363857E1,3.371036053E0
4.012039213E1,2.734178305E0,-1.461899567E1,3.586514235E0
4.012240629E1,2.578555346E0,-1.452801609E1,3.809175014E0
4.012435941E1,2.432508945E0,-1.442267132E1,4.017470360E0
4.012634306E1,2.291250944E0,-1.431253815E1,4.223371983E0
4.012832670E1,2.133233786E0,-1.420240402E1,4.431667328E0
4.013031034E1,1.956062794E0,-1.410903072E1,4.647145271E0
4.013223295E1,1.759738207E0,-1.403002167E1,4.860229492E0
4.013424711E1,1.541865945E0,-1.397256088E1,5.073313236E0
4.013620023E1,1.316810966E0,-1.395101357E1,5.281609058E0
4.013821439E1,1.101332784E0,-1.395101357E1,5.489904404E0
4.014016752E1,9.002198577E-1,-1.399171448E1,5.702988625E0
4.014218168E1,7.182605267E-1,-1.407551193E1,5.923254967E0
4.014413480E1,5.506663918E-1,-1.419282722E1,6.119579315E0
4.014611845E1,3.830722570E-1,-1.433648014E1,6.311115742E0
4.014810209E1,2.202665508E-1,-1.449449730E1,6.507440090E0
4.015008573E1,3.591302410E-2,-1.465969658E1,6.687005520E0
4.015203886E1,-1.628057212E-1,-1.482729149E1,6.861782074E0
4.015405302E1,-3.782838583E-1,-1.498530865E1,7.029376030E0
4.015600614E1,-6.081272364E-1,-1.511698914E1,7.165845871E0
4.015802030E1,-8.403648138E-1,-1.521275806E1,7.295132637E0
4.015997343E1,-1.060631394E0,-1.526782417E1,7.393294811E0
4.016198759E1,-1.271321058E0,-1.528697777E1,7.441178799E0
4.016394071E1,-1.467645645E0,-1.527021885E1,7.448361397E0
4.016592435E1,-1.637633920E0,-1.522712326E1,7.412448406E0
4.016790800E1,-1.798045516E0,-1.515529633E1,7.321468830E0
4.016986112E1,-1.960851192E0,-1.506431675E1,7.153874874E0
4.017184476E1,-2.114080191E0,-1.493981838E1,6.890512466E0
4.017385892E1,-2.240972757E0,-1.479856110E1,6.557718277E0
4.017581205E1,-2.351106167E0,-1.465490818E1,6.172252178E0
4.017782621E1,-2.451662540E0,-1.449928570E1,5.738901615E0
4.017977933E1,-2.535459518E0,-1.431253815E1,5.276820660E0
4.018179349E1,-2.559401512E0,-1.412578964E1,4.826710701E0
4.018374662E1,-2.511517525E0,-1.396537876E1,4.414907932E0
4.018573026E1,-2.370259762E0,-1.382412052E1,4.060565948E0
4.018771390E1,-2.123656988E0,-1.369243908E1,3.713406801E0
4.018969755E1,-1.874659896E0,-1.354399872E1,3.337517262E0
4.019165067E1,-1.711854219E0,-1.337640476E1,2.930502892E0
4.019366483E1,-1.647210717E0,-1.319444561E1,2.454056740E0
4.019561796E1,-1.671152830E0,-1.300051498E1,1.889025092E0
4.019760160E1,-1.766920805E0,-1.281376743E1,1.268926859E0
4.019955473E1,-1.838746905E0,-1.272996998E1,9.624691010E-1
4.020156888E1,-2.142810583E0,-1.254322243E1,1.292868853E-1
4.020352201E1,-2.267308950E0,-1.249773312E1,-1.125274822E-1
4.020550565E1,-2.518700123E0,-1.243308926E1,-5.386953950E-1
4.020748930E1,-2.743755102E0,-1.239957047E1,-8.978256583E-1
4.020947294E1,-2.973598480E0,-1.239238834E1,-1.209071875E0
4.021142606E1,-3.205836058E0,-1.241154194E1,-1.496376038E0
4.021344022E1,-3.411737442E0,-1.244984913E1,-1.802833915E0
4.021539335E1,-3.550601006E0,-1.251209831E1,-2.133233786E0
4.021737699E1,-3.617638826E0,-1.258152962E1,-2.480392933E0
4.021936063E1,-3.610456228E0,-1.265814400E1,-2.810792685E0
4.022134428E1,-3.555389643E0,-1.273236465E1,-3.112462282E0
4.022332792E1,-3.469198227E0,-1.281855583E1,-3.409343243E0
4.022534208E1,-3.368641853E0,-1.290235329E1,-3.706224203E0
4.022729520E1,-3.313575268E0,-1.298614979E1,-3.976768970E0
4.022927885E1,-3.303998232E0,-1.307473564E1,-4.201824188E0
4.023126249E1,-3.308786631E0,-1.314177322E1,-4.405331135E0
4.023324613E1,-3.311181068E0,-1.317529202E1,-4.649539471E0
4.023519926E1,-3.347094059E0,-1.319923401E1,-4.841075897E0
4.023718290E1,-3.416525841E0,-1.320881081E1,-4.912901878E0
4.023916654E1,-3.452438831E0,-1.320162773E1,-4.936843872E0
4.024115018E1,-3.435679436E0,-1.316571522E1,-4.999093056E0
4.024310331E1,-3.409343243E0,-1.309149456E1,-5.104437828E0
4.024511747E1,-3.430891037E0,-1.299572659E1,-5.250484467E0
4.024707059E1,-3.469198227E0,-1.288319969E1,-5.389348030E0
4.024902372E1,-3.483563423E0,-1.274194145E1,-5.444414616E0
4.025100736E1,-3.481169224E0,-1.257674122E1,-5.444414616E0
4.025299100E1,-3.450044632E0,-1.240914726E1,-5.480327606E0
4.025494413E1,-3.390189648E0,-1.223676491E1,-5.554547787E0
4.025692777E1,-3.282450438E0,-1.203325748E1,-5.626373768E0
4.025891141E1,-3.107673883E0,-1.179383755E1,-5.691017628E0
4.026086454E1,-2.875436306E0,-1.155441761E1,-5.734113216E0
4.026284818E1,-2.607285738E0,-1.133175659E1,-5.726930618E0
4.026486234E1,-2.300827742E0,-1.112585545E1,-5.645527840E0
4.026681547E1,-1.934514999E0,-1.091277122E1,-5.497087002E0
4.026876859E1,-1.465251446E0,-1.068053341E1,-5.262455463E0
4.027075224E1,-8.092401624E-1,-1.045787334E1,-4.979939461E0
4.027273588E1,1.340752989E-1,-1.024239445E1,-4.709394932E0
4.027468900E1,1.345541358E0,-9.993397713E0,-4.537012100E0
4.027667265E1,2.547430515E0,-9.751583099E0,-4.412513733E0
4.027865629E1,3.224989653E0,-9.605537415E0,-4.079719543E0
4.028063993E1,3.244143248E0,-9.579200745E0,-3.543418407E0
4.028259306E1,3.026270866E0,-9.631873131E0,-3.090914488E0
4.028460722E1,2.973598480E0,-9.727641106E0,-2.885013103E0
4.028656034E1,3.136404276E0,-9.868899345E0,-2.851494312E0
4.028854398E1,3.227383852E0,-1.006761837E1,-2.789244890E0
4.029052762E1,3.131615877E0,-1.032379818E1,-2.446874142E0
4.029251127E1,2.865859509E0,-1.061589050E1,-1.702277422E0
4.029446439E1,2.825158119E0,-1.090080070E1,-8.188169599E-1
4.029644804E1,2.990357876E0,-1.117613316E1,3.112462163E-2
4.029843168E1,3.026270866E0,-1.141555405E1,7.589619160E-1
4.030038480E1,2.911349297E0,-1.159511852E1,1.333570361E0
4.030236845E1,2.806004286E0,-1.170525169E1,1.915361404E0
4.030438261E1,2.863465309E0,-1.176510715E1,2.530671120E0
4.030633573E1,2.997540474E0,-1.182735634E1,3.191470861E0
4.030831937E1,3.026270866E0,-1.192551899E1,3.847482204E0
4.031030302E1,2.901772499E0,-1.202128696E1,4.345476151E0
4.031228666E1,2.659958124E0,-1.211944866E1,4.680664539E0
4.031423978E1,2.341529369E0,-1.217451572E1,4.941632271E0
4.031625394E1,2.176329374E0,-1.212663174E1,5.298368454E0
4.031820707E1,2.118868589E0,-1.206677628E1,5.568912983E0
4.032019071E1,1.984793186E0,-1.205719948E1,5.578489780E0
4.032217435E1,1.881842494E0,-1.202846909E1,5.509057999E0
4.032415800E1,1.805228114E0,-1.195664310E1,5.339069843E0
4.032608060E1,1.783680320E0,-1.185848141E1,4.977545261E0
4.032809476E1,1.898601890E0,-1.176510715E1,4.548983097E0
4.033007841E1,2.011129379E0,-1.166694450E1,4.307168961E0
4.033206205E1,1.941697598E0,-1.155202293E1,4.017470360E0
4.033404569E1,1.750161409E0,-1.139400578E1,3.473986626E0
4.033602933E1,1.565807939E0,-1.122880554E1,2.808398485E0
4.033795194E1,1.424550056E0,-1.107318306E1,2.171540976E0
4.033996610E1,1.331176162E0,-1.091995430E1,1.575384736E0
4.034191923E1,1.221042871E0,-1.077390766E1,1.027112484E0
4.034390287E1,1.072602391E0,-1.065180302E1,5.602431893E-1
4.034588651E1,9.576807022E-1,-1.048899746E1,1.651999205E-1
4.034787016E1,9.265560508E-1,-1.024718285E1,-1.891419291E-1
4.034979276E1,8.786720037E-1,-9.995792389E0,-5.123591423E-1
4.035180692E1,7.733271718E-1,-9.787496567E0,-7.757213712E-1
4.035376005E1,7.110779285E-1,-9.684545517E0,-8.834604025E-1
4.035574369E1,6.224924326E-1,-9.466673851E0,-1.065419793E0
4.035766630E1,5.506663918E-1,-9.239224434E0,-1.211466074E0
4.035968046E1,4.740519226E-1,-9.033323288E0,-1.345541358E0
4.036160307E1,3.830722570E-1,-8.870517731E0,-1.441309452E0
4.036361723E1,3.040636182E-1,-8.734047890E0,-1.479616642E0
4.036560087E1,2.466027737E-1,-8.583212852E0,-1.484405041E0
4.036758451E1,2.011129409E-1,-8.441955566E0,-1.482010841E0
4.036953764E1,1.460463107E-1,-8.319850922E0,-1.472434044E0
4.037155180E1,1.029506698E-1,-8.190564156E0,-1.458068848E0
4.037350492E1,8.858546615E-2,-8.037335396E0,-1.443703651E0
4.037551908E1,9.576806426E-2,-7.884106159E0,-1.434126854E0
4.037747221E1,1.460463107E-1,-7.726089001E0,-1.474828243E0
4.037948637E1,2.346317619E-1,-7.572859764E0,-1.594538331E0
4.038143949E1,3.303998411E-1,-7.429207802E0,-1.594538331E0
4.038342313E1,3.327940404E-1,-7.302315235E0,-1.376665950E0
4.038540678E1,2.082955539E-1,-7.218518257E0,-1.091755986E0
4.038739042E1,-3.112462163E-2,-7.132327080E0,-9.217676520E-1
4.038934354E1,-4.118026793E-1,-6.945579052E0,-8.188169599E-1
4.039135770E1,-7.302315235E-1,-6.727706909E0,-7.398083210E-1
4.039331083E1,-6.177040339E-1,-6.710947514E0,-9.720458984E-1
4.039532499E1,-3.902548850E-1,-6.770802498E0,-1.381454349E0
4.039727811E1,-3.543418646E-1,-6.775590897E0,-1.575384736E0
4.039929227E1,-3.711012602E-1,-6.761225700E0,-1.647210717E0
4.040121488E1,-3.375824392E-1,-6.754043102E0,-1.762132406E0
4.040322904E1,-2.825157940E-1,-6.792350292E0,-1.869871497E0
4.040521268E1,-2.346317619E-1,-6.852205276E0,-1.908178806E0
4.040716581E1,-2.585737705E-1,-6.900089264E0,-1.891419291E0
4.040914945E1,-4.261679053E-1,-6.943184853E0,-1.857900500E0
4.041113309E1,-8.786720037E-1,-6.945579052E0,-1.774103403E0
4.041308622E1,-1.156399369E0,-7.036558628E0,-1.644816518E0
4.041506986E1,-1.233013868E0,-7.218518257E0,-1.465251446E0
4.041705350E1,-1.307234168E0,-7.374141216E0,-1.280897856E0
4.041903715E1,-1.302445769E0,-7.455543995E0,-1.185129881E0
4.042099027E1,-1.235408068E0,-7.457938194E0,-1.173158884E0
4.042300443E1,-1.189918280E0,-7.445967197E0,-1.132457376E0
4.042495756E1,-1.108515382E0,-7.472303391E0,-1.010353088E0
4.042694120E1,-1.015141487E0,-7.560888767E0,-7.637503147E-1
4.042889432E1,-9.840168953E-1,-7.608773232E0,-6.895300746E-1
4.043087797E1,-9.744400978E-1,-7.546523571E0,-9.026140571E-1
4.043286161E1,-9.624691010E-1,-7.498639584E0,-1.120486379E0
4.043484525E1,-9.840168953E-1,-7.498639584E0,-1.161187768E0
4.043676786E1,-1.043871999E0,-7.484274387E0,-1.065419793E0
4.043878202E1,-1.122880578E0,-7.431602001E0,-9.265560508E-1
4.044073515E1,-1.235408068E0,-7.357381821E0,-8.116343617E-1
4.044271879E1,-1.386242747E0,-7.299921036E0,-7.062895298E-1
4.044470243E1,-1.549048543E0,-7.256825447E0,-6.344634295E-1
4.044668607E1,-1.697489023E0,-7.194576263E0,-6.009446383E-1
4.044863920E1,-1.800439715E0,-7.084442616E0,-5.913678408E-1
4.045062284E1,-1.910573006E0,-6.967126846E0,-5.937620401E-1
4.045260648E1,-2.051830769E0,-6.856993675E0,-5.793967843E-1
4.045462064E1,-2.181117773E0,-6.720524311E0,-6.033388376E-1
4.045657377E1,-2.308010340E0,-6.588842869E0,-6.536170840E-1
4.045855741E1,-2.451662540E0,-6.500257492E0,-6.703764796E-1
4.046054105E1,-2.545036316E0,-6.430825710E0,-6.895300746E-1
4.046252470E1,-2.535459518E0,-6.315904140E0,-7.565677166E-1
4.046444730E1,-2.449268341E0,-6.131550789E0,-8.116343617E-1
4.046646146E1,-2.372653961E0,-5.906495571E0,-7.972691655E-1
4.046841459E1,-2.370259762E0,-5.707777023E0,-7.326257229E-1
4.047039823E1,-2.446874142E0,-5.554547787E0,-6.871358752E-1
4.047238187E1,-2.549824715E0,-5.413290024E0,-6.679822803E-1
4.047439603E1,-2.659958124E0,-5.264849663E0,-7.062895298E-1
4.047634916E1,-2.806004286E0,-5.125985622E0,-7.829039693E-1
4.047833280E1,-2.985569477E0,-5.008669853E0,-8.116343617E-1
4.048028593E1,-3.165134668E0,-4.924872875E0,-8.140285611E-1
4.048230009E1,-3.303998232E0,-4.826710701E0,-8.307880163E-1
4.048425321E1,-3.404554844E0,-4.726154327E0,-8.451532125E-1
4.048626737E1,-3.509899616E0,-4.671087742E0,-7.805097699E-1
4.048818998E1,-3.639186621E0,-4.661510944E0,-6.823474765E-1
4.049020414E1,-3.773261786E0,-4.630385876E0,-6.440402865E-1
4.049215726E1,-3.904942989E0,-4.570530891E0,-6.799532771E-1
4.049414091E1,-4.043806553E0,-4.527435303E0,-7.589619160E-1
4.049606351E1,-4.170699596E0,-4.522646904E0,-8.738836050E-1
4.049807767E1,-4.261679173E0,-4.513070107E0,-9.864110947E-1
4.050003080E1,-4.290409565E0,-4.498704910E0,-1.034295082E0
4.050201444E1,-4.422090530E0,-4.477157116E0,-1.067813993E0
4.050399808E1,-4.484339714E0,-4.446032524E0,-1.019929886E0
4.050598173E1,-4.501099110E0,-4.417302132E0,-9.888052940E-1
4.050790433E1,-4.563348293E0,-4.367023945E0,-8.906430602E-1
4.050991849E1,-4.604049683E0,-4.328716755E0,-7.685387731E-1
4.051187162E1,-4.594472885E0,-4.283226967E0,-6.584054828E-1
4.051385526E1,-4.601655483E0,-4.266467571E0,-5.722141862E-1
4.051583890E1,-4.625597477E0,-4.268861771E0,-5.171475410E-1
4.051785307E1,-4.654327869E0,-4.285621166E0,-4.860229492E-1
4.051980619E1,-4.678270340E0,-4.295197964E0,-4.860229492E-1
4.052182035E1,-4.692635536E0,-4.292803764E0,-5.123591423E-1
4.052377348E1,-4.680664539E0,-4.285621166E0,-5.410895944E-1
4.052575712E1,-4.632780075E0,-4.283226967E0,-5.530605912E-1
4.052774076E1,-4.560954094E0,-4.285621166E0,-5.506663918E-1
4.052972440E1,-4.498704910E0,-4.309563160E0,-5.339069963E-1
4.053164701E1,-4.472368717E0,-4.362235546E0,-5.171475410E-1
4.053366117E1,-4.453215122E0,-4.431667328E0,-4.788403511E-1
4.053564481E1,-4.441244125E0,-4.517858505E0,-4.165911078E-1
4.053762846E1,-4.417302132E0,-4.604049683E0,-3.375824392E-1
4.053961210E1,-4.367023945E0,-4.685452938E0,-2.585737705E-1
4.054162626E1,-4.278438568E0,-4.754884720E0,-1.771709323E-1
4.054357938E1,-4.144362926E0,-4.809951305E0,-1.029506698E-1
4.054556303E1,-4.005499363E0,-4.855441093E0,-4.548983276E-2
4.054754667E1,-3.892971992E0,-4.912901878E0,1.436521020E-2
4.054953031E1,-3.801992416E0,-4.984727859E0,8.858546615E-2
4.055145292E1,-3.751713991E0,-5.049371243E0,1.532289088E-1
4.055346708E1,-3.734954596E0,-5.123591423E0,2.035071403E-1
4.055542020E1,-3.715801001E0,-5.214571476E0,2.489969730E-1
4.055740385E1,-3.687070608E0,-5.293580055E0,2.944868207E-1
4.055938749E1,-3.660734415E0,-5.348646641E0,3.567360640E-1
4.056137113E1,-3.632004023E0,-5.401319027E0,4.405331016E-1
4.056329374E1,-3.596091032E0,-5.458779812E0,5.291185975E-1
4.056530790E1,-3.572149038E0,-5.499481201E0,6.033388376E-1
4.056726102E1,-3.548206806E0,-5.544970989E0,6.631938815E-1
4.056924467E1,-3.505111217E0,-5.588066578E0,7.230489254E-1
4.057122831E1,-3.454833031E0,-5.619191170E0,7.757213712E-1
4.057324247E1,-3.385401249E0,-5.655104637E0,7.996633649E-1
4.057519559E1,-3.318363667E0,-5.702988625E0,7.852981687E-1
4.057717924E1,-3.277662039E0,-5.765237808E0,7.445967197E-1
4.057916288E1,-3.265691042E0,-5.829881191E0,7.110779285E-1
4.058114652E1,-3.241749048E0,-5.901707172E0,7.613561153E-1
4.058306913E1,-3.189076662E0,-5.987898350E0,9.217676520E-1
4.058508329E1,-3.141192675E0,-6.090848923E0,1.127668977E0
4.058703641E1,-3.088520288E0,-6.200982571E0,1.312022567E0
4.058902006E1,-3.031059265E0,-6.325480938E0,1.467645645E0
4.059100370E1,-2.956839085E0,-6.454767704E0,1.611297727E0
4.059301786E1,-2.839523315E0,-6.581660271E0,1.766920805E0
4.059497098E1,-2.734178305E0,-6.720524311E0,1.968033791E0
4.059695463E1,-2.643198729E0,-6.861782074E0,2.190694571E0
4.059893827E1,-2.516305923E0,-6.998251438E0,2.372653961E0
4.060092191E1,-2.336740971E0,-7.122750282E0,2.516305923E0
4.060287504E1,-2.140416384E0,-7.259219646E0,2.667140722E0
4.060488920E1,-1.941697598E0,-7.395689011E0,2.837129116E0
4.060684232E1,-1.711854219E0,-7.489062786E0,3.028665066E0
4.060882596E1,-1.422155857E0,-7.532158375E0,3.232172251E0
4.061080961E1,-1.101332784E0,-7.553706169E0,3.430891037E0
4.061282377E1,-8.140285611E-1,-7.568071365E0,3.636792421E0
4.061477689E1,-5.841852427E-1,-7.599195957E0,3.849876404E0
4.061679105E1,-4.477157295E-1,-7.678205013E0,4.072536945E0
4.061871366E1,-3.399766386E-1,-7.769184589E0,4.311957359E0
4.062072782E1,-1.987187415E-1,-7.841010571E0,4.572925091E0
4.062271146E1,-3.112462163E-2,-7.900865555E0,4.857835293E0
4.062469511E1,1.436520964E-1,-7.955932140E0,5.169081688E0
4.062664823E1,3.375824392E-1,-8.013393402E0,5.513846397E0
4.062866239E1,5.698199868E-1,-8.061277390E0,5.861005783E0
4.063061552E1,7.996633649E-1,-8.113949776E0,6.227318764E0
4.063259916E1,9.959878922E-1,-8.204929352E0,6.605602264E0
4.063455228E1,1.192312479E0,-8.339004517E0,7.012616634E0
4.063656644E1,1.414973259E0,-8.518569946E0,7.436390400E0
4.063851957E1,1.702277422E0,-8.724471092E0,7.869740963E0
4.064050321E1,2.066195965E0,-8.963891029E0,8.303091049E0
4.064248685E1,2.437297344E0,-9.258378029E0,8.741230011E0
4.064447050E1,2.753331900E0,-9.646238327E0,9.153033257E0
4.064642362E1,2.975992680E0,-1.013704967E1,9.533711433E0
4.064840726E1,3.177105665E0,-1.070687008E1,9.909601212E0
4.065039091E1,3.371036053E0,-1.135330486E1,1.025915432E1
4.065237455E1,3.550601006E0,-1.209071827E1,1.057518864E1
4.065429716E1,3.754108191E0,-1.289277649E1,1.080742645E1
4.065631132E1,3.962403774E0,-1.372116947E1,1.092474270E1
4.065826444E1,4.211400986E0,-1.455914021E1,1.091995430E1
4.066024808E1,4.508281708E0,-1.539711094E1,1.074038887E1
4.066223173E1,4.718971729E0,-1.624226379E1,1.038844109E1
4.066421537E1,4.814739704E0,-1.709220505E1,9.955090523E0
4.066616849E1,4.821922302E0,-1.752076721E1,9.720458984E0
4.066815214E1,4.795586109E0,-1.876575279E1,9.006986618E0
4.067013578E1,4.807557106E0,-1.914882469E1,8.825027466E0
4.067211942E1,4.829104900E0,-1.984553719E1,8.554482460E0
4.067410307E1,4.817133904E0,-2.042254066E1,8.322244644E0
4.067608671E1,4.738125324E0,-2.087504387E1,8.259995461E0
4.067803983E1,4.630385876E0,-2.119586754E1,8.401253700E0
4.068002348E1,4.613626480E0,-2.134670258E1,8.738836288E0
4.068200712E1,4.663905144E0,-2.131797218E1,9.255983353E0
4.068399076E1,4.699818134E0,-2.109770584E1,9.907206535E0
4.068591337E1,4.750096321E0,-2.070026779E1,1.060391903E1
4.068792753E1,4.831499100E0,-2.016396713E1,1.126711273E1
4.068988065E1,4.886565685E0,-1.952710915E1,1.187284660E1
4.069186430E1,4.900930882E0,-1.880166626E1,1.241633034E1
4.069381742E1,4.845864296E0,-1.801636696E1,1.282813263E1
4.069583158E1,4.702212334E0,-1.720712852E1,1.308431244E1
4.069778471E1,4.443638325E0,-1.637873459E1,1.318247414E1
4.069976835E1,4.070142746E0,-1.556470490E1,1.311543655E1
4.070175199E1,3.603273630E0,-1.478180122E1,1.289517021E1
4.070373563E1,3.086126089E0,-1.403959846E1,1.253125191E1
4.070565824E1,2.583343744E0,-1.333330917E1,1.202846909E1
4.070767240E1,2.085349798E0,-1.267490387E1,1.140597725E1
4.070962553E1,1.568202138E0,-1.207156467E1,1.069489861E1
4.071160917E1,1.063025594E0,-1.153047562E1,9.950302124E0
4.071353178E1,5.746083856E-1,-1.104924107E1,9.220070839E0
4.071554594E1,1.125274822E-1,-1.063264942E1,8.501810074E0
4.071749906E1,-3.327940404E-1,-1.026394272E1,7.762001991E0
4.071948270E1,-7.445967197E-1,-9.914389610E0,7.036558628E0
4.072146635E1,-1.154005170E0,-9.600749016E0,6.325480938E0
4.072344999E1,-1.596932530E0,-9.337387085E0,5.770026207E0
4.072540311E1,-2.044648170E0,-9.109937668E0,5.322310448E0
4.072741727E1,-2.451662540E0,-8.906430244E0,4.886565685E0
4.072933988E1,-2.839523315E0,-8.719682693E0,4.465186119E0
4.073135404E1,-3.186682463E0,-8.564059258E0,4.050989151E0
4.073330717E1,-3.493140221E0,-8.441955566E0,3.655946016E0
4.073529081E1,-3.792415380E0,-8.348581314E0,3.270479441E0
4.073727445E1,-4.067748547E0,-8.288725853E0,2.863465309E0
4.073925809E1,-4.307168961E0,-8.255207062E0,2.351106167E0
4.074118070E1,-4.513070107E0,-8.257601738E0,1.678335428E0
4.074319486E1,-4.702212334E0,-8.341399193E0,9.074024558E-1
4.074514799E1,-4.881777287E0,-8.564059258E0,2.082955539E-1
4.074716215E1,-5.023035049E0,-8.894459724E0,-3.112462163E-1
4.074908475E1,-5.042188644E0,-9.263166428E0,-6.775590777E-1
4.075109891E1,-4.922478676E0,-9.631873131E0,-1.027112484E0
4.075305204E1,-4.735731125E0,-1.003649330E1,-1.525106430E0
4.075503568E1,-4.558559895E0,-1.051772785E1,-2.233790159E0
4.075701932E1,-4.417302132E0,-1.108515358E1,-3.105279684E0
4.075900297E1,-4.338293552E0,-1.171722317E1,-4.055777550E0
4.076098661E1,-4.278438568E0,-1.237562847E1,-5.090072632E0
4.076297025E1,-4.194641590E0,-1.297417927E1,-6.162675381E0
4.076495390E1,-4.077325344E0,-1.352963352E1,-7.139509678E0
4.076693754E1,-3.926490784E0,-1.405635834E1,-7.922413349E0
4.076886015E1,-3.746925592E0,-1.450646782E1,-8.506598473E0
4.077087430E1,-3.545812607E0,-1.486081028E1,-8.908824921E0
4.077282743E1,-3.359065056E0,-1.516487312E1,-9.145850182E0
4.077481107E1,-3.232172251E0,-1.543062973E1,-9.232041359E0
4.077679472E1,-3.181894064E0,-1.567004967E1,-9.215282440E0
4.077877836E1,-3.210624456E0,-1.588792229E1,-9.129091263E0
4.078073148E1,-3.227383852E0,-1.600763321E1,-9.064447403E0
4.078274564E1,-3.253720045E0,-1.606988144E1,-9.011775017E0
4.078469877E1,-3.330334663E0,-1.607467079E1,-8.868123055E0
4.078671293E1,-3.457227230E0,-1.599087334E1,-8.621520042E0
4.078863554E1,-3.651157618E0,-1.583764458E1,-8.281543732E0
4.079064970E1,-3.873818398E0,-1.563892555E1,-7.910442352E0
4.079260282E1,-4.074931145E0,-1.538753414E1,-7.477091789E0
4.079458646E1,-4.211400986E0,-1.504516315E1,-6.962338448E0
4.079657011E1,-4.242525578E0,-1.460941887E1,-6.385335922E0
4.079855375E1,-4.158728123E0,-1.413057804E1,-5.652710438E0
4.080047636E1,-3.962403774E0,-1.361343098E1,-4.750096321E0
4.080249052E1,-3.608062029E0,-1.306276417E1,-3.646369219E0
4.080444364E1,-3.383007050E0,-1.278024864E1,-3.007117271E0
4.080642728E1,-2.846705914E0,-1.220085144E1,-1.589749932E0
4.080841093E1,-2.188300371E0,-1.159751320E1,-1.149216816E-1
4.081042509E1,-1.422155857E0,-1.093671322E1,1.237802267E0
4.081237821E1,-6.105214357E-1,-1.019690514E1,2.260126352E0
4.081439237E1,1.867477298E-1,-9.411606789E0,2.810792685E0
4.081634550E1,8.307880163E-1,-8.657433510E0,2.956839085E0
4.081832914E1,1.201889277E0,-7.958326340E0,2.798821688E0
4.082031278E1,1.345541358E0,-7.328651428E0,2.370259762E0
4.082229642E1,1.345541358E0,-6.799532890E0,1.678335428E0
4.082424955E1,1.228225470E0,-6.342240334E0,7.924807668E-1
4.082626371E1,1.041477680E0,-5.961562157E0,-2.322375625E-1
4.082821683E1,8.403648138E-1,-5.652710438E0,-1.302445769E0
4.083020048E1,6.440402865E-1,-5.391742229E0,-2.317587137E0
4.083215360E1,4.405331016E-1,-5.204994678E0,-3.157952070E0
4.083416776E1,2.585737705E-1,-5.092466831E0,-3.727771997E0
4.083609037E1,5.267243832E-2,-5.054159641E0,-3.964797974E0
4.083810453E1,-1.891419291E-1,-5.054159641E0,-3.921702385E0
4.084008817E1,-4.357447028E-1,-5.056553841E0,-3.708618402E0
4.084207182E1,-6.392518282E-1,-5.044582844E0,-3.406949043E0
4.084402494E1,-7.996633649E-1,-5.025429249E0,-3.100491285E0
4.084600858E1,-9.576807022E-1,-5.018246651E0,-2.834734917E0
4.084799223E1,-1.103726983E0,-5.035006046E0,-2.614468336E0
4.084997587E1,-1.199495077E0,-5.054159641E0,-2.461239338E0
4.085192899E1,-1.369483352E0,-5.102043629E0,-2.298433542E0
4.085391264E1,-1.644816518E0,-5.142745018E0,-2.118868589E0
4.085586576E1,-1.898601890E0,-5.135562420E0,-1.963245392E0
4.085784940E1,-2.061407566E0,-5.118803024E0,-1.853112102E0
4.085983304E1,-2.145204782E0,-5.118803024E0,-1.783680320E0
4.086184721E1,-2.176329374E0,-5.142745018E0,-1.762132406E0
4.086380033E1,-2.193088770E0,-5.202600479E0,-1.774103403E0
4.086578397E1,-2.221819162E0,-5.319916248E0,-1.843535304E0
4.086776762E1,-2.279279947E0,-5.521028996E0,-1.939303398E0
4.086975126E1,-2.365471363E0,-5.793968201E0,-2.015917778E0
4.087167387E1,-2.427720547E0,-6.117185116E0,-2.085349798E0
4.087368803E1,-2.439691544E0,-6.490680695E0,-2.159569979E0
4.087564115E1,-2.415749550E0,-6.912060261E0,-2.231395960E0
4.087762479E1,-2.341529369E0,-7.386112213E0,-2.312798738E0
4.087960844E1,-2.183511972E0,-7.905653954E0,-2.403778553E0
4.088162260E1,-1.915361404E0,-8.446743965E0,-2.485181332E0
4.088357572E1,-1.596932530E0,-8.997409821E0,-2.552218914E0
4.088555936E1,-1.300051570E0,-9.543288231E0,-2.655169725E0
4.088754301E1,-1.043871999E0,-1.007240677E1,-2.794033289E0
4.088952665E1,-8.164227605E-1,-1.057758331E1,-2.901772499E0
4.089147977E1,-5.746083856E-1,-1.106360626E1,-2.942473888E0
4.089346342E1,-3.208230138E-1,-1.151371574E1,-2.944868088E0
4.089541654E1,-3.112462163E-2,-1.189918232E1,-2.954444885E0
4.089740018E1,3.136404157E-1,-1.222718811E1,-2.949656487E0
4.089938383E1,6.991068721E-1,-1.248576164E1,-2.901772499E0
4.090139799E1,1.118092179E0,-1.268687439E1,-2.786850691E0
4.090335111E1,1.470039845E0,-1.283770943E1,-2.585737944E0
4.090533475E1,1.738190413E0,-1.292390060E1,-2.305616140E0
4.090728788E1,2.027888775E0,-1.294066048E1,-1.956062794E0
4.090930204E1,2.339135170E0,-1.290953541E1,-1.553836942E0
4.091125516E1,2.652775526E0,-1.284489250E1,-1.089361787E0
4.091323881E1,2.959233284E0,-1.276348972E1,-5.841852427E-1
4.091522245E1,3.275267839E0,-1.265096188E1,-8.140286058E-2
4.091720609E1,3.603273630E0,-1.251928043E1,4.046200812E-1
4.091915922E1,3.981557369E0,-1.238759995E1,8.427590132E-1
4.092114286E1,4.424484730E0,-1.225113010E1,1.194706678E0
4.092312650E1,4.891354084E0,-1.209550667E1,1.446097851E0
4.092511015E1,5.310339451E0,-1.194946098E1,1.601720929E0
4.092706327E1,5.702988625E0,-1.179623222E1,1.687912226E0
4.092904691E1,6.105214119E0,-1.160709000E1,1.726219416E0
4.093103056E1,6.461950302E0,-1.141315937E1,1.719036818E0
4.093301420E1,6.742072105E0,-1.123120022E1,1.671152830E0
4.093496732E1,6.940790653E0,-1.104684639E1,1.632845521E0
4.093698148E1,7.036558628E0,-1.085531044E1,1.620874524E0
4.093893461E1,7.070077419E0,-1.067095661E1,1.642422318E0
4.094088773E1,7.053318024E0,-1.049378586E1,1.683123827E0
4.094287138E1,6.945579052E0,-1.031900978E1,1.716642618E0
4.094485502E1,6.754043102E0,-1.013465595E1,1.735796213E0
4.094680814E1,6.512228489E0,-9.935936928E0,1.759738207E0
4.094879179E1,6.212953568E0,-9.734824181E0,1.769315004E0
4.095077543E1,5.884947777E0,-9.545681953E0,1.745373011E0
4.095275907E1,5.528211594E0,-9.368511200E0,1.716642618E0
4.095468168E1,5.125985622E0,-9.229647636E0,1.668758631E0
4.095669584E1,4.649539471E0,-9.150638580E0,1.625662923E0
4.095864896E1,4.390965939E0,-9.129091263E0,1.608903527E0
4.096060209E1,3.859453201E0,-9.105149269E0,1.546654344E0
4.096258573E1,3.325546265E0,-9.088389397E0,1.450886250E0
4.096456937E1,2.806004286E0,-9.059659004E0,1.335964561E0
4.096652250E1,2.310404539E0,-9.028534889E0,1.218648672E0
4.096850614E1,1.826775908E0,-9.014169693E0,1.161187768E0
4.097048978E1,1.352723956E0,-9.026140213E0,1.154005170E0
4.097244291E1,8.714894056E-1,-9.064447403E0,1.199495077E0
4.097442655E1,4.046200812E-1,-9.129091263E0,1.309628367E0
4.097644071E1,-5.746084079E-2,-9.217676163E0,1.462857246E0
4.097839384E1,-4.908113480E-1,-9.320627213E0,1.644816518E0
4.098037748E1,-8.786720037E-1,-9.430760384E0,1.774103403E0
4.098236112E1,-1.204283476E0,-9.502586365E0,1.790862918E0
4.098434476E1,-1.460463047E0,-9.526528358E0,1.659181833E0
4.098626737E1,-1.697489023E0,-9.524134636E0,1.410184860E0
4.098828153E1,-1.917755604E0,-9.507374763E0,1.137245774E0
4.099026517E1,-2.085349798E0,-9.452308655E0,8.834604025E-1
4.099224882E1,-2.176329374E0,-9.409213066E0,7.158663273E-1
4.099423246E1,-2.214636564E0,-9.411606789E0,6.440402865E-1
4.099624662E1,-2.322375536E0,-9.449913979E0,5.793967843E-1
4.099819974E1,-2.542642117E0,-9.497797966E0,5.506663918E-1
4.100018339E1,-2.784456491E0,-9.507374763E0,5.339069963E-1
4.100216703E1,-2.971204281E0,-9.473855972E0,4.548983276E-1
4.100415067E1,-3.066972494E0,-9.409213066E0,3.040636182E-1
4.100610380E1,-3.093308687E0,-9.342175484E0,8.619125932E-2
4.100811796E1,-3.050212860E0,-9.267954826E0,-1.101332754E-1
4.101007108E1,-2.930502892E0,-9.184157372E0,-1.987187415E-1
4.101205473E1,-2.746149302E0,-9.088389397E0,-1.388636976E-1
4.101400785E1,-2.513911724E0,-9.009381294E0,9.576806799E-3
4.101602201E1,-2.267308950E0,-8.942343712E0,1.651999205E-1
4.101797514E1,-2.020706177E0,-8.901641846E0,3.256114423E-1
4.101998930E1,-1.738190413E0,-8.860940933E0,4.955997467E-1
4.102194242E1,-1.450886250E0,-8.808267593E0,6.296750307E-1
4.102392606E1,-1.218648672E0,-8.729259491E0,7.206547260E-1
4.102590971E1,-1.063025594E0,-8.676587105E0,7.685387731E-1
4.102792387E1,-9.624691010E-1,-8.667010307E0,7.661445141E-1
4.102987699E1,-8.667010069E-1,-8.669404030E0,7.469909191E-1
4.103186063E1,-7.206547260E-1,-8.671798706E0,7.302315235E-1
4.103384428E1,-5.410895944E-1,-8.700529099E0,7.350199223E-1
4.103582792E1,-3.567360640E-1,-8.743624687E0,7.445967197E-1
4.103781156E1,-2.011129409E-1,-8.796297073E0,7.374141216E-1
4.103976469E1,-5.985504389E-2,-8.825027466E0,7.038952708E-1
4.104174833E1,8.858546615E-2,-8.841787338E0,6.248866320E-1
4.104373197E1,2.609679997E-1,-8.851364136E0,5.219359994E-1
4.104568510E1,4.525041282E-1,-8.868123055E0,4.046200812E-1
4.104766874E1,6.607996821E-1,-8.906430244E0,2.825157940E-1
4.104965238E1,8.690952063E-1,-8.961497307E0,1.987187415E-1
4.105163602E1,1.063025594E0,-9.018958092E0,1.436520964E-1
4.105358915E1,1.230619669E0,-9.062053680E0,6.943184882E-2
4.105560331E1,1.371877551E0,-9.083600998E0,-2.633621916E-2
4.105755643E1,1.493981838E0,-9.076418877E0,-1.364694983E-1
4.105950956E1,1.611297727E0,-9.066842079E0,-2.585737705E-1
4.106149320E1,1.721431017E0,-9.059659004E0,-3.926490843E-1
4.106347684E1,1.798045516E0,-9.059659004E0,-5.339069963E-1
4.106542997E1,1.855506301E0,-9.062053680E0,-6.727706790E-1
4.106741361E1,1.881842494E0,-9.064447403E0,-7.876923680E-1
4.106939725E1,1.869871497E0,-9.074024200E0,-8.810662031E-1
4.107141141E1,1.841141105E0,-9.083600998E0,-9.624691010E-1
4.107336454E1,1.802833915E0,-9.074024200E0,-1.029506683E0
4.107537870E1,1.759738207E0,-9.066842079E0,-1.084573388E0
4.107733182E1,1.707065821E0,-9.062053680E0,-1.130063176E0
4.107928495E1,1.630451322E0,-9.062053680E0,-1.173158884E0
4.108126859E1,1.541865945E0,-9.064447403E0,-1.223437071E0
4.108325224E1,1.441309452E0,-9.057265282E0,-1.273715258E0
4.108520536E1,1.326387763E0,-9.047688484E0,-1.316810966E0
4.108718900E1,1.216254473E0,-9.023746490E0,-1.357512355E0
4.108917265E1,1.132457376E0,-8.990227699E0,-1.407790542E0
4.109115629E1,1.053448796E0,-8.963891029E0,-1.460463047E0
4.109310941E1,9.600749016E-1,-8.942343712E0,-1.515529633E0
4.109512357E1,8.667010069E-1,-8.923190117E0,-1.553836942E0
4.109707670E1,7.613561153E-1,-8.906430244E0,-1.575384736E0
4.109906034E1,6.631938815E-1,-8.884882927E0,-1.580173135E0
4.110104398E1,5.865794420E-1,-8.860940933E0,-1.575384736E0
4.110302762E1,5.027823448E-1,-8.839392662E0,-1.572990537E0
4.110495023E1,4.118026793E-1,-8.832210541E0,-1.587355733E0
4.110696439E1,3.327940404E-1,-8.829815865E0,-1.618480325E0
4.110891752E1,2.705447972E-1,-8.803479195E0,-1.642422318E0
4.111090116E1,2.250549644E-1,-8.750806808E0,-1.671152830E0
4.111285429E1,2.059013397E-1,-8.724471092E0,-1.690306425E0
4.111486845E1,1.460463107E-1,-8.678980827E0,-1.776497602E0
4.111682157E1,1.244984865E-1,-8.676587105E0,-1.802833915E0
4.111883573E1,5.027823523E-2,-8.640673637E0,-1.836352706E0
4.112078886E1,2.873042040E-2,-8.616731644E0,-1.838746905E0
4.112277250E1,-4.788403399E-3,-8.573636055E0,-1.836352706E0
4.112475614E1,-3.830722719E-2,-8.552088737E0,-1.838746905E0
4.112677030E1,-7.422025502E-2,-8.547300339E0,-1.833958507E0
4.112872343E1,-8.140286058E-2,-8.549694061E0,-1.831564307E0
4.113070707E1,-7.182604820E-2,-8.568847656E0,-1.841141105E0
4.113266019E1,-5.267243832E-2,-8.597578049E0,-1.867477298E0
4.113467435E1,-4.788403399E-3,-8.621520042E0,-1.903390408E0
4.113662748E1,3.591302410E-2,-8.647856712E0,-1.934514999E0
4.113864164E1,5.985504389E-2,-8.671798706E0,-1.948880196E0
4.114059476E1,7.900865376E-2,-8.702922821E0,-1.958456993E0
4.114257841E1,1.005564705E-1,-8.729259491E0,-1.977610588E0
4.114456205E1,1.436520964E-1,-8.760383606E0,-1.999158382E0
4.114657621E1,1.867477298E-1,-8.808267593E0,-2.025494576E0
4.114852933E1,2.274491638E-1,-8.860940933E0,-2.037465572E0
4.115051298E1,2.657563984E-1,-8.904036522E0,-2.035071373E0
4.115249662E1,2.944868207E-1,-8.944737434E0,-2.023100376E0
4.115448026E1,3.256114423E-1,-8.992621422E0,-2.006340981E0
4.115640287E1,3.519476354E-1,-9.045293808E0,-1.996764183E0
4.115841703E1,3.687070608E-1,-9.100360870E0,-1.987187386E0
4.116037016E1,3.806780577E-1,-9.165003777E0,-1.989581585E0
4.116235380E1,3.902548850E-1,-9.215282440E0,-1.975216389E0
4.116433744E1,3.974374831E-1,-9.277531624E0,-1.936909199E0
4.116635160E1,4.118026793E-1,-9.344569206E0,-1.889025092E0
4.116830473E1,4.261679053E-1,-9.404424667E0,-1.845929503E0
4.117028837E1,4.285621047E-1,-9.461885452E0,-1.790862918E0
4.117227201E1,4.094084799E-1,-9.524134636E0,-1.726219416E0
4.117425565E1,3.639186621E-1,-9.576807022E0,-1.675941229E0
4.117620878E1,3.136404157E-1,-9.624691010E0,-1.620874524E0
4.117822294E1,2.633621991E-1,-9.674968719E0,-1.575384736E0
4.118017606E1,1.915361285E-1,-9.718064308E0,-1.539471745E0
4.118219022E1,9.816227108E-2,-9.758766174E0,-1.493981838E0
4.118411283E1,-4.788403399E-3,-9.809044838E0,-1.438915253E0
4.118612699E1,-1.077390760E-1,-9.854534149E0,-1.376665950E0
4.118808012E1,-2.106897533E-1,-9.909601212E0,-1.307234168E0
4.119006376E1,-3.112462163E-1,-9.976638794E0,-1.233013868E0
4.119204740E1,-4.189853072E-1,-1.004128170E1,-1.154005170E0
4.119403104E1,-5.267243981E-1,-1.010831928E1,-1.067813993E0
4.119598417E1,-6.296750307E-1,-1.016338634E1,-9.911994934E-1
4.119799833E1,-7.278373241E-1,-1.023281765E1,-9.169792533E-1
4.119995145E1,-8.283938169E-1,-1.029267311E1,-8.331822157E-1
4.120193510E1,-9.313444495E-1,-1.033816338E1,-7.374141216E-1
4.120391874E1,-1.017535686E0,-1.036689377E1,-6.416460276E-1
4.120590238E1,-1.084573388E0,-1.040280628E1,-5.554547906E-1
4.120782499E1,-1.139639974E0,-1.044590187E1,-4.740519226E-1
4.120983915E1,-1.194706678E0,-1.048420906E1,-3.926490843E-1
4.121179227E1,-1.233013868E0,-1.051293945E1,-3.040636182E-1
4.121377592E1,-1.247379065E0,-1.053688145E1,-2.082955539E-1
4.121575956E1,-1.235408068E0,-1.057758331E1,-1.268926859E-1
4.121774320E1,-1.211466074E0,-1.060870743E1,-5.746084079E-2
4.121966581E1,-1.175553083E0,-1.063743782E1,2.154781483E-2
4.122167997E1,-1.125274777E0,-1.067574501E1,8.858546615E-2
4.122363309E1,-1.055842996E0,-1.072841740E1,1.388636976E-1
4.122561674E1,-9.696516991E-1,-1.077630138E1,1.867477298E-1
4.122756986E1,-8.667010069E-1,-1.081460953E1,2.202665508E-1
4.122958402E1,-7.517793179E-1,-1.085531044E1,2.154781520E-1
4.123153715E1,-6.368576288E-1,-1.089601231E1,2.059013397E-1
4.123352079E1,-5.123591423E-1,-1.093671322E1,1.915361285E-1
4.123550443E1,-3.854664862E-1,-1.096783829E1,1.628057212E-1
4.123748808E1,-2.609679997E-1,-1.098699188E1,1.244984865E-1
4.123944120E1,-1.316810995E-1,-1.100614548E1,9.337386489E-2
4.124142484E1,-2.394201700E-3,-1.100135708E1,7.422025502E-2
4.124340848E1,1.292868853E-1,-1.098938560E1,6.703764945E-2
4.124539213E1,2.489969730E-1,-1.097980881E1,5.506663769E-2
4.124737577E1,3.591302633E-1,-1.097262669E1,5.267243832E-2
4.124935941E1,4.525041282E-1,-1.095586681E1,5.506663769E-2
4.125131254E1,5.315127969E-1,-1.092713642E1,7.661445439E-2
4.125329618E1,5.817909837E-1,-1.090319443E1,1.316810995E-1
4.125527982E1,6.224924326E-1,-1.089122391E1,2.202665508E-1
4.125729398E1,6.416460276E-1,-1.089840603E1,3.327940404E-1
4.125924711E1,6.392518282E-1,-1.092474270E1,4.788403511E-1
4.126123075E1,6.081272364E-1,-1.096304989E1,6.703764796E-1
4.126321439E1,5.602431893E-1,-1.101572227E1,8.714894056E-1
4.126519804E1,5.147533417E-1,-1.108036518E1,1.070208192E0
4.126712064E1,4.716577232E-1,-1.116416264E1,1.264138460E0
4.126913480E1,4.405331016E-1,-1.125514221E1,1.441309452E0
4.127108793E1,4.165911078E-1,-1.133893967E1,1.582567334E0
4.127307157E1,4.046200812E-1,-1.143470764E1,1.692700624E0
4.127505521E1,4.022258818E-1,-1.153765774E1,1.769315004E0
4.127703886E1,4.237737060E-1,-1.164539719E1,1.790862918E0
4.127899198E1,4.477157295E-1,-1.169806957E1,1.793257117E0
4.128097562E1,5.171475410E-1,-1.180102062E1,1.776497602E0
4.128295927E1,6.057330370E-1,-1.190397072E1,1.731007814E0
4.128497343E1,7.086837292E-1,-1.199016190E1,1.637633920E0
4.128692655E1,8.283938169E-1,-1.206917095E1,1.501164436E0
4.128891019E1,9.720458984E-1,-1.213860226E1,1.333570361E0
4.129086332E1,1.132457376E0,-1.219606304E1,1.177947283E0
4.129287748E1,1.297657371E0,-1.224394703E1,1.043871999E0
4.129483060E1,1.458068848E0,-1.227746677E1,9.313444495E-1
4.129684476E1,1.611297727E0,-1.230380249E1,8.307880163E-1
4.129879789E1,1.762132406E0,-1.232295609E1,7.541735172E-1
4.130078153E1,1.917755604E0,-1.234450436E1,7.422025204E-1
4.130276517E1,2.059013367E0,-1.236844635E1,7.757213712E-1
4.130477933E1,2.173935175E0,-1.238520527E1,8.499416113E-1
4.130673246E1,2.267308950E0,-1.239478207E1,9.720458984E-1
4.130874662E1,2.343923569E0,-1.240435886E1,1.134851575E0
4.131069974E1,2.398990154E0,-1.240435886E1,1.343147159E0
4.131268339E1,2.439691544E0,-1.239957047E1,1.608903527E0
4.131466703E1,2.461239338E0,-1.239238834E1,1.908178806E0
4.131665067E1,2.456450939E0,-1.240914726E1,2.224213362E0
4.131857328E1,2.420537949E0,-1.244745445E1,2.559401512E0
4.132058744E1,2.355894566E0,-1.250491524E1,2.889801502E0
4.132254057E1,2.269703150E0,-1.257434750E1,3.208230257E0
4.132452421E1,2.166752577E0,-1.265335560E1,3.502717018E0
4.132647733E1,2.049436569E0,-1.275630665E1,3.792415380E0
4.132849149E1,1.898601890E0,-1.289517021E1,4.077325344E0
4.133044462E1,1.726219416E0,-1.305797577E1,4.343081951E0
4.133242826E1,1.551442742E0,-1.323514652E1,4.568136692E0
4.133441190E1,1.383848548E0,-1.340992355E1,4.771644115E0
4.133639554E1,1.213860273E0,-1.358230591E1,4.960785866E0
4.133834867E1,1.048660398E0,-1.374990082E1,5.145139217E0
4.134036283E1,8.954314590E-1,-1.389115810E1,5.319916248E0
4.134231596E1,7.637503147E-1,-1.400129128E1,5.492298603E0
4.134429960E1,6.512228847E-1,-1.407551193E1,5.659893036E0
4.134622221E1,5.554547906E-1,-1.409705925E1,5.832275391E0
4.134823637E1,4.716577232E-1,-1.407311726E1,6.011840343E0
4.135022001E1,4.189853072E-1,-1.401805115E1,6.205770969E0
4.135220365E1,4.189853072E-1,-1.393425369E1,6.411672115E0
4.135418729E1,4.644751251E-1,-1.383848572E1,6.612784863E0
4.135614042E1,5.339069963E-1,-1.373553562E1,6.797138691E0
4.135812406E1,6.248866320E-1,-1.364216137E1,6.962338448E0
4.136013822E1,7.110779285E-1,-1.357512379E1,7.105990410E0
4.136209135E1,7.733271718E-1,-1.354399872E1,7.211335659E0
4.136410551E1,7.924807668E-1,-1.353681660E1,7.290344238E0
4.136605863E1,7.661445141E-1,-1.354639339E1,7.352593422E0
4.136807279E1,7.038952708E-1,-1.357991219E1,7.398083210E0
4.136999540E1,6.033388376E-1,-1.363976669E1,7.422025204E0
4.137200956E1,4.716577232E-1,-1.372595787E1,7.431602001E0
4.137399320E1,3.136404157E-1,-1.382651520E1,7.410054207E0
4.137597684E1,1.364694983E-1,-1.393904209E1,7.357381821E0
4.137792997E1,-5.027823523E-2,-1.406114674E1,7.297526836E0
4.137994413E1,-2.226607651E-1,-1.418325043E1,7.211335659E0
4.138189725E1,-3.950432837E-1,-1.428141308E1,7.103596210E0
4.138388090E1,-5.506663918E-1,-1.436521053E1,6.988674641E0
4.138583402E1,-6.751648784E-1,-1.442267132E1,6.842628479E0
4.138784818E1,-7.924807668E-1,-1.442985344E1,6.651092529E0
4.138980131E1,-8.834604025E-1,-1.441788292E1,6.421248913E0
4.139178495E1,-9.457096457E-1,-1.439633465E1,6.157886982E0
4.139376859E1,-9.888052940E-1,-1.436760426E1,5.875370979E0
4.139575224E1,-1.005564690E0,-1.434126854E1,5.549759388E0
4.139770536E1,-9.744400978E-1,-1.431732655E1,5.135562420E0
4.139971952E1,-9.097966552E-1,-1.428859615E1,4.630385876E0
4.140167265E1,-8.020575643E-1,-1.428380775E1,4.072536945E0
4.140365629E1,-6.536170840E-1,-1.429577827E1,3.493140221E0
4.140563993E1,-4.860229492E-1,-1.430774975E1,2.896984100E0
4.140765409E1,-3.399766386E-1,-1.432929707E1,2.310404539E0
4.140960722E1,-2.250549644E-1,-1.432929707E1,1.742978811E0
4.141162138E1,-1.292868853E-1,-1.431972027E1,1.199495077E0
4.141357450E1,-7.182604820E-2,-1.430535507E1,7.086837292E-1
4.141555814E1,-9.097966552E-2,-1.429817295E1,2.753331959E-1
4.141754179E1,-2.226607651E-1,-1.431972027E1,-7.661445439E-2
4.141952543E1,-3.974374831E-1,-1.436042213E1,-3.711012602E-1
4.142147855E1,-5.147533417E-1,-1.441069984E1,-6.488286853E-1
4.142346220E1,-5.626373887E-1,-1.444900703E1,-9.552865028E-1
4.142544584E1,-5.746083856E-1,-1.447294903E1,-1.350329757E0
4.142742948E1,-6.177040339E-1,-1.449449730E1,-1.853112102E0
4.142938261E1,-6.895300746E-1,-1.452322769E1,-2.425326347E0
4.143139677E1,-8.068459630E-1,-1.455435181E1,-3.043030262E0
4.143334989E1,-9.433154464E-1,-1.458308220E1,-3.684676409E0
4.143530302E1,-1.039083481E0,-1.460463047E1,-4.266467571E0
4.143728666E1,-1.101332784E0,-1.461181259E1,-4.699818134E0
4.143927030E1,-1.139639974E0,-1.460223579E1,-5.027823448E0
4.144122343E1,-1.180341482E0,-1.459744740E1,-5.348646641E0
4.144320707E1,-1.285686255E0,-1.459265900E1,-5.671864033E0
4.144519071E1,-1.417367458E0,-1.455914021E1,-5.971138954E0
4.144717435E1,-1.517923832E0,-1.447534370E1,-6.253654957E0
4.144912748E1,-1.582567334E0,-1.436999893E1,-6.519411087E0
4.145114164E1,-1.630451322E0,-1.425028896E1,-6.703764915E0
4.145309476E1,-1.651999116E0,-1.418085670E1,-6.751648903E0
4.145504789E1,-1.683123827E0,-1.401805115E1,-6.773196697E0
4.145703153E1,-1.685518026E0,-1.381693840E1,-6.766014099E0
4.145904569E1,-1.659181833E0,-1.354878712E1,-6.821080685E0
4.146099882E1,-1.616086125E0,-1.321838760E1,-6.952761650E0
4.146298246E1,-1.580173135E0,-1.285925770E1,-7.077260017E0
4.146496610E1,-1.580173135E0,-1.249294472E1,-7.115567684E0
4.146698026E1,-1.613691926E0,-1.213381386E1,-7.048529625E0
4.146890287E1,-1.608903527E0,-1.179383755E1,-6.909666061E0
4.147091703E1,-1.515529633E0,-1.145625496E1,-6.730101109E0
4.147287016E1,-1.376665950E0,-1.112585545E1,-6.497863293E0
4.147482328E1,-1.221042871E0,-1.082897472E1,-6.215347767E0
4.147680692E1,-1.067813993E0,-1.056082344E1,-5.872976780E0
4.147882108E1,-9.265560508E-1,-1.031422138E1,-5.470750809E0
4.148077421E1,-8.044517636E-1,-1.009156036E1,-5.066130638E0
4.148278837E1,-6.560112834E-1,-9.878476143E0,-4.678270340E0
4.148474149E1,-4.764461517E-1,-9.689333916E0,-4.254496574E0
4.148675565E1,-2.418143749E-1,-9.528923035E0,-3.770867586E0
4.148870878E1,1.747767180E-1,-9.392453194E0,-3.303998232E0
4.149069242E1,8.020575643E-1,-9.279925346E0,-2.920926094E0
4.149267606E1,1.441309452E0,-9.181763649E0,-2.679111719E0
4.149465971E1,2.044648170E0,-9.100360870E0,-2.566584110E0
4.149661283E1,2.772485495E0,-9.076418877E0,-2.509123325E0
4.149862699E1,3.627215624E0,-9.162610054E0,-2.499546528E0
4.150058012E1,4.163516521E0,-9.351752281E0,-2.365471363E0
4.150256376E1,4.331110954E0,-9.600749016E0,-1.999158382E0
4.150454740E1,4.089296341E0,-9.962273598E0,-1.359906554E0
4.150650053E1,3.672705412E0,-1.039322948E1,-5.746083856E-1
4.150848417E1,3.246537447E0,-1.080742645E1,1.699883193E-1
4.151049833E1,2.741360903E0,-1.110670185E1,7.158663273E-1
4.151245145E1,2.164358377E0,-1.125753593E1,1.096544385E0
4.151443510E1,1.833958507E0,-1.134372807E1,1.312022567E0
4.151641874E1,1.649604917E0,-1.146822643E1,1.491587639E0
4.151840238E1,1.326387763E0,-1.172919369E1,1.769315004E0
4.152032499E1,9.145850539E-1,-1.203325748E1,2.128445387E0
4.152233915E1,4.740519226E-1,-1.225113010E1,2.671929121E0
4.152429227E1,-9.097966552E-2,-1.237084007E1,3.402160645E0
4.152627592E1,-5.075707436E-1,-1.237562847E1,4.132391930E0
4.152825956E1,-6.272808313E-1,-1.234929276E1,4.690241337E0
4.153024320E1,-5.913678408E-1,-1.238759995E1,5.075707436E0
4.153216581E1,-5.458779931E-1,-1.247379112E1,5.451597214E0
4.153417997E1,-5.650315881E-1,-1.254082870E1,5.781997204E0
4.153613309E1,-6.081272364E-1,-1.256477070E1,5.949591160E0
4.153811674E1,-6.416460276E-1,-1.251688671E1,5.908889771E0
4.154010038E1,-6.799532771E-1,-1.239238834E1,5.707777023E0
4.154211454E1,-6.943184733E-1,-1.221042824E1,5.384559631E0
4.154406766E1,-6.919242740E-1,-1.200452709E1,4.946420670E0
4.154605131E1,-6.272808313E-1,-1.176750088E1,4.446032524E0
4.154803495E1,-4.860229492E-1,-1.149695683E1,3.904942989E0
4.155001859E1,-2.561795712E-1,-1.117613316E1,3.306392431E0
4.155194120E1,1.436521020E-2,-1.082418633E1,2.693476915E0
4.155395536E1,2.633621991E-1,-1.051054573E1,2.087743998E0
4.155590848E1,5.027823448E-1,-1.023281765E1,1.510741234E0
4.155789213E1,7.565677166E-1,-9.943120003E0,9.361328483E-1
4.155987577E1,9.983820915E-1,-9.653421402E0,3.615244627E-1
4.156188993E1,1.170764685E0,-9.411606789E0,-1.867477298E-1
4.156384306E1,1.273715258E0,-9.186552048E0,-6.799532771E-1
4.156582670E1,1.292868972E0,-8.959102631E0,-1.094150186E0
4.156781034E1,1.228225470E0,-8.774748802E0,-1.386242747E0
4.156982450E1,1.103726983E0,-8.623914719E0,-1.546654344E0
4.157177762E1,9.720458984E-1,-8.477868080E0,-1.649604917E0
4.157376127E1,8.738836050E-1,-8.355764389E0,-1.728613615E0
4.157574491E1,7.709329724E-1,-8.245630264E0,-1.740584612E0
4.157772855E1,6.081272364E-1,-8.154650688E0,-1.628057122E0
4.157965116E1,3.806780577E-1,-8.099584579E0,-1.407790542E0
4.158166532E1,1.340752989E-1,-8.020575523E0,-1.225831270E0
4.158364896E1,-7.900865376E-2,-7.917624950E0,-1.151610970E0
4.158563261E1,-1.532289088E-1,-7.819462776E0,-1.201889277E0
4.158761625E1,-9.097966552E-2,-7.730877399E0,-1.362300754E0
4.158963041E1,-2.394201607E-2,-7.642292023E0,-1.510741234E0
4.159158353E1,-3.591302410E-2,-7.448361397E0,-1.505952835E0
4.159356718E1,-1.987187415E-1,-7.134721279E0,-1.371877551E0
4.159555082E1,-3.758896589E-1,-6.945579052E0,-1.271321058E0
4.159753446E1,-3.926490843E-1,-6.993463039E0,-1.340752959E0
4.159948759E1,-3.734954596E-1,-7.105990410E0,-1.443703651E0
4.160147123E1,-3.519476354E-1,-7.187393665E0,-1.484405041E0
4.160345487E1,-2.513911724E-1,-7.268796444E0,-1.582567334E0
4.160540800E1,-1.221042871E-1,-7.350199223E0,-1.714248419E0
4.160739164E1,-4.788403213E-2,-7.429207802E0,-1.757344007E0
4.160940580E1,-2.633621916E-2,-7.513004780E0,-1.726219416E0
4.161135892E1,1.675941236E-2,-7.606379032E0,-1.671152830E0
4.161334257E1,1.173158810E-1,-7.692570210E0,-1.601720929E0
4.161526517E1,2.394201756E-1,-7.764396191E0,-1.525106430E0
4.161727933E1,3.902548850E-1,-7.845798969E0,-1.441309452E0
4.161923246E1,4.620809257E-1,-7.896077156E0,-1.407790542E0
4.162121610E1,6.057330370E-1,-8.030152321E0,-1.352723956E0
4.162313871E1,6.919242740E-1,-8.121131897E0,-1.285686255E0
4.162515287E1,6.296750307E-1,-8.154650688E0,-1.146822572E0
4.162710599E1,4.165911078E-1,-8.154650688E0,-9.840168953E-1
4.162908964E1,2.489969730E-1,-8.171410561E0,-9.002198577E-1
4.163107328E1,2.082955539E-1,-8.240841866E0,-8.954314590E-1
4.163305692E1,2.226607651E-1,-8.310274124E0,-9.026140571E-1
4.163501005E1,2.226607651E-1,-8.362946510E0,-9.504981041E-1
4.163699369E1,1.460463107E-1,-8.403648376E0,-9.935936928E-1
4.163897733E1,-4.788403399E-3,-8.432378769E0,-9.768342972E-1
4.164099149E1,-1.268926859E-1,-8.446743965E0,-8.930372596E-1
4.164294462E1,-2.561795712E-1,-8.468291283E0,-8.140285611E-1
4.164492826E1,-3.950432837E-1,-8.449137688E0,-9.672574997E-1
4.164688138E1,-5.219359994E-1,-8.348581314E0,-1.295263171E0
4.164889554E1,-6.464344859E-1,-8.243236542E0,-1.551442742E0
4.165084867E1,-7.781155705E-1,-8.149862289E0,-1.651999116E0
4.165286283E1,-9.217676520E-1,-8.037335396E0,-1.671152830E0
4.165481596E1,-1.055842996E0,-7.893682957E0,-1.656787634E0
4.165679960E1,-1.185129881E0,-7.745242596E0,-1.618480325E0
4.165878324E1,-1.343147159E0,-7.611167431E0,-1.580173135E0
4.166079740E1,-1.501164436E0,-7.496245384E0,-1.561019540E0
4.166275053E1,-1.644816518E0,-7.386112213E0,-1.551442742E0
4.166473417E1,-1.750161409E0,-7.254431248E0,-1.568202138E0
4.166668729E1,-1.795651317E0,-7.074865818E0,-1.604115129E0
4.166870145E1,-1.817199111E0,-6.856993675E0,-1.618480325E0
4.167065458E1,-1.877054095E0,-6.629544735E0,-1.611297727E0
4.167266874E1,-1.996764183E0,-6.416460514E0,-1.596932530E0
4.167459135E1,-2.154781580E0,-6.229712963E0,-1.565807939E0
4.167660551E1,-2.305616140E0,-6.047753334E0,-1.546654344E0
4.167858915E1,-2.430114746E0,-5.870582581E0,-1.539471745E0
4.168057279E1,-2.549824715E0,-5.695806026E0,-1.529894829E0
4.168249540E1,-2.674323320E0,-5.528211594E0,-1.534683347E0
4.168450956E1,-2.815581083E0,-5.372588634E0,-1.582567334E0
4.168646268E1,-2.973598480E0,-5.231330872E0,-1.647210717E0
4.168844633E1,-3.131615877E0,-5.104437828E0,-1.702277422E0
4.169042997E1,-3.292027235E0,-4.984727859E0,-1.766920805E0
4.169244413E1,-3.473986626E0,-4.881777287E0,-1.812410712E0
4.169439725E1,-3.670311213E0,-4.781220913E0,-1.836352706E0
4.169638090E1,-3.864241600E0,-4.687847137E0,-1.850717902E0
4.169836454E1,-4.024652958E0,-4.587290287E0,-1.867477298E0
4.170037870E1,-4.175487995E0,-4.505887508E0,-1.867477298E0
4.170233182E1,-4.307168961E0,-4.434061527E0,-1.855506301E0
4.170434598E1,-4.448426723E0,-4.386177540E0,-1.817199111E0
4.170626859E1,-4.570530891E0,-4.347870350E0,-1.757344007E0
4.170828275E1,-4.661510944E0,-4.323928356E0,-1.692700624E0
4.171023588E1,-4.745307922E0,-4.311957359E0,-1.649604917E0
4.171218900E1,-4.762067318E0,-4.273650169E0,-1.620874524E0
4.171417265E1,-4.738125324E0,-4.228160381E0,-1.601720929E0
4.171615629E1,-4.769249916E0,-4.230554581E0,-1.572990537E0
4.171810941E1,-4.783615112E0,-4.237737179E0,-1.568202138E0
4.172009306E1,-4.752490520E0,-4.232948780E0,-1.584961534E0
4.172207670E1,-4.771644115E0,-4.244919777E0,-1.599326730E0
4.172406034E1,-4.841075897E0,-4.292803764E0,-1.592144132E0
4.172601346E1,-4.867412090E0,-4.319139957E0,-1.570596337E0
4.172802762E1,-4.831499100E0,-4.297592163E0,-1.549048543E0
4.172998075E1,-4.783615112E0,-4.278438568E0,-1.532289028E0
4.173196439E1,-4.730942726E0,-4.271255970E0,-1.520318031E0
4.173394804E1,-4.680664539E0,-4.259284973E0,-1.505952835E0
4.173593168E1,-4.625597477E0,-4.242525578E0,-1.472434044E0
4.173788480E1,-4.560954094E0,-4.218583584E0,-1.436521053E0
4.173986845E1,-4.510675907E0,-4.199429989E0,-1.407790542E0
4.174185209E1,-4.469974518E0,-4.199429989E0,-1.355118155E0
4.174383573E1,-4.434061527E0,-4.232948780E0,-1.280897856E0
4.174575834E1,-4.395754337E0,-4.273650169E0,-1.213860273E0
4.174777250E1,-4.347870350E0,-4.290409565E0,-1.146822572E0
4.174972562E1,-4.264073372E0,-4.285621166E0,-1.079784989E0
4.175170927E1,-4.151545525E0,-4.268861771E0,-1.003170490E0
4.175369291E1,-4.034229755E0,-4.249708176E0,-9.337386489E-1
4.175567655E1,-3.916913986E0,-4.232948780E0,-8.882488012E-1
4.175759916E1,-3.818751812E0,-4.225766182E0,-8.523358107E-1
4.175961332E1,-3.749319792E0,-4.232948780E0,-8.092401624E-1
4.176159696E1,-3.689464808E0,-4.252102375E0,-7.398083210E-1
4.176361112E1,-3.636792421E0,-4.268861771E0,-6.703764796E-1
4.176556425E1,-3.591302633E0,-4.288015366E0,-6.057330370E-1
4.176757841E1,-3.533841610E0,-4.307168961E0,-5.315127969E-1
4.176953153E1,-3.428496838E0,-4.331110954E0,-4.309563041E-1
4.177151517E1,-3.323152065E0,-4.355052948E0,-3.256114423E-1
4.177349882E1,-3.196259260E0,-4.378994942E0,-2.059013397E-1
4.177548246E1,-3.021482468E0,-4.395754337E0,-7.661445439E-2
4.177743558E1,-2.932897091E0,-4.405331135E0,-2.154781483E-2
4.177941923E1,-2.779668093E0,-4.434061527E0,6.703764945E-2
4.178140287E1,-2.657563925E0,-4.477157116E0,1.436520964E-1
4.178341703E1,-2.533065319E0,-4.525041103E0,2.274491638E-1
4.178537016E1,-2.382230759E0,-4.563348293E0,2.992752194E-1
4.178738432E1,-2.207453966E0,-4.594472885E0,3.639186621E-1
4.178933744E1,-2.049436569E0,-4.651933670E0,4.141969085E-1
4.179132108E1,-1.917755604E0,-4.733336926E0,4.644751251E-1
4.179330473E1,-1.826775908E0,-4.809951305E0,5.434837937E-1
4.179528837E1,-1.764526606E0,-4.888959885E0,6.607996821E-1
4.179724149E1,-1.711854219E0,-4.989516258E0,8.355764151E-1
4.179925565E1,-1.661576033E0,-5.099649429E0,1.051054597E0
4.180120878E1,-1.608903527E0,-5.226542473E0,1.304839969E0
4.180319242E1,-1.551442742E0,-5.384559631E0,1.584961534E0
4.180514554E1,-1.501164436E0,-5.576095581E0,1.862688899E0
4.180715971E1,-1.465251446E0,-5.796362400E0,2.111685991E0
4.180911283E1,-1.448492050E0,-6.035782337E0,2.322375536E0
4.181112699E1,-1.419761658E0,-6.263231754E0,2.499546528E0
4.181308012E1,-1.359906554E0,-6.478709698E0,2.695871115E0
4.181506376E1,-1.297657371E0,-6.710947514E0,2.925714493E0
4.181704740E1,-1.254561663E0,-6.962338448E0,3.196259260E0
4.181906156E1,-1.204283476E0,-7.232883453E0,3.512293816E0
4.182101469E1,-1.134851575E0,-7.496245384E0,3.852270603E0
4.182299833E1,-1.036689281E0,-7.750030994E0,4.209006786E0
4.182498197E1,-9.624691010E-1,-8.025363922E0,4.577713490E0
4.182696561E1,-9.289502501E-1,-8.350975990E0,4.984727859E0
4.182888822E1,-8.978256583E-1,-8.700529099E0,5.439626217E0
4.183090238E1,-8.212111592E-1,-9.064447403E0,5.901707172E0
4.183285551E1,-7.254431248E-1,-9.445125580E0,6.354211330E0
4.183486967E1,-5.793967843E-1,-9.864110947E0,6.818686485E0
4.183682279E1,-3.567360640E-1,-1.030943298E1,7.285555840E0
4.183883695E1,-1.771709323E-1,-1.079545593E1,7.773972988E0
4.184079008E1,-7.182604820E-2,-1.131020927E1,8.300697327E0
4.184277372E1,5.267243832E-2,-1.184890461E1,8.825027466E0
4.184475736E1,1.987187415E-1,-1.241872406E1,9.339780807E0
4.184674100E1,3.758896589E-1,-1.301009178E1,9.842563629E0
4.184866361E1,6.129156351E-1,-1.363737297E1,1.032619190E1
4.185067777E1,8.882488012E-1,-1.428620148E1,1.077869606E1
4.185266141E1,1.189918280E0,-1.494221306E1,1.119049835E1
4.185464506E1,1.493981838E0,-1.559822369E1,1.151132202E1
4.185662870E1,1.800439715E0,-1.624226379E1,1.170285797E1
4.185861234E1,2.111685991E0,-1.688869858E1,1.174834728E1
4.186059598E1,2.406172752E0,-1.753034401E1,1.171482849E1
4.186257963E1,2.681505919E0,-1.814326096E1,1.168370438E1
4.186453275E1,2.887407303E0,-1.871786880E1,1.169567490E1
4.186654691E1,3.059789658E0,-1.922543907E1,1.178426075E1
4.186850004E1,3.196259260E0,-1.964203072E1,1.191833591E1
4.187045316E1,3.282450438E0,-1.995567131E1,1.210029507E1
4.187243680E1,3.351882458E0,-2.014960098E1,1.235168648E1
4.187442045E1,3.445256233E0,-2.019509125E1,1.266532707E1
4.187637357E1,3.512293816E0,-2.010171700E1,1.298854446E1
4.187835722E1,3.529053211E0,-1.989821053E1,1.326148319E1
4.188034086E1,3.507505417E0,-1.958217621E1,1.344583702E1
4.188232450E1,3.500322819E0,-1.914164352E1,1.355357552E1
4.188427762E1,3.519476414E0,-1.854788017E1,1.358470058E1
4.188629179E1,3.596091032E0,-1.780567741E1,1.352005672E1
4.188824491E1,3.732560396E0,-1.695573616E1,1.335964584E1
4.189019804E1,3.873818398E0,-1.604594040E1,1.313219643E1
4.189218168E1,3.936067581E0,-1.513374901E1,1.284968090E1
4.189416532E1,3.907337189E0,-1.424550056E1,1.250252151E1
4.189611845E1,3.790021181E0,-1.341471195E1,1.209790134E1
4.189813261E1,3.564966440E0,-1.267490387E1,1.165976238E1
4.190008573E1,3.268085241E0,-1.200931549E1,1.114979744E1
4.190206937E1,2.932897091E0,-1.139640045E1,1.056082344E1
4.190402250E1,2.537853718E0,-1.084573364E1,9.911994934E0
4.190603666E1,2.063801765E0,-1.037647057E1,9.239224434E0
4.190798978E1,1.532289028E0,-9.969455719E0,8.564059258E0
4.191000394E1,9.744400978E-1,-9.619902611E0,7.884106159E0
4.191192655E1,3.758896589E-1,-9.330204010E0,7.199364662E0
4.191394071E1,-2.442085743E-1,-9.088389397E0,6.514622688E0
4.191592435E1,-8.619126081E-1,-8.887276649E0,5.839457989E0
4.191790800E1,-1.467645645E0,-8.738836288E0,5.209783077E0
4.191983060E1,-2.032677174E0,-8.643068314E0,4.616020679E0
4.192184476E1,-2.516305923E0,-8.573636055E0,4.091690540E0
4.192379789E1,-2.906560898E0,-8.518569946E0,3.658340216E0
4.192578153E1,-3.198653460E0,-8.482656479E0,3.311181068E0
4.192776517E1,-3.440467834E0,-8.477868080E0,3.026270866E0
4.192974882E1,-3.679888010E0,-8.497021675E0,2.779668093E0
4.193167142E1,-3.878606796E0,-8.530540466E0,2.549824715E0
4.193368558E1,-3.986345768E0,-8.547300339E0,2.272097349E0
4.193566923E1,-4.010287762E0,-8.508993149E0,1.900996208E0
4.193768339E1,-3.967192173E0,-8.427590370E0,1.448492050E0
4.193963651E1,-3.821146011E0,-8.334216118E0,9.097966552E-1
4.194162016E1,-3.572149038E0,-8.271966934E0,3.088520169E-1
4.194357328E1,-3.426102638E0,-8.264783859E0,1.675941236E-2
4.194558744E1,-3.117250681E0,-8.300697327E0,-5.578489900E-1
4.194754057E1,-2.767697096E0,-8.389283180E0,-1.142034173E0
4.194955473E1,-2.384624958E0,-8.547300339E0,-1.702277422E0
4.195150785E1,-2.030282974E0,-8.801085472E0,-2.195482969E0
4.195349149E1,-1.766920805E0,-9.148244858E0,-2.626439333E0
4.195544462E1,-1.580173135E0,-9.574412346E0,-3.086126089E0
4.195745878E1,-1.431732655E0,-1.002691650E1,-3.667917013E0
4.195941190E1,-1.323993564E0,-1.049857426E1,-4.491522312E0
4.196139554E1,-1.285686255E0,-1.102769279E1,-5.556941986E0
4.196337919E1,-1.309628367E0,-1.161666679E1,-6.713341713E0
4.196536283E1,-1.398213744E0,-1.222479343E1,-7.802703381E0
4.196728544E1,-1.580173135E0,-1.280419064E1,-8.719682693E0
4.196929960E1,-1.862688899E0,-1.331894398E1,-9.442731857E0
4.197125272E1,-2.164358377E0,-1.376187134E1,-9.988609314E0
4.197323637E1,-2.348711967E0,-1.411142445E1,-1.038844109E1
4.197522001E1,-2.382230759E0,-1.436521053E1,-1.062546730E1
4.197723417E1,-2.322375536E0,-1.458068848E1,-1.073081207E1
4.197918729E1,-2.346317768E0,-1.482968521E1,-1.069968700E1
4.198117094E1,-2.468421936E0,-1.510023022E1,-1.051293945E1
4.198315458E1,-2.614468336E0,-1.534683323E1,-1.020887566E1
4.198513822E1,-2.803610086E0,-1.554076290E1,-9.821015358E0
4.198706083E1,-3.043030262E0,-1.569638634E1,-9.378087997E0
4.198907499E1,-3.258508444E0,-1.580173111E1,-8.935160637E0
4.199099760E1,-3.438073635E0,-1.583524990E1,-8.437167168E0
4.199301176E1,-3.584120035E0,-1.582327938E1,-7.888894558E0
4.199496488E1,-3.711012602E0,-1.577300072E1,-7.280767441E0
4.199694852E1,-3.794809580E0,-1.564850235E1,-6.627150536E0
4.199893217E1,-3.785232782E0,-1.548090839E1,-5.904101372E0
4.200091581E1,-3.634398222E0,-1.529894924E1,-5.051765442E0
4.200286893E1,-3.330334663E0,-1.511220074E1,-3.948038578E0
4.200488309E1,-2.918531895E0,-1.491348267E1,-2.521094322E0
4.200683622E1,-2.377442360E0,-1.468124485E1,-6.368576288E-1
4.200881986E1,-1.735796213E0,-1.439872932E1,1.896207690E0
4.201080350E1,-9.983820915E-1,-1.404917526E1,4.833893299E0
4.201278715E1,-1.556231081E-1,-1.361582470E1,7.668628216E0
4.201474027E1,7.709329724E-1,-1.305797577E1,9.897629738E0
4.201672391E1,1.640028119E0,-1.241872406E1,1.126232433E1
4.201870756E1,2.317587137E0,-1.178426075E1,1.180580902E1
4.202069120E1,2.722207308E0,-1.120725822E1,1.160230160E1
4.202261381E1,2.904166698E0,-1.073081207E1,1.075954247E1
4.202462797E1,2.942473888E0,-1.035492229E1,9.425971985E0
4.202658109E1,2.853888512E0,-1.004367638E1,7.738059998E0
4.202856474E1,2.652775526E0,-9.782708168E0,5.832275391E0
4.203051786E1,2.355894566E0,-9.550470352E0,3.971980572E0
4.203253202E1,1.972822189E0,-9.358934402E0,2.351106167E0
4.203448515E1,1.628057122E0,-9.181763649E0,9.361328483E-1
4.203649930E1,1.386242747E0,-8.985439301E0,-4.070142806E-1
4.203845243E1,1.163581967E0,-8.738836288E0,-1.649604917E0
4.204046659E1,9.337386489E-1,-8.432378769E0,-2.734178305E0
4.204241972E1,7.829039693E-1,-8.046912193E0,-3.634398222E0
4.204440336E1,7.254431248E-1,-7.611167431E0,-4.350264549E0
4.204638700E1,6.296750307E-1,-7.184999466E0,-4.898536682E0
4.204837064E1,5.027823448E-1,-6.804321289E0,-5.310339451E0
4.205029325E1,4.165911078E-1,-6.493074894E0,-5.688623428E0
4.205230741E1,4.261679053E-1,-6.220136166E0,-6.081272125E0
4.205426054E1,5.075707436E-1,-5.959167957E0,-6.399701118E0
4.205624418E1,5.578489900E-1,-5.722142220E0,-6.555324078E0
4.205819730E1,5.099649429E-1,-5.535394192E0,-6.572083473E0
4.206021146E1,2.825157940E-1,-5.386953831E0,-6.564900875E0
4.206219511E1,-1.484405100E-1,-5.240907669E0,-6.584054470E0
4.206417875E1,-6.488286853E-1,-5.090072632E0,-6.560112476E0
4.206616239E1,-1.082179189E0,-4.965574265E0,-6.445190907E0
4.206814603E1,-1.426944256E0,-4.898536682E0,-6.306327343E0
4.207009916E1,-1.649604917E0,-4.922478676E0,-6.184223175E0
4.207211332E1,-1.896207690E0,-5.039794445E0,-6.007051945E0
4.207406644E1,-2.308010340E0,-5.238513470E0,-5.726930618E0
4.207605009E1,-2.858676910E0,-5.499481201E0,-5.291185856E0
4.207800321E1,-3.337517262E0,-5.813121796E0,-4.802768707E0
4.208001737E1,-3.634398222E0,-6.174646378E0,-4.381389141E0
4.208193998E1,-3.816357613E0,-6.552929878E0,-4.036623955E0
4.208395414E1,-3.926490784E0,-6.938396454E0,-3.737348795E0
4.208593778E1,-3.955221176E0,-7.347805023E0,-3.471592426E0
4.208792142E1,-3.871424198E0,-7.757213593E0,-3.260902643E0
4.208987455E1,-3.694253206E0,-8.154650688E0,-3.110068083E0
4.209188871E1,-3.452438831E0,-8.532935143E0,-2.980781078E0
4.209381132E1,-3.172317266E0,-8.901641846E0,-2.839523315E0
4.209582548E1,-2.885013103E0,-9.253589630E0,-2.679111719E0
4.209777860E1,-2.746149302E0,-9.416395187E0,-2.580949545E0
4.209976224E1,-2.494758129E0,-9.722852707E0,-2.351106167E0
4.210174589E1,-2.243366957E0,-1.001494598E1,-2.070984364E0
4.210372953E1,-1.953668594E0,-1.027351952E1,-1.752555609E0
4.210565214E1,-1.589749932E0,-1.049857426E1,-1.393425345E0
4.210766630E1,-1.163581967E0,-1.068771648E1,-9.720458984E-1
4.210961942E1,-6.847416759E-1,-1.084573364E1,-5.051765442E-1
4.211160307E1,-1.843535304E-1,-1.096304989E1,1.675941236E-2
4.211358671E1,2.920926213E-1,-1.104445267E1,6.105214357E-1
4.211560087E1,7.517793179E-1,-1.109951878E1,1.221042871E0
4.211755399E1,1.242590666E0,-1.113303757E1,1.793257117E0
4.211953764E1,1.757344007E0,-1.114740276E1,2.322375536E0
4.212152128E1,2.274491549E0,-1.113064384E1,2.779668093E0
4.212350492E1,2.784456491E0,-1.111867237E1,3.066972494E0
4.212542753E1,3.260902643E0,-1.113303757E1,3.107673883E0
4.212744169E1,3.663128614E0,-1.121204662E1,2.892195702E0
4.212939481E1,4.017470360E0,-1.134133339E1,2.473210335E0
4.213137846E1,4.343081951E0,-1.148977375E1,1.982398987E0
4.213336210E1,4.639962673E0,-1.160230160E1,1.618480325E0
4.213537626E1,4.893748283E0,-1.166933918E1,1.446097851E0
4.213732938E1,5.106832027E0,-1.169328117E1,1.482010841E0
4.213931303E1,5.298368454E0,-1.166933918E1,1.601720929E0
4.214129667E1,5.509057999E0,-1.159990692E1,1.699883223E0
4.214328031E1,5.781997204E0,-1.146104336E1,1.759738207E0
4.214520292E1,5.999869347E0,-1.130542088E1,1.807622313E0
4.214721708E1,6.007051945E0,-1.119528675E1,1.929726601E0
4.214917020E1,5.865794182E0,-1.112346077E1,2.188300371E0
4.215115385E1,5.702988625E0,-1.107557678E1,2.506729126E0
4.215313749E1,5.578489780E0,-1.102769279E1,2.786850691E0
4.215515165E1,5.374982834E0,-1.092474270E1,3.021482468E0
4.215710477E1,5.070919037E0,-1.078827286E1,3.258508444E0
4.215908842E1,4.742913723E0,-1.063025570E1,3.481169224E0
4.216104154E1,4.453215122E0,-1.044111347E1,3.627215624E0
4.216305570E1,4.194641590E0,-1.023760605E1,3.675099611E0
4.216500883E1,3.895366192E0,-1.006282997E1,3.643975019E0
4.216702299E1,3.524264812E0,-9.940725327E0,3.536235809E0
4.216897611E1,3.100491285E0,-9.854534149E0,3.330334663E0
4.217095975E1,2.688688517E0,-9.797073364E0,3.050212860E0
4.217294340E1,2.343923569E0,-9.758766174E0,2.726995707E0
4.217495756E1,2.063801765E0,-9.682151794E0,2.437297344E0
4.217691068E1,1.838746905E0,-9.564835548E0,2.226607561E0
4.217889432E1,1.635239720E0,-9.445125580E0,2.087743998E0
4.218084745E1,1.386242747E0,-9.349357605E0,1.958456993E0
4.218286161E1,1.010353088E0,-9.296685219E0,1.738190413E0
4.218481474E1,5.267243981E-1,-9.279925346E0,1.369483352E0
4.218682890E1,6.943184882E-2,-9.253589630E0,8.930372596E-1
4.218878202E1,-3.734954596E-1,-9.181763649E0,4.022258818E-1
4.219076566E1,-8.643068075E-1,-9.076418877E0,-2.873042040E-2
4.219271879E1,-1.283292055E0,-8.963891029E0,-4.548983276E-1
4.219473295E1,-1.604115129E0,-8.863334656E0,-8.379706144E-1
4.219668607E1,-1.807622313E0,-8.779537201E0,-1.154005170E0
4.219866972E1,-1.893813491E0,-8.695740700E0,-1.376665950E0
4.220065336E1,-1.912967205E0,-8.619126320E0,-1.498770237E0
4.220263700E1,-1.953668594E0,-8.542511940E0,-1.546654344E0
4.220455961E1,-2.085349798E0,-8.465897560E0,-1.549048543E0
4.220654325E1,-2.276885748E0,-8.403648376E0,-1.565807939E0
4.220852689E1,-2.442085743E0,-8.377311707E0,-1.577778935E0
4.221051054E1,-2.564189911E0,-8.379706383E0,-1.570596337E0
4.221246366E1,-2.679111719E0,-8.377311707E0,-1.508347034E0
4.221444730E1,-2.825158119E0,-8.358158112E0,-1.367089152E0
4.221643095E1,-3.026270866E0,-8.315062523E0,-1.158793569E0
4.221844511E1,-3.213018656E0,-8.257601738E0,-8.690952063E-1
4.222036771E1,-3.296815634E0,-8.221688271E0,-5.578489900E-1
4.222238187E1,-3.253720045E0,-8.207323074E0,-2.274491638E-1
4.222433500E1,-3.107673883E0,-8.202534676E0,7.900865376E-2
4.222631864E1,-2.887407303E0,-8.209717751E0,3.782838583E-1
4.222824125E1,-2.633621931E0,-8.231265068E0,6.464344859E-1
4.223025541E1,-2.401384354E0,-8.267178535E0,8.571242094E-1
4.223220853E1,-2.169146776E0,-8.322244644E0,9.864110947E-1
4.223419218E1,-1.900996208E0,-8.396465302E0,1.029506683E0
4.223614530E1,-1.589749932E0,-8.487444878E0,1.019929886E0
4.223815946E1,-1.264138460E0,-8.595184326E0,9.672574997E-1
4.224008207E1,-9.313444495E-1,-8.707711220E0,8.906430602E-1
4.224209623E1,-6.057330370E-1,-8.808267593E0,8.307880163E-1
4.224407987E1,-3.064578176E-1,-8.887276649E0,7.876923680E-1
4.224606351E1,-4.309562966E-2,-8.963891029E0,7.302315235E-1
4.224798612E1,7.900865376E-2,-8.999804497E0,6.991068721E-1
4.225000028E1,3.208230138E-1,-9.069235802E0,6.392518282E-1
4.225195341E1,5.626373887E-1,-9.133879662E0,5.554547906E-1
4.225393705E1,8.116343617E-1,-9.198522568E0,4.548983276E-1
4.225589017E1,1.043871999E0,-9.248801231E0,3.423708379E-1
4.225790433E1,1.254561663E0,-9.287108421E0,2.274491638E-1
4.225985746E1,1.438915253E0,-9.289502144E0,1.173158810E-1
4.226184110E1,1.599326730E0,-9.270348549E0,1.675941236E-2
4.226382474E1,1.731007814E0,-9.244012833E0,-7.422025502E-2
4.226580839E1,1.843535304E0,-9.220070839E0,-1.580173075E-1
4.226776151E1,1.958456993E0,-9.184157372E0,-2.226607651E-1
4.226977567E1,2.070984364E0,-9.145850182E0,-2.681505978E-1
4.227172880E1,2.166752577E0,-9.124302864E0,-3.160346150E-1
4.227371244E1,2.233790159E0,-9.114726067E0,-3.687070608E-1
4.227566557E1,2.296039343E0,-9.117119789E0,-4.405331016E-1
4.227767973E1,2.351106167E0,-9.112331390E0,-5.410895944E-1
4.227963285E1,2.396595955E0,-9.093177795E0,-6.416460276E-1
4.228161649E1,2.418143749E0,-9.076418877E0,-7.374141216E-1
4.228360014E1,2.406172752E0,-9.074024200E0,-8.379706144E-1
4.228558378E1,2.375048161E0,-9.069235802E0,-9.361328483E-1
4.228753690E1,2.339135170E0,-9.052476883E0,-1.036689281E0
4.228955106E1,2.281674147E0,-9.045293808E0,-1.142034173E0
4.229150419E1,2.212242365E0,-9.042900085E0,-1.247379065E0
4.229348783E1,2.149993181E0,-9.035717010E0,-1.355118155E0
4.229547147E1,2.082955360E0,-9.035717010E0,-1.462857246E0
4.229745512E1,1.991975784E0,-9.069235802E0,-1.553836942E0
4.229943876E1,1.884236693E0,-9.107542992E0,-1.620874524E0
4.230145292E1,1.781286120E0,-9.126696587E0,-1.671152830E0
4.230340604E1,1.668758631E0,-9.148244858E0,-1.711854219E0
4.230538969E1,1.551442742E0,-9.160215378E0,-1.759738207E0
4.230737333E1,1.436521053E0,-9.150638580E0,-1.802833915E0
4.230935697E1,1.331176162E0,-9.129091263E0,-1.833958507E0
4.231131010E1,1.242590666E0,-9.102754593E0,-1.836352706E0
4.231329374E1,1.161187768E0,-9.081207275E0,-1.807622313E0
4.231527738E1,1.084573388E0,-9.062053680E0,-1.769315004E0
4.231723051E1,1.012747288E0,-9.033323288E0,-1.731007814E0
4.231921415E1,9.409212470E-1,-8.997409821E0,-1.687912226E0
4.232122831E1,8.738836050E-1,-8.949525833E0,-1.620874524E0
4.232318143E1,8.283938169E-1,-8.901641846E0,-1.539471745E0
4.232516508E1,8.020575643E-1,-8.875306129E0,-1.472434044E0
4.232714872E1,7.661445141E-1,-8.860940933E0,-1.412579060E0
4.232913236E1,7.158663273E-1,-8.844181061E0,-1.355118155E0
4.233108549E1,6.703764796E-1,-8.829815865E0,-1.297657371E0
4.233306913E1,6.248866320E-1,-8.820239067E0,-1.244984865E0
4.233505277E1,5.770025849E-1,-8.813055992E0,-1.223437071E0
4.233700590E1,5.458779931E-1,-8.801085472E0,-1.218648672E0
4.233898954E1,5.410895944E-1,-8.791508675E0,-1.206677675E0
4.234100370E1,5.315127969E-1,-8.801085472E0,-1.197100878E0
4.234295682E1,5.099649429E-1,-8.820239067E0,-1.199495077E0
4.234494047E1,4.836287498E-1,-8.848969460E0,-1.211466074E0
4.234692411E1,4.548983276E-1,-8.870517731E0,-1.204283476E0
4.234890775E1,4.285621047E-1,-8.896853447E0,-1.194706678E0
4.235086088E1,4.094084799E-1,-8.925583839E0,-1.173158884E0
4.235284452E1,3.878606856E-1,-8.966285706E0,-1.165976286E0
4.235482816E1,3.758896589E-1,-9.004592896E0,-1.165976286E0
4.235678129E1,3.663128614E-1,-9.052476883E0,-1.168370485E0
4.235876493E1,3.471592367E-1,-9.112331390E0,-1.165976286E0
4.236077909E1,3.112462163E-1,-9.181763649E0,-1.168370485E0
4.236273222E1,2.609679997E-1,-9.253589630E0,-1.173158884E0
4.236471586E1,2.059013397E-1,-9.320627213E0,-1.177947283E0
4.236669950E1,1.675941199E-1,-9.370905876E0,-1.180341482E0
4.236868314E1,1.532289088E-1,-9.416395187E0,-1.170764685E0
4.237060575E1,1.292868853E-1,-9.464279175E0,-1.134851575E0
4.237261991E1,9.576806426E-2,-9.528923035E0,-1.091755986E0
4.237460355E1,5.267243832E-2,-9.610325813E0,-1.048660398E0
4.237658720E1,0.000000000E0,-9.691728592E0,-9.935936928E-1
4.237857084E1,-6.464344263E-2,-9.749189377E0,-9.217676520E-1
4.238055448E1,-1.412578970E-1,-9.828198433E0,-8.379706144E-1
4.238247709E1,-2.274491638E-1,-9.911994934E0,-7.445967197E-1
4.238449125E1,-3.375824392E-1,-9.971850395E0,-6.488286853E-1
4.238644437E1,-4.548983276E-1,-1.001494598E1,-5.602431893E-1
4.238845853E1,-5.746083856E-1,-1.004607010E1,-4.764461517E-1
4.239041166E1,-6.919242740E-1,-1.005564690E1,-3.950432837E-1
4.239239530E1,-7.829039693E-1,-1.008677197E1,-3.280056417E-1
4.239431791E1,-8.667010069E-1,-1.013704967E1,-2.729389966E-1
4.239633207E1,-9.528923035E-1,-1.017775154E1,-2.202665508E-1
4.239828519E1,-1.036689281E0,-1.018972206E1,-1.747767180E-1
4.240026884E1,-1.125274777E0,-1.017775154E1,-1.268926859E-1
4.240225248E1,-1.204283476E0,-1.015620327E1,-7.422025502E-2
4.240423612E1,-1.278503656E0,-1.013944435E1,-2.394201607E-2
4.240618925E1,-1.314416766E0,-1.012986755E1,2.394201700E-3
4.240820341E1,-1.398213744E0,-1.008437729E1,7.422025502E-2
4.241015653E1,-1.417367458E0,-1.006282997E1,9.576806426E-2
4.241214017E1,-1.443703651E0,-1.001494598E1,1.316810995E-1
4.241409330E1,-1.472434044E0,-9.981427193E0,1.604115069E-1
4.241610746E1,-1.496376038E0,-9.945513725E0,1.867477298E-1
4.241806058E1,-1.501164436E0,-9.921571732E0,2.178723514E-1
4.242004423E1,-1.489193439E0,-9.895236015E0,2.370259613E-1
4.242202787E1,-1.462857246E0,-9.873687744E0,2.442085743E-1
4.242401151E1,-1.422155857E0,-9.852140427E0,2.513911724E-1
4.242593412E1,-1.381454349E0,-9.828198433E0,2.394201756E-1
4.242794828E1,-1.340752959E0,-9.811438560E0,2.130839527E-1
4.242993192E1,-1.288080573E0,-9.804255486E0,1.843535304E-1
4.243191557E1,-1.225831270E0,-9.823410034E0,1.460463107E-1
4.243383817E1,-1.134851575E0,-9.828198433E0,9.816227108E-2
4.243585233E1,-1.043871999E0,-9.823410034E0,4.309562966E-2
4.243780546E1,-9.552865028E-1,-9.821015358E0,-7.182605099E-3
4.243978910E1,-8.547300100E-1,-9.809044838E0,-5.746084079E-2
4.244177274E1,-7.445967197E-1,-9.801861763E0,-1.077390760E-1
4.244375638E1,-6.320692301E-1,-9.801861763E0,-1.651999205E-1
4.244567899E1,-5.243301988E-1,-9.792284966E0,-2.298433632E-1
4.244769315E1,-4.094084799E-1,-9.777919769E0,-2.777273953E-1
4.244964628E1,-3.016694188E-1,-9.761159897E0,-3.160346150E-1
4.245162992E1,-1.915361285E-1,-9.742006302E0,-3.471592367E-1
4.245358304E1,-9.576806426E-2,-9.737217903E0,-3.519476354E-1
4.245559721E1,-2.873042040E-2,-9.746794701E0,-3.232172430E-1
4.245751981E1,2.154781483E-2,-9.768342972E0,-2.537853718E-1
4.245953397E1,5.267243832E-2,-9.789890289E0,-1.484405100E-1
4.246151762E1,6.703764945E-2,-9.821015358E0,-2.394201700E-3
4.246347074E1,7.182604820E-2,-9.856928825E0,1.771709323E-1
4.246545438E1,7.422025502E-2,-9.890447617E0,3.950432837E-1
4.246746854E1,1.005564705E-1,-9.926360130E0,6.272808313E-1
4.246942167E1,1.604115069E-1,-9.993397713E0,8.379706144E-1
4.247143583E1,2.561795712E-1,-1.008198357E1,9.648633003E-1
4.247338895E1,3.806780577E-1,-1.018014526E1,9.888052940E-1
4.247540311E1,5.267243981E-1,-1.029267311E1,9.792284966E-1
4.247735624E1,6.799532771E-1,-1.040041256E1,9.600749016E-1
4.247933988E1,8.547300100E-1,-1.049857426E1,9.050082564E-1
4.248132352E1,1.063025594E0,-1.060391903E1,7.829039693E-1
4.248330717E1,1.278503656E0,-1.070926380E1,6.129156351E-1
4.248526029E1,1.482010841E0,-1.080024433E1,4.165911078E-1
4.248727445E1,1.666364431E0,-1.088643551E1,2.226607651E-1
4.248919706E1,1.829170108E0,-1.096304989E1,4.309562966E-2
4.249121122E1,1.987187386E0,-1.103487587E1,-1.053448766E-1
4.249316434E1,2.161964178E0,-1.112585545E1,-2.226607651E-1
4.249514799E1,2.351106167E0,-1.121922874E1,-3.208230138E-1
4.249713163E1,2.530671120E0,-1.132217979E1,-3.878606856E-1
4.249911527E1,2.691082716E0,-1.143470764E1,-4.189853072E-1
4.250103788E1,2.834734917E0,-1.154244614E1,-4.525041282E-1
4.250302152E1,2.975992680E0,-1.163342571E1,-4.740519226E-1
4.250497465E1,3.110068083E0,-1.171004009E1,-4.692635238E-1
4.250698881E1,3.217807055E0,-1.180341434E1,-4.237737060E-1
4.250891141E1,3.301604033E0,-1.190157700E1,-3.519476354E-1
4.251092558E1,3.349488258E0,-1.198776817E1,-2.442085743E-1
4.251287870E1,3.380612850E0,-1.207395935E1,-1.053448766E-1
4.251486234E1,3.390189648E0,-1.215057373E1,4.070143029E-2
4.251684598E1,3.363853455E0,-1.222718811E1,1.963245422E-1
4.251882963E1,3.296815634E0,-1.231816769E1,3.830722570E-1
4.252075224E1,3.201047659E0,-1.241872406E1,5.817909837E-1
4.252276640E1,3.064578056E0,-1.250970364E1,7.900865674E-1
4.252471952E1,2.899378300E0,-1.257195282E1,1.017535686E0
4.252670316E1,2.703053713E0,-1.261504841E1,1.290474772E0
4.252868680E1,2.482787132E0,-1.264617348E1,1.599326730E0
4.253070096E1,2.264914751E0,-1.269405746E1,1.929726601E0
4.253265409E1,2.042253971E0,-1.276109505E1,2.260126352E0
4.253463773E1,1.810016513E0,-1.284489250E1,2.590526342E0
4.253662138E1,1.568202138E0,-1.292868900E1,2.925714493E0
4.253860502E1,1.323993564E0,-1.301966858E1,3.251325846E0
4.254052762E1,1.091755986E0,-1.310585976E1,3.557783842E0
4.254254179E1,8.690952063E-1,-1.318965721E1,3.847482204E0
4.254449491E1,7.589619160E-1,-1.323275280E1,3.979163170E0
4.254647855E1,4.453215301E-1,-1.337401104E1,4.343081951E0
4.254846220E1,3.351882398E-1,-1.342428875E1,4.460397720E0
4.255047636E1,2.154781483E-2,-1.356075859E1,4.788403511E0
4.255242948E1,-7.422025502E-2,-1.359667110E1,4.886565685E0
4.255441312E1,-2.489969730E-1,-1.366131496E1,5.082890034E0
4.255636625E1,-4.022258818E-1,-1.369962215E1,5.295974255E0
4.255838041E1,-5.171475410E-1,-1.370201588E1,5.511452198E0
4.256033353E1,-6.081272364E-1,-1.367568016E1,5.738901615E0
4.256234769E1,-6.991068721E-1,-1.362300777E1,5.995080948E0
4.256430082E1,-7.733271718E-1,-1.353681660E1,6.272808552E0
4.256628446E1,-8.379706144E-1,-1.343865395E1,6.555324078E0
4.256826810E1,-8.930372596E-1,-1.332133865E1,6.835445881E0
4.257028226E1,-9.385270476E-1,-1.320402241E1,7.108384609E0
4.257223539E1,-9.840168953E-1,-1.311064816E1,7.359776020E0
4.257421903E1,-1.036689281E0,-1.304600525E1,7.572859764E0
4.257620267E1,-1.098938584E0,-1.299572659E1,7.764396191E0
4.257818632E1,-1.173158884E0,-1.296220779E1,7.946355343E0
4.258013944E1,-1.256955862E0,-1.295741940E1,8.116343498E0
4.258215360E1,-1.355118155E0,-1.297178459E1,8.245630264E0
4.258410673E1,-1.477222443E0,-1.301488018E1,8.331821442E0
4.258609037E1,-1.616086125E0,-1.307712936E1,8.401253700E0
4.258807401E1,-1.728613615E0,-1.315374374E1,8.461109161E0
4.259005766E1,-1.821987510E0,-1.323993587E1,8.506598473E0
4.259201078E1,-1.900996208E0,-1.332373238E1,8.549694061E0
4.259402494E1,-1.951274395E0,-1.341231823E1,8.556877136E0
4.259597807E1,-1.972822189E0,-1.351047993E1,8.482656479E0
4.259796171E1,-1.991975784E0,-1.361103630E1,8.293514252E0
4.259994535E1,-1.991975784E0,-1.369243908E1,7.958326340E0
4.260192899E1,-1.963245392E0,-1.375229454E1,7.501033783E0
4.260388212E1,-1.884236693E0,-1.379539013E1,6.955155849E0
4.260589628E1,-1.750161409E0,-1.383369732E1,6.337451935E0
4.260784940E1,-1.558625340E0,-1.384566879E1,5.643133640E0
4.260983304E1,-1.300051570E0,-1.385045719E1,4.862623692E0
4.261178617E1,-1.015141487E0,-1.387918758E1,4.027047157E0
4.261380033E1,-6.943184733E-1,-1.391510010E1,3.177105665E0
4.261575346E1,-3.375824392E-1,-1.396298409E1,2.367865562E0
4.261773710E1,5.506663769E-2,-1.401565647E1,1.651999116E0
4.261972074E1,4.644751251E-1,-1.408269405E1,1.007958889E0
4.262170438E1,8.619126081E-1,-1.414015484E1,4.070142806E-1
4.262365751E1,1.233013868E0,-1.420240402E1,-1.340752989E-1
4.262567167E1,1.556231141E0,-1.424310589E1,-6.129156351E-1
4.262762479E1,1.786074519E0,-1.427183628E1,-1.051054597E0
4.262960844E1,1.910573006E0,-1.428380775E1,-1.496376038E0
4.263156156E1,1.920149803E0,-1.427183628E1,-1.929726601E0
4.263357572E1,1.838746905E0,-1.424550056E1,-2.355894566E0
4.263549833E1,1.683123827E0,-1.423592377E1,-2.782062292E0
4.263751249E1,1.484405041E0,-1.423592377E1,-3.131615877E0
4.263949613E1,1.249773264E0,-1.421916389E1,-3.385401249E0
4.264147977E1,9.959878922E-1,-1.420240402E1,-3.483563423E0
4.264340238E1,7.661445141E-1,-1.420001030E1,-3.411737442E0
4.264541654E1,5.410895944E-1,-1.422155857E1,-3.213018656E0
4.264736967E1,2.968810201E-1,-1.426465416E1,-3.033453465E0
4.264935331E1,4.070143029E-2,-1.429817295E1,-2.995146275E0
4.265130643E1,-1.843535304E-1,-1.430774975E1,-3.093308687E0
4.265332059E1,-3.687070608E-1,-1.433169174E1,-3.248931646E0
4.265527372E1,-5.315127969E-1,-1.439154625E1,-3.320757866E0
4.265725736E1,-7.038952708E-1,-1.445858383E1,-3.280056238E0
4.265924100E1,-9.050082564E-1,-1.450407410E1,-3.220201254E0
4.266122465E1,-1.134851575E0,-1.449449730E1,-3.277662039E0
4.266314725E1,-1.393425345E0,-1.443224812E1,-3.438073635E0
4.266516141E1,-1.666364431E0,-1.434605694E1,-3.596091032E0
4.266711454E1,-1.915361404E0,-1.422874069E1,-3.732560396E0
4.266909818E1,-2.097320795E0,-1.406832886E1,-3.888183594E0
4.267102079E1,-2.202665567E0,-1.387200451E1,-4.086902142E0
4.267303495E1,-2.248155355E0,-1.364216137E1,-4.264073372E0
4.267498808E1,-2.279279947E0,-1.340513515E1,-4.362235546E0
4.267697172E1,-2.322375536E0,-1.316332054E1,-4.417302132E0
4.267895536E1,-2.391807556E0,-1.290953541E1,-4.477157116E0
4.268093900E1,-2.470816135E0,-1.265096188E1,-4.556165695E0
4.268289213E1,-2.530671120E0,-1.239478207E1,-4.620809078E0
4.268490629E1,-2.545036316E0,-1.214099693E1,-4.666299343E0
4.268685941E1,-2.523488522E0,-1.190157700E1,-4.675876141E0
4.268884306E1,-2.444479942E0,-1.166455078E1,-4.651933670E0
4.269082670E1,-2.250549555E0,-1.141315937E1,-4.611232281E0
4.269284086E1,-1.977610588E0,-1.116416264E1,-4.558559895E0
4.269479398E1,-1.771709204E0,-1.091037750E1,-4.498704910E0
4.269680814E1,-1.659181833E0,-1.065180302E1,-4.450820923E0
4.269876127E1,-1.520318031E0,-1.037647057E1,-4.393360138E0
4.270071439E1,-1.280897856E0,-1.010592556E1,-4.295197964E0
4.270269804E1,-9.289502501E-1,-9.861717224E0,-4.177882195E0
4.270468168E1,-5.171475410E-1,-9.665391922E0,-4.036623955E0
4.270663480E1,-3.280056417E-1,-9.595960617E0,-3.957615376E0
4.270861845E1,-2.633621916E-2,-9.526528358E0,-3.809175014E0
4.271060209E1,2.394201756E-1,-9.524134636E0,-3.761290789E0
4.271258573E1,5.410895944E-1,-9.557653427E0,-3.895366192E0
4.271453886E1,8.164227605E-1,-9.619902611E0,-4.141968727E0
4.271655302E1,8.355764151E-1,-9.708487511E0,-4.333505154E0
4.271850614E1,7.278373241E-1,-9.794678688E0,-4.302380562E0
4.272048978E1,7.805097699E-1,-9.902418137E0,-3.924096584E0
4.272247343E1,1.010353088E0,-1.003170490E1,-3.131615877E0
4.272445707E1,1.199495077E0,-1.012507915E1,-2.078166962E0
4.272641019E1,1.288080573E0,-1.017296314E1,-1.060631394E0
4.272839384E1,1.326387763E0,-1.020648193E1,-2.753331959E-1
4.273037748E1,1.326387763E0,-1.024000072E1,2.609679997E-1
4.273236112E1,1.252167463E0,-1.027591324E1,7.086837292E-1
4.273431425E1,1.084573388E0,-1.033337498E1,1.173158884E0
4.273632841E1,8.259995580E-1,-1.042195988E1,1.781286120E0
4.273828153E1,6.057330370E-1,-1.053448772E1,2.506729126E0
4.274026517E1,5.602431893E-1,-1.063743782E1,3.174711466E0
4.274224882E1,6.272808313E-1,-1.070208168E1,3.615244627E0
4.274423246E1,6.416460276E-1,-1.076911926E1,3.794809580E0
4.274618558E1,4.955997467E-1,-1.086728191E1,3.797203779E0
4.274816923E1,4.884171486E-1,-1.088643551E1,3.778050184E0
4.275015287E1,6.943184733E-1,-1.084333992E1,3.749319792E0
4.275213651E1,8.810662031E-1,-1.083615685E1,3.885789394E0
4.275408964E1,8.858546019E-1,-1.087446404E1,4.290409565E0
4.275610380E1,6.416460276E-1,-1.095107841E1,4.563348293E0
4.275805692E1,3.687070608E-1,-1.101332760E1,4.534617901E0
4.276004057E1,2.633621991E-1,-1.102529907E1,4.359841347E0
4.276202421E1,2.849099934E-1,-1.101572227E1,4.118026733E0
4.276400785E1,3.399766386E-1,-1.101093388E1,3.797203779E0
4.276596098E1,3.591302633E-1,-1.100135708E1,3.397372246E0
4.276794462E1,3.351882398E-1,-1.097262669E1,2.961627483E0
4.276992826E1,2.920926213E-1,-1.091755962E1,2.528276920E0
4.277191190E1,2.705447972E-1,-1.080263805E1,2.135627985E0
4.277386503E1,2.777273953E-1,-1.063983250E1,1.738190413E0
4.277587919E1,2.681505978E-1,-1.046984386E1,1.340752959E0
4.277783231E1,2.466027737E-1,-1.032379818E1,1.029506683E0
4.277978544E1,2.537853718E-1,-1.017775154E1,8.355764151E-1
4.278176908E1,3.399766386E-1,-9.981427193E0,6.967126727E-1
4.278375272E1,4.525041282E-1,-9.763554573E0,5.650315881E-1
4.278570585E1,5.602431893E-1,-9.564835548E0,4.094084799E-1
4.278768949E1,6.871358752E-1,-9.375694275E0,2.418143749E-1
4.278967313E1,8.451532125E-1,-9.174580574E0,7.661445439E-2
4.279165678E1,9.552865028E-1,-8.997409821E0,-7.661445439E-2
4.279357938E1,9.816226959E-1,-8.882488251E0,-1.987187415E-1
4.279559354E1,9.385270476E-1,-8.825027466E0,-2.968810201E-1
4.279754667E1,8.188169599E-1,-8.784325600E0,-3.495534360E-1
4.279953031E1,7.350199223E-1,-8.722076416E0,-3.974374831E-1
4.280145292E1,7.134721279E-1,-8.652645111E0,-4.548983276E-1
4.280346708E1,6.823474765E-1,-8.616731644E0,-5.099649429E-1
4.280545072E1,6.488286853E-1,-8.573636055E0,-5.770025849E-1
4.280743436E1,6.392518282E-1,-8.542511940E0,-6.536170840E-1
4.280935697E1,7.182605267E-1,-8.520963669E0,-7.996633649E-1
4.281137113E1,8.307880163E-1,-8.504204750E0,-9.002198577E-1
4.281332426E1,8.619126081E-1,-8.473079681E0,-7.757213712E-1
4.281530790E1,7.110779285E-1,-8.410830498E0,-5.267243981E-1
4.281729154E1,4.261679053E-1,-8.331821442E0,-3.543418646E-1
4.281927518E1,1.436520964E-1,-8.262390137E0,-3.687070608E-1
4.282122831E1,-1.436521020E-2,-8.178592682E0,-5.003881454E-1
4.282321195E1,-6.224924326E-2,-8.085219383E0,-6.296750307E-1
4.282519559E1,-8.619125932E-2,-7.984662533E0,-7.062895298E-1
4.282720975E1,-1.197100878E-1,-7.862558365E0,-7.589619160E-1
4.282916288E1,-1.364694983E-1,-7.754819393E0,-8.331822157E-1
4.283114652E1,-8.379705995E-2,-7.661445618E0,-9.337386489E-1
4.283313016E1,0.000000000E0,-7.539340973E0,-1.079784989E0
4.283511381E1,1.675941236E-2,-7.359776020E0,-1.182735682E0
4.283703641E1,-1.125274822E-1,-7.187393665E0,-1.142034173E0
4.283905058E1,-4.884171486E-1,-7.029376030E0,-9.959878922E-1
4.284100370E1,-7.565677166E-1,-6.993463039E0,-1.019929886E0
4.284298734E1,-9.600749016E-1,-7.007828236E0,-1.168370485E0
4.284497098E1,-1.134851575E0,-6.988674641E0,-1.268926859E0
4.284698515E1,-1.283292055E0,-6.936002254E0,-1.362300754E0
4.284893827E1,-1.484405041E0,-6.856993675E0,-1.460463047E0
4.285092191E1,-1.537077546E0,-6.775590897E0,-1.544260144E0
4.285290556E1,-1.362300754E0,-6.739677906E0,-1.491587639E0
4.285488920E1,-1.237802267E0,-6.751648903E0,-1.434126854E0
4.285684232E1,-1.041477680E0,-6.833051682E0,-1.300051570E0
4.285885648E1,-9.648633003E-1,-6.938396454E0,-1.240196466E0
4.286080961E1,-8.978256583E-1,-7.015010834E0,-1.264138460E0
4.286279325E1,-8.259995580E-1,-7.065289021E0,-1.240196466E0
4.286477689E1,-8.331822157E-1,-7.094019413E0,-1.163581967E0
4.286679105E1,-9.552865028E-1,-7.079654217E0,-1.285686255E0
4.286874418E1,-1.063025594E0,-7.034164429E0,-1.544260144E0
4.287072782E1,-1.082179189E0,-6.976703644E0,-1.707065821E0
4.287271146E1,-1.065419793E0,-6.902483463E0,-1.731007814E0
4.287469511E1,-1.091755986E0,-6.804321289E0,-1.714248419E0
4.287661771E1,-1.185129881E0,-6.722918510E0,-1.644816518E0
4.287863187E1,-1.292868972E0,-6.655880928E0,-1.544260144E0
4.288058500E1,-1.407790542E0,-6.581660271E0,-1.477222443E0
4.288256864E1,-1.534683347E0,-6.495469093E0,-1.426944256E0
4.288455228E1,-1.663970232E0,-6.411672115E0,-1.367089152E0
4.288653593E1,-1.781286120E0,-6.327875137E0,-1.316810966E0
4.288848905E1,-1.881842494E0,-6.236895561E0,-1.278503656E0
4.289050321E1,-1.970427990E0,-6.148310184E0,-1.247379065E0
4.289245634E1,-2.059013367E0,-6.083666325E0,-1.218648672E0
4.289443998E1,-2.147598982E0,-6.019022942E0,-1.177947283E0
4.289642362E1,-2.284068346E0,-5.997475147E0,-1.118092179E0
4.289840726E1,-2.449268341E0,-6.023811340E0,-1.084573388E0
4.290036039E1,-2.535459518E0,-6.026205540E0,-1.067813993E0
4.290237455E1,-2.509123325E0,-5.963956356E0,-1.043871999E0
4.290432767E1,-2.468421936E0,-5.858611584E0,-9.864110947E-1
4.290634183E1,-2.504334927E0,-5.770026207E0,-8.882488012E-1
4.290829496E1,-2.621650934E0,-5.698200226E0,-7.829039693E-1
4.291030912E1,-2.777273893E0,-5.631162167E0,-6.991068721E-1
4.291226224E1,-2.947262287E0,-5.564124584E0,-6.512228847E-1
4.291424589E1,-3.134010077E0,-5.504269600E0,-6.368576288E-1
4.291622953E1,-3.349488258E0,-5.465962410E0,-6.272808313E-1
4.291821317E1,-3.576937437E0,-5.461174011E0,-6.177040339E-1
4.292013578E1,-3.790021181E0,-5.458779812E0,-6.009446383E-1
4.292214994E1,-4.005499363E0,-5.456385612E0,-5.626373887E-1
4.292413358E1,-4.189853191E0,-5.465962410E0,-5.315127969E-1
4.292611723E1,-4.323928356E0,-5.461174011E0,-5.219359994E-1
4.292807035E1,-4.395754337E0,-5.410895824E0,-5.386953950E-1
4.293008451E1,-4.460397720E0,-5.346252441E0,-5.578489900E-1
4.293203764E1,-4.551377296E0,-5.303156853E0,-5.626373887E-1
4.293402128E1,-4.637568474E0,-5.272032261E0,-5.626373887E-1
4.293600492E1,-4.745307922E0,-5.255272865E0,-5.554547906E-1
4.293801908E1,-4.860229492E0,-5.255272865E0,-5.482721925E-1
4.293994169E1,-4.881777287E0,-5.195417881E0,-5.793967843E-1
4.294195585E1,-4.869806290E0,-5.087678432E0,-6.129156351E-1
4.294390897E1,-4.920084476E0,-5.011064053E0,-6.416460276E-1
4.294589262E1,-5.023035049E0,-4.967968464E0,-6.488286853E-1
4.294784574E1,-5.114014626E0,-4.939238071E0,-6.224924326E-1
4.294985990E1,-5.149928093E0,-4.884171486E0,-5.961562395E-1
4.295181303E1,-5.109226227E0,-4.786009312E0,-5.961562395E-1
4.295379667E1,-5.039794445E0,-4.692635536E0,-5.961562395E-1
4.295578031E1,-4.982333660E0,-4.632780075E0,-5.937620401E-1
4.295776395E1,-4.955997467E0,-4.606443882E0,-5.865794420E-1
4.295971708E1,-4.963180065E0,-4.625597477E0,-5.698199868E-1
4.296173124E1,-4.979939461E0,-4.678270340E0,-5.339069963E-1
4.296368436E1,-4.972756863E0,-4.745307922E0,-4.908113480E-1
4.296566801E1,-4.908113480E0,-4.795586109E0,-4.501099288E-1
4.296762113E1,-4.781220913E0,-4.817133904E0,-4.141969085E-1
4.296963529E1,-4.637568474E0,-4.831499100E0,-3.902548850E-1
4.297155790E1,-4.503493309E0,-4.841075897E0,-3.639186621E-1
4.297357206E1,-4.383783340E0,-4.850652695E0,-3.280056417E-1
4.297555570E1,-4.244919777E0,-4.874594688E0,-2.825157940E-1
4.297753934E1,-4.096478939E0,-4.920084476E0,-2.298433632E-1
4.297949247E1,-3.986345768E0,-4.967968464E0,-1.867477298E-1
4.298150663E1,-3.916913986E0,-4.996698856E0,-1.316810995E-1
4.298342924E1,-3.869029999E0,-5.011064053E0,-7.182604820E-2
4.298544340E1,-3.830722809E0,-5.025429249E0,-7.182605099E-3
4.298742704E1,-3.804386616E0,-5.039794445E0,6.224924326E-2
4.298944120E1,-3.751713991E0,-5.051765442E0,1.268926859E-1
4.299139432E1,-3.687070608E0,-5.051765442E0,1.795651317E-1
4.299340848E1,-3.620033026E0,-5.039794445E0,2.202665508E-1
4.299536161E1,-3.557783842E0,-5.032611847E0,2.585737705E-1
4.299734525E1,-3.490746021E0,-5.027823448E0,2.825157940E-1
4.299932890E1,-3.392583847E0,-5.011064053E0,2.944868207E-1
4.300131254E1,-3.282450438E0,-4.996698856E0,3.088520169E-1
4.300326566E1,-3.165134668E0,-4.989516258E0,3.447650373E-1
4.300524930E1,-3.052607059E0,-4.991910458E0,3.806780577E-1
4.300723295E1,-2.954444885E0,-5.008669853E0,4.285621047E-1
4.300921659E1,-2.861071110E0,-5.039794445E0,4.620809257E-1
4.301116972E1,-2.765302896E0,-5.070919037E0,4.740519226E-1
4.301318388E1,-2.683900118E0,-5.116408825E0,4.740519226E-1
4.301513700E1,-2.597708941E0,-5.166687489E0,4.740519226E-1
4.301709012E1,-2.477998734E0,-5.219359875E0,4.740519226E-1
4.301907377E1,-2.346317768E0,-5.279214859E0,4.979939461E-1
4.302105741E1,-2.217030764E0,-5.353435040E0,5.506663918E-1
4.302301054E1,-2.152387381E0,-5.401319027E0,5.937620401E-1
4.302499418E1,-2.023100376E0,-5.494692802E0,6.991068721E-1
4.302697782E1,-1.879448295E0,-5.576095581E0,8.212111592E-1
4.302893095E1,-1.704671621E0,-5.655104637E0,9.959878922E-1
4.303091459E1,-1.527500629E0,-5.760449409E0,1.230619669E0
4.303289823E1,-1.376665950E0,-5.896918774E0,1.501164436E0
4.303482084E1,-1.247379065E0,-6.040570736E0,1.776497602E0
4.303683500E1,-1.122880578E0,-6.186617374E0,2.025494576E0
4.303881864E1,-1.036689281E0,-6.363788128E0,2.260126352E0
4.304080228E1,-9.816226959E-1,-6.579266071E0,2.492363930E0
4.304272489E1,-9.552865028E-1,-6.837840080E0,2.736572504E0
4.304473905E1,-8.978256583E-1,-7.110779285E0,3.009511471E0
4.304672269E1,-7.876923680E-1,-7.366958618E0,3.296815634E0
4.304870634E1,-6.320692301E-1,-7.596801758E0,3.598485231E0
4.305068998E1,-4.620809257E-1,-7.805097580E0,3.907337189E0
4.305270414E1,-2.968810201E-1,-7.987056732E0,4.218583584E0
4.305465726E1,-1.508347094E-1,-8.157045364E0,4.560954094E0
4.305664091E1,-5.027823523E-2,-8.350975990E0,4.912901878E0
4.305862455E1,0.000000000E0,-8.583212852E0,5.276820660E0
4.306060819E1,7.661445439E-2,-8.836998940E0,5.652710438E0
4.306256132E1,2.609679997E-1,-9.105149269E0,6.030993938E0
4.306454496E1,4.716577232E-1,-9.392453194E0,6.416460514E0
4.306652860E1,5.650315881E-1,-9.708487511E0,6.861782074E0
4.306854276E1,5.937620401E-1,-1.005564690E1,7.366958618E0
4.307049589E1,6.464344859E-1,-1.040998936E1,7.867346764E0
4.307251005E1,7.541735172E-1,-1.077390766E1,8.346187592E0
4.307446317E1,8.882488012E-1,-1.117852783E1,8.858546257E0
4.307644682E1,9.600749016E-1,-1.165257931E1,9.409213066E0
4.307843046E1,1.000776291E0,-1.217690945E1,9.981427193E0
4.308041410E1,1.096544385E0,-1.273475838E1,1.054645824E1
4.308236723E1,1.276109457E0,-1.333570385E1,1.108515358E1
4.308438138E1,1.510741234E0,-1.396537876E1,1.163103199E1
4.308633451E1,1.788468719E0,-1.460463047E1,1.215775585E1
4.308831815E1,2.109291792E0,-1.520078659E1,1.256237602E1
4.309027128E1,2.513911724E0,-1.576103020E1,1.302206326E1
4.309228544E1,2.930502892E0,-1.633803177E1,1.338358784E1
4.309423856E1,3.349488258E0,-1.694855309E1,1.361343098E1
4.309625272E1,3.739742994E0,-1.753273964E1,1.375947762E1
4.309820585E1,4.101267338E0,-1.806904030E1,1.383130360E1
4.310018949E1,4.525041103E0,-1.851675606E1,1.386242771E1
4.310217313E1,4.927267075E0,-1.892377090E1,1.384327412E1
4.310418729E1,5.260061264E0,-1.929008293E1,1.376187134E1
4.310614042E1,5.528211594E0,-1.956781006E1,1.363018990E1
4.310812406E1,5.688623428E0,-1.976652908E1,1.346738434E1
4.311010770E1,5.731719017E0,-1.987666321E1,1.323754120E1
4.311209135E1,5.714959621E0,-1.985032654E1,1.293826580E1
4.311404447E1,5.681440830E0,-1.966118431E1,1.263899040E1
4.311605863E1,5.616796970E0,-1.930205345E1,1.232774448E1
4.311801176E1,5.528211594E0,-1.878969574E1,1.197579670E1
4.311999540E1,5.389348030E0,-1.816480827E1,1.156878281E1
4.312194852E1,5.157110691E0,-1.749921989E1,1.112585545E1
4.312396268E1,4.917690277E0,-1.678574753E1,1.063743782E1
4.312591581E1,4.673481941E0,-1.605072784E1,1.011071396E1
4.312789945E1,4.357447147E0,-1.535162163E1,9.600749016E0
4.312988309E1,3.960009575E0,-1.468842697E1,9.124302864E0
4.313186674E1,3.483563423E0,-1.406354046E1,8.678980827E0
4.313381986E1,2.949656487E0,-1.347935581E1,8.245630264E0
4.313583402E1,2.360682964E0,-1.295263100E1,7.831433773E0
4.313778715E1,1.817199111E0,-1.245703125E1,7.414842606E0
4.313980131E1,1.367089152E0,-1.196143150E1,6.979097843E0
4.314172391E1,8.427590132E-1,-1.151611042E1,6.560112476E0
4.314373808E1,2.442085743E-1,-1.112824917E1,6.112396717E0
4.314569120E1,-3.327940404E-1,-1.079066753E1,5.655104637E0
4.314767484E1,-8.643068075E-1,-1.047942066E1,5.219359875E0
4.314965848E1,-1.393425345E0,-1.020648193E1,4.850652695E0
4.315164213E1,-1.912967205E0,-9.981427193E0,4.589684486E0
4.315359525E1,-2.387019157E0,-9.787496567E0,4.410119534E0
4.315560941E1,-2.841917515E0,-9.615114212E0,4.285621166E0
4.315756254E1,-3.236960649E0,-9.442731857E0,4.194641590E0
4.315954618E1,-3.569754839E0,-9.289502144E0,4.101267338E0
4.316149930E1,-3.895366192E0,-9.153033257E0,4.007893562E0
4.316351346E1,-4.187458992E0,-9.016563416E0,3.854664803E0
4.316546659E1,-4.434061527E0,-8.863334656E0,3.603273630E0
4.316745023E1,-4.635174274E0,-8.683769226E0,3.236960649E0
4.316943388E1,-4.726154327E0,-8.461109161E0,2.734178305E0
4.317141752E1,-4.747702122E0,-8.221688271E0,2.056619167E0
4.317334012E1,-4.778826714E0,-8.056488991E0,1.259350061E0
4.317535429E1,-4.879383087E0,-8.044517517E0,5.626373887E-1
4.317730741E1,-5.027823448E0,-8.192957878E0,9.576806799E-3
4.317929105E1,-5.169081688E0,-8.463502884E0,-4.453215301E-1
4.318127470E1,-5.284003258E0,-8.841787338E0,-8.259995580E-1
4.318325834E1,-5.370194435E0,-9.327810287E0,-1.127668977E0
4.318521146E1,-5.408501625E0,-9.888052940E0,-1.386242747E0
4.318722562E1,-5.300762653E0,-1.044350815E1,-1.731007814E0
4.318917875E1,-5.195417881E0,-1.070926380E1,-1.968033791E0
4.319116239E1,-4.814739704E0,-1.149216843E1,-2.968810081E0
4.319314603E1,-4.680664539E0,-1.174595356E1,-3.402160645E0
4.319512968E1,-4.436455727E0,-1.226788998E1,-4.378994942E0
4.319705228E1,-4.266467571E0,-1.284010410E1,-5.422866821E0
4.319906644E1,-4.141968727E0,-1.345541382E1,-6.426037312E0
4.320101957E1,-4.027047157E0,-1.407551193E1,-7.261613846E0
4.320300321E1,-3.957615376E0,-1.469321537E1,-7.922413349E0
4.320495634E1,-3.933673382E0,-1.532528496E1,-8.470685959E0
4.320697050E1,-3.931279182E0,-1.597650814E1,-8.858546257E0
4.320889310E1,-3.933673382E0,-1.660618210E1,-9.088389397E0
4.321090726E1,-3.900154591E0,-1.712572479E1,-9.155426979E0
4.321289091E1,-3.871424198E0,-1.756865120E1,-9.131484985E0
4.321487455E1,-3.854664803E0,-1.789426422E1,-9.045293808E0
4.321679716E1,-3.840299606E0,-1.806904030E1,-8.911218643E0
4.321881132E1,-3.842693806E0,-1.816720200E1,-8.671798706E0
4.322076444E1,-3.840299606E0,-1.816002083E1,-8.358158112E0
4.322274808E1,-3.778050184E0,-1.801157951E1,-8.010998726E0
4.322467069E1,-3.665522814E0,-1.776258278E1,-7.644686222E0
4.322668485E1,-3.562572241E0,-1.742021179E1,-7.252037048E0
4.322863798E1,-3.442862034E0,-1.697967911E1,-6.806715488E0
4.323062162E1,-3.241749048E0,-1.641704178E1,-6.330269337E0
4.323260526E1,-2.873042107E0,-1.574187660E1,-5.813121796E0
4.323458890E1,-2.336740971E0,-1.501164436E1,-5.188235283E0
4.323651151E1,-1.771709204E0,-1.426465416E1,-4.388571739E0
4.323852567E1,-1.266532660E0,-1.348893261E1,-3.332728863E0
4.324047880E1,-7.350199223E-1,-1.264377880E1,-2.044648170E0
4.324246244E1,-1.436520964E-1,-1.168130970E1,-6.655880809E-1
4.324441557E1,5.027823448E-1,-1.064701462E1,5.458779931E-1
4.324642973E1,1.180341482E0,-9.617507935E0,1.410184860E0
4.324838285E1,1.824381709E0,-8.671798706E0,1.884236693E0
4.325036649E1,2.370259762E0,-7.833827972E0,1.946485996E0
4.325235014E1,2.722207308E0,-7.105990410E0,1.625662923E0
4.325433378E1,2.861071110E0,-6.495469093E0,1.003170490E0
4.325628690E1,2.829946518E0,-5.992686749E0,1.580173075E-1
4.325830106E1,2.700659513E0,-5.597643375E0,-8.236053586E-1
4.326025419E1,2.489969730E0,-5.298368454E0,-1.831564307E0
4.326226835E1,2.200271368E0,-5.123591423E0,-2.755726099E0
4.326422147E1,1.877054095E0,-5.063736439E0,-3.514688015E0
4.326623563E1,1.575384736E0,-5.082890034E0,-4.077325344E0
4.326818876E1,1.331176162E0,-5.133168221E0,-4.390965939E0
4.327017240E1,1.130063176E0,-5.183446884E0,-4.429273129E0
4.327215604E1,1.015141487E0,-5.228936672E0,-4.242525578E0
4.327413969E1,9.361328483E-1,-5.269638062E0,-3.902548790E0
4.327606229E1,8.379706144E-1,-5.300762653E0,-3.464409828E0
4.327807645E1,7.493851185E-1,-5.310339451E0,-3.004723072E0
4.328002958E1,6.655880809E-1,-5.324704647E0,-2.573766708E0
4.328201322E1,4.812345505E-1,-5.329493046E0,-2.224213362E0
4.328393583E1,2.346317619E-1,-5.327098846E0,-1.965639591E0
4.328594999E1,5.746084079E-2,-5.358223438E0,-1.766920805E0
4.328790311E1,-1.675941236E-2,-5.396530628E0,-1.671152830E0
4.328988676E1,-4.788403213E-2,-5.413290024E0,-1.683123827E0
4.329187040E1,-5.985504389E-2,-5.427655220E0,-1.738190413E0
4.329385404E1,-1.244984865E-1,-5.475539207E0,-1.826775908E0
4.329580717E1,-2.849099934E-1,-5.573701382E0,-1.968033791E0
4.329779081E1,-5.051765442E-1,-5.734113216E0,-2.193088770E0
4.329974393E1,-6.919242740E-1,-5.983109951E0,-2.468421936E0
4.330175809E1,-7.613561153E-1,-6.306327343E0,-2.789244890E0
4.330371122E1,-8.283938169E-1,-6.698976517E0,-3.064578056E0
4.330569486E1,-9.816226959E-1,-7.144298077E0,-3.244143248E0
4.330767850E1,-1.086967587E0,-7.608773232E0,-3.392583847E0
4.330966215E1,-1.060631394E0,-8.087613106E0,-3.509899616E0
4.331158475E1,-9.097966552E-1,-8.571242332E0,-3.605667830E0
4.331359891E1,-6.607996821E-1,-9.050082207E0,-3.682282209E0
4.331555204E1,-3.519476354E-1,-9.504981041E0,-3.751713991E0
4.331753568E1,-9.576806799E-3,-9.914389610E0,-3.830722809E0
4.331948881E1,1.484405100E-1,-1.010113716E1,-3.864241600E0
4.332150297E1,5.075707436E-1,-1.059913063E1,-3.854664803E0
4.332345609E1,5.961562395E-1,-1.073560047E1,-3.804386616E0
4.332543974E1,7.302315235E-1,-1.096544361E1,-3.646369219E0
4.332742338E1,8.427590132E-1,-1.116176796E1,-3.469198227E0
4.332940702E1,9.624691010E-1,-1.133415127E1,-3.292027235E0
4.333132963E1,1.134851575E0,-1.147062016E1,-3.100491285E0
4.333334379E1,1.374271750E0,-1.157835960E1,-2.892195702E0
4.333529691E1,1.606509328E0,-1.166455078E1,-2.607285738E0
4.333728056E1,1.783680320E0,-1.174116516E1,-2.219424963E0
4.333926420E1,1.980004787E0,-1.181299114E1,-1.821987510E0
4.334127836E1,2.217030764E0,-1.186087513E1,-1.403002143E0
4.334323148E1,2.463633537E0,-1.187284660E1,-9.457096457E-1
4.334521512E1,2.679111719E0,-1.186326981E1,-4.764461517E-1
4.334716825E1,2.858676910E0,-1.183214474E1,2.633621916E-2
4.334918241E1,2.995146275E0,-1.179144382E1,5.147533417E-1
4.335113554E1,3.138798475E0,-1.175792408E1,9.313444495E-1
4.335314970E1,3.390189648E0,-1.171961689E1,1.271321058E0
4.335510282E1,3.751713991E0,-1.166215611E1,1.520318031E0
4.335708646E1,4.101267338E0,-1.162384892E1,1.687912226E0
4.335907011E1,4.414907932E0,-1.157835960E1,1.783680320E0
4.336108427E1,4.673481941E0,-1.149695683E1,1.836352706E0
4.336303739E1,4.821922302E0,-1.138921738E1,1.922544003E0
4.336502103E1,4.896142483E0,-1.125274754E1,2.008735180E0
4.336697416E1,5.049371243E0,-1.108515358E1,2.082955360E0
4.336898832E1,5.300762653E0,-1.088643551E1,2.157175779E0
4.337094144E1,5.564124584E0,-1.067095661E1,2.240972757E0
4.337295560E1,5.767632008E0,-1.046505547E1,2.303221941E0
4.337490873E1,5.868188381E0,-1.027112484E1,2.336740971E0
4.337689237E1,5.858611584E0,-1.010353088E1,2.389413357E0
4.337884550E1,5.748478413E0,-9.943120003E0,2.518700123E0
4.338085966E1,5.535394192E0,-9.806650162E0,2.674323320E0
4.338281278E1,5.221754074E0,-9.689333916E0,2.810792685E0
4.338482694E1,4.891354084E0,-9.605537415E0,2.868253708E0
4.338678007E1,4.575319290E0,-9.548076630E0,2.772485495E0
4.338876371E1,4.201824188E0,-9.490615845E0,2.607285738E0
4.339074735E1,3.739742994E0,-9.440337181E0,2.475604534E0
4.339273099E1,3.248931646E0,-9.397241592E0,2.394201756E0
4.339468412E1,2.748543501E0,-9.392453194E0,2.327163935E0
4.339669828E1,2.221819162E0,-9.447520256E0,2.288856745E0
4.339865140E1,1.659181833E0,-9.572018623E0,2.260126352E0
4.340063505E1,1.072602391E0,-9.713275909E0,2.243366957E0
4.340258817E1,4.572925270E-1,-9.782708168E0,2.209848166E0
4.340460233E1,-1.843535304E-1,-9.765948296E0,2.149993181E0
4.340655546E1,-7.493851185E-1,-9.689333916E0,2.080561161E0
4.340853910E1,-1.194706678E0,-9.624691010E0,2.008735180E0
4.341052274E1,-1.549048543E0,-9.593565941E0,1.984793186E0
4.341250638E1,-1.865083098E0,-9.572018623E0,1.984793186E0
4.341445951E1,-2.173935175E0,-9.557653427E0,1.960851192E0
4.341644315E1,-2.487575531E0,-9.567230225E0,1.927332401E0
4.341842680E1,-2.782062292E0,-9.579200745E0,1.948880196E0
4.342041044E1,-3.050212860E0,-9.560047150E0,2.006340981E0
4.342233304E1,-3.294421434E0,-9.500192642E0,2.027888775E0
4.342434721E1,-3.490746021E0,-9.430760384E0,1.922544003E0
4.342630033E1,-3.646369219E0,-9.354146004E0,1.692700624E0
4.342828397E1,-3.792415380E0,-9.284713745E0,1.393425345E0
4.343026762E1,-3.902548790E0,-9.203310966E0,1.110909581E0
4.343225126E1,-3.948038578E0,-9.126696587E0,9.074024558E-1
4.343420438E1,-3.909731388E0,-9.057265282E0,7.733271718E-1
4.343618803E1,-3.813963413E0,-9.006986618E0,6.607996821E-1
4.343817167E1,-3.696647406E0,-8.959102631E0,5.698199868E-1
4.344015531E1,-3.579331636E0,-8.904036522E0,5.171475410E-1
4.344207792E1,-3.435679436E0,-8.846575737E0,4.788403511E-1
4.344409208E1,-3.241749048E0,-8.791508675E0,4.860229492E-1
4.344604520E1,-3.031059265E0,-8.731653214E0,5.746083856E-1
4.344802885E1,-2.798821688E0,-8.695740700E0,6.631938815E-1
4.345001249E1,-2.571372509E0,-8.700529099E0,7.158663273E-1
4.345202665E1,-2.375048161E0,-8.741230011E0,7.374141216E-1
4.345397977E1,-2.197877169E0,-8.769960403E0,7.374141216E-1
4.345596342E1,-1.999158382E0,-8.769960403E0,7.086837292E-1
4.345794706E1,-1.774103403E0,-8.777143478E0,6.464344859E-1
4.345996122E1,-1.515529633E0,-8.789113998E0,5.578489900E-1
4.346191434E1,-1.199495077E0,-8.808267593E0,4.716577232E-1
4.346389799E1,-8.547300100E-1,-8.832210541E0,4.237737060E-1
4.346585111E1,-5.171475410E-1,-8.856152534E0,3.950432837E-1
4.346786527E1,-1.915361285E-1,-8.880094528E0,3.423708379E-1
4.346981840E1,1.125274822E-1,-8.906430244E0,2.777273953E-1
4.347183256E1,4.094084799E-1,-8.932766914E0,2.082955539E-1
4.347378568E1,7.254431248E-1,-8.954314232E0,1.699883193E-1
4.347576932E1,1.043871999E0,-8.995016098E0,1.292868853E-1
4.347772245E1,1.340752959E0,-9.038111687E0,8.619125932E-2
4.347973661E1,1.625662923E0,-9.066842079E0,5.027823523E-2
4.348168974E1,1.905784607E0,-9.085995674E0,-4.788403399E-3
4.348367338E1,2.171540976E0,-9.109937668E0,-9.097966552E-2
4.348565702E1,2.422932148E0,-9.129091263E0,-1.843535304E-1
4.348764066E1,2.542642117E0,-9.143456459E0,-2.298433632E-1
4.348956327E1,2.750937700E0,-9.181763649E0,-3.040636182E-1
4.349154691E1,2.935291290E0,-9.217676163E0,-3.591302633E-1
4.349353056E1,3.107673883E0,-9.246406555E0,-4.094084799E-1
4.349551420E1,3.241749048E0,-9.258378029E0,-4.668693244E-1
4.349746732E1,3.342305660E0,-9.241618156E0,-5.267243981E-1
4.349945096E1,3.414131641E0,-9.217676163E0,-5.746083856E-1
4.350143461E1,3.445256233E0,-9.200917244E0,-6.105214357E-1
4.350341825E1,3.462015629E0,-9.184157372E0,-6.512228847E-1
4.350537138E1,3.464409828E0,-9.162610054E0,-6.847416759E-1
4.350738554E1,3.423708439E0,-9.129091263E0,-7.062895298E-1
4.350933866E1,3.354276657E0,-9.100360870E0,-7.302315235E-1
4.351132230E1,3.244143248E0,-9.083600998E0,-7.565677166E-1
4.351330595E1,3.074155092E0,-9.083600998E0,-7.900865674E-1
4.351528959E1,2.863465309E0,-9.074024200E0,-8.283938169E-1
4.351724271E1,2.647987127E0,-9.050082207E0,-8.667010069E-1
4.351922636E1,2.422932148E0,-9.011775017E0,-8.882488012E-1
4.352121000E1,2.188300371E0,-8.971074104E0,-9.050082564E-1
4.352319364E1,1.956062794E0,-8.932766914E0,-9.289502501E-1
4.352514677E1,1.728613615E0,-8.908824921E0,-9.457096457E-1
4.352716093E1,1.498770237E0,-8.882488251E0,-9.504981041E-1
4.352911405E1,1.273715258E0,-8.853757858E0,-9.552865028E-1
4.353106718E1,1.072602391E0,-8.832210541E0,-9.672574997E-1
4.353305082E1,8.882488012E-1,-8.815450668E0,-9.816226959E-1
4.353503446E1,7.158663273E-1,-8.796297073E0,-9.911994934E-1
4.353698759E1,5.482721925E-1,-8.779537201E0,-9.935936928E-1
4.353897123E1,3.878606856E-1,-8.762778282E0,-9.816226959E-1
4.354095487E1,2.394201756E-1,-8.729259491E0,-9.696516991E-1
4.354296903E1,1.053448766E-1,-8.688557625E0,-9.648633003E-1
4.354492216E1,-4.788403399E-3,-8.652645111E0,-9.792284966E-1
4.354693632E1,-9.097966552E-2,-8.619126320E0,-9.983820915E-1
4.354888944E1,-1.580173075E-1,-8.583212852E0,-1.036689281E0
4.355087308E1,-2.082955539E-1,-8.559270859E0,-1.086967587E0
4.355285673E1,-2.370259613E-1,-8.552088737E0,-1.122880578E0
4.355484037E1,-2.537853718E-1,-8.561665535E0,-1.173158884E0
4.355679349E1,-2.681505978E-1,-8.568847656E0,-1.249773264E0
4.355877714E1,-2.753331959E-1,-8.585607529E0,-1.333570361E0
4.356076078E1,-2.609679997E-1,-8.602366447E0,-1.414973259E0
4.356277494E1,-2.226607651E-1,-8.602366447E0,-1.501164436E0
4.356472807E1,-1.819593310E-1,-8.604761124E0,-1.594538331E0
4.356674223E1,-1.412578970E-1,-8.626308441E0,-1.709460020E0
4.356869535E1,-1.053448766E-1,-8.647856712E0,-1.819593310E0
4.357064848E1,-7.900865376E-2,-8.664615631E0,-1.915361404E0
4.357263212E1,-5.985504389E-2,-8.690952301E0,-1.994369984E0
4.357461576E1,-2.633621916E-2,-8.726864815E0,-2.066195965E0
4.357656888E1,2.154781483E-2,-8.765172005E0,-2.123656988E0
4.357858304E1,7.182604820E-2,-8.798690796E0,-2.173935175E0
4.358053617E1,1.388636976E-1,-8.836998940E0,-2.236184359E0
4.358251981E1,2.059013397E-1,-8.868123055E0,-2.305616140E0
4.358450346E1,2.466027737E-1,-8.906430244E0,-2.365471363E0
4.358648710E1,2.681505978E-1,-8.942343712E0,-2.420537949E0
4.358840971E1,2.777273953E-1,-8.966285706E0,-2.463633537E0
4.359042387E1,2.849099934E-1,-8.999804497E0,-2.477998734E0
4.359237699E1,2.825157940E-1,-9.042900085E0,-2.468421936E0
4.359436063E1,2.729389966E-1,-9.078812599E0,-2.444479942E0
4.359634428E1,2.609679997E-1,-9.105149269E0,-2.398990154E0
4.359835844E1,2.537853718E-1,-9.148244858E0,-2.341529369E0
4.360031156E1,2.418143749E-1,-9.191340446E0,-2.264914751E0
4.360229520E1,2.130839527E-1,-9.236829758E0,-2.169146776E0
4.360427885E1,1.699883193E-1,-9.291896820E0,-2.063801765E0
4.360626249E1,1.125274822E-1,-9.346963882E0,-1.960851192E0
4.360818510E1,4.788403213E-2,-9.399636269E0,-1.872265697E0
4.361019926E1,-3.591302410E-2,-9.445125580E0,-1.798045516E0
4.361218290E1,-1.221042871E-1,-9.490615845E0,-1.723825216E0
4.361416654E1,-1.843535304E-1,-9.536105156E0,-1.642422318E0
4.361608915E1,-2.370259613E-1,-9.586383820E0,-1.546654344E0
4.361810331E1,-2.968810201E-1,-9.641449928E0,-1.458068848E0
4.362008695E1,-3.639186621E-1,-9.706093788E0,-1.376665950E0
4.362207059E1,-4.333505034E-1,-9.765948296E0,-1.295263171E0
4.362405424E1,-4.836287498E-1,-9.823410034E0,-1.216254473E0
4.362606840E1,-5.291185975E-1,-9.890447617E0,-1.142034173E0
4.362802152E1,-5.817909837E-1,-9.945513725E0,-1.060631394E0
4.363000516E1,-6.320692301E-1,-9.998186111E0,-9.744400978E-1
4.363198881E1,-6.679822803E-1,-1.005085850E1,-8.858546019E-1
4.363397245E1,-6.943184733E-1,-1.011550236E1,-8.044517636E-1
4.363595609E1,-7.158663273E-1,-1.016817474E1,-7.422025204E-1
4.363793974E1,-7.254431248E-1,-1.021366405E1,-6.847416759E-1
4.363992338E1,-7.134721279E-1,-1.026154804E1,-6.320692301E-1
4.364187650E1,-7.038952708E-1,-1.029506683E1,-5.746083856E-1
4.364386015E1,-6.943184733E-1,-1.032858658E1,-5.195417404E-1
4.364587430E1,-6.847416759E-1,-1.035971069E1,-4.812345505E-1
4.364782743E1,-6.727706790E-1,-1.037407589E1,-4.548983276E-1
4.364981107E1,-6.512228847E-1,-1.039562416E1,-4.261679053E-1
4.365179472E1,-6.224924326E-1,-1.041717148E1,-3.974374831E-1
4.365377836E1,-6.033388376E-1,-1.043153667E1,-3.854664862E-1
4.365573148E1,-5.626373887E-1,-1.045308495E1,-3.663128614E-1
4.365771512E1,-5.195417404E-1,-1.048420906E1,-3.447650373E-1
4.365969877E1,-4.764461517E-1,-1.051293945E1,-3.208230138E-1
4.366165189E1,-4.118026793E-1,-1.054406452E1,-2.968810201E-1
4.366363554E1,-3.399766386E-1,-1.057518864E1,-2.801215947E-1
4.366564970E1,-2.609679997E-1,-1.060391903E1,-2.825157940E-1
4.366760282E1,-1.747767180E-1,-1.063264942E1,-2.825157940E-1
4.366958646E1,-7.900865376E-2,-1.064701462E1,-2.825157940E-1
4.367157011E1,2.394201607E-2,-1.067335129E1,-2.896983922E-1
4.367355375E1,1.292868853E-1,-1.069011021E1,-2.896983922E-1
4.367550687E1,2.346317619E-1,-1.068053341E1,-2.992752194E-1
4.367749052E1,3.471592367E-1,-1.065419769E1,-2.968810201E-1
4.367941312E1,4.525041282E-1,-1.062067890E1,-2.968810201E-1
4.368142728E1,5.458779931E-1,-1.057758331E1,-2.992752194E-1
4.368338041E1,6.248866320E-1,-1.052251625E1,-2.920926213E-1
4.368536405E1,6.943184733E-1,-1.046026707E1,-2.681505978E-1
4.368734769E1,7.469909191E-1,-1.040041256E1,-2.250549644E-1
4.368933134E1,7.709329724E-1,-1.035731697E1,-1.340752989E-1
4.369125394E1,7.637503147E-1,-1.032619190E1,0.000000000E0
4.369326810E1,7.326257229E-1,-1.031422138E1,1.699883193E-1
4.369522123E1,6.871358752E-1,-1.031661510E1,3.854664862E-1
4.369720487E1,6.296750307E-1,-1.033337498E1,6.344634295E-1
4.369912748E1,5.554547906E-1,-1.036210537E1,8.930372596E-1
4.370114164E1,4.716577232E-1,-1.041477776E1,1.132457376E0
4.370309476E1,3.974374831E-1,-1.049857426E1,1.352723956E0
4.370507841E1,3.543418646E-1,-1.060631371E1,1.549048543E0
4.370706205E1,3.303998411E-1,-1.071884060E1,1.680729628E0
4.370904569E1,3.184288144E-1,-1.081700325E1,1.723825216E0
4.371099882E1,3.495534360E-1,-1.091995430E1,1.697489023E0
4.371298246E1,4.213795066E-1,-1.102769279E1,1.651999116E0
4.371496610E1,5.363011956E-1,-1.113782597E1,1.563413739E0
4.371698026E1,6.871358752E-1,-1.124317074E1,1.424550056E0
4.371893339E1,8.547300100E-1,-1.133654499E1,1.266532660E0
4.372091703E1,1.043871999E0,-1.144428444E1,1.082179189E0
4.372287016E1,1.259350061E0,-1.156878281E1,8.906430602E-1
4.372488432E1,1.491587639E0,-1.171004009E1,7.110779285E-1
4.372683744E1,1.719036818E0,-1.183932781E1,5.410895944E-1
4.372885160E1,1.932120800E0,-1.194706631E1,3.926490843E-1
4.373077421E1,2.147598982E0,-1.204283428E1,2.825157940E-1
4.373278837E1,2.370259762E0,-1.214339066E1,2.154781520E-1
4.373477201E1,2.561795712E0,-1.222479343E1,1.987187415E-1
4.373675565E1,2.741360903E0,-1.228943729E1,2.274491638E-1
4.373873930E1,2.923320293E0,-1.236605167E1,2.896983922E-1
4.374072294E1,3.107673883E0,-1.246660805E1,3.806780577E-1
4.374267606E1,3.277662039E0,-1.256237602E1,4.908113480E-1
4.374465971E1,3.435679436E0,-1.266532707E1,6.248866320E-1
4.374664335E1,3.574543238E0,-1.278503704E1,7.924807668E-1
4.374865751E1,3.675099611E0,-1.293347740E1,9.911994934E-1
4.375061063E1,3.744531393E0,-1.311783123E1,1.211466074E0
4.375259428E1,3.763684988E0,-1.331894398E1,1.436521053E0
4.375457792E1,3.751713991E0,-1.353921032E1,1.651999116E0
4.375659208E1,3.694253206E0,-1.376665974E1,1.869871497E0
4.375854520E1,3.591302633E0,-1.399171448E1,2.092532396E0
4.376052885E1,3.471592426E0,-1.421198082E1,2.303221941E0
4.376248197E1,3.325546265E0,-1.441788292E1,2.504334927E0
4.376446561E1,3.148375273E0,-1.459744740E1,2.726995707E0
4.376641874E1,2.952050686E0,-1.474588871E1,2.978386879E0
4.376843290E1,2.743755102E0,-1.487756920E1,3.268085241E0
4.377038602E1,2.530671120E0,-1.498052025E1,3.586514235E0
4.377236967E1,2.324769735E0,-1.504037476E1,3.928884983E0
4.377435331E1,2.130839586E0,-1.504755783E1,4.302380562E0
4.377636747E1,1.941697598E0,-1.500925064E1,4.699818134E0
4.377832059E1,1.754949808E0,-1.494221306E1,5.104437828E0
4.378033475E1,1.580173135E0,-1.486320400E1,5.506663799E0
4.378228788E1,1.405396342E0,-1.479137802E1,5.887341976E0
4.378427152E1,1.233013868E0,-1.472673512E1,6.217741966E0
4.378625516E1,1.084573388E0,-1.468124485E1,6.485892296E0
4.378823881E1,9.648633003E-1,-1.466209126E1,6.694188118E0
4.379016141E1,8.714894056E-1,-1.469321537E1,6.833051682E0
4.379217558E1,7.900865674E-1,-1.477461910E1,6.907271862E0
4.379412870E1,7.110779285E-1,-1.490629959E1,6.933608055E0
4.379611234E1,6.464344859E-1,-1.506192303E1,6.924031258E0
4.379806547E1,5.817909837E-1,-1.524148846E1,6.890512466E0
4.380007963E1,5.171475410E-1,-1.541626453E1,6.842628479E0
4.380200224E1,4.836287498E-1,-1.549048519E1,6.818686485E0
4.380401640E1,3.687070608E-1,-1.569878101E1,6.730101109E0
4.380600004E1,2.801215947E-1,-1.580891418E1,6.648698330E0
4.380798368E1,2.346317619E-1,-1.585200977E1,6.605602264E0
4.380993680E1,1.484405100E-1,-1.592383575E1,6.519411087E0
4.381195096E1,6.224924326E-2,-1.597650814E1,6.430825710E0
4.381390409E1,-2.873042040E-2,-1.600523758E1,6.327875137E0
4.381588773E1,-1.364694983E-1,-1.599087334E1,6.212953568E0
4.381781034E1,-2.537853718E-1,-1.593580627E1,6.081272125E0
4.381982450E1,-3.854664862E-1,-1.584961510E1,5.923254967E0
4.382177762E1,-5.410895944E-1,-1.573708820E1,5.714959621E0
4.382376127E1,-6.991068721E-1,-1.558146477E1,5.463568211E0
4.382574491E1,-8.499416113E-1,-1.540189934E1,5.178658485E0
4.382772855E1,-1.007958889E0,-1.519120979E1,4.865017891E0
4.382968168E1,-1.204283476E0,-1.496376038E1,4.522646904E0
4.383166532E1,-1.414973259E0,-1.470997524E1,4.185064793E0
4.383364896E1,-1.561019540E0,-1.444661331E1,3.892971992E0
4.383563261E1,-1.584961534E0,-1.418803883E1,3.665522814E0
4.383758573E1,-1.544260144E0,-1.392467690E1,3.454833031E0
4.383956937E1,-1.529894829E0,-1.364216137E1,3.213018656E0
4.384152250E1,-1.537077546E0,-1.336203957E1,2.944868088E0
4.384350614E1,-1.541865945E0,-1.308670616E1,2.631227732E0
4.384548978E1,-1.575384736E0,-1.281376743E1,2.243366957E0
4.384747343E1,-1.675941229E0,-1.255758762E1,1.790862918E0
4.384939603E1,-1.826775908E0,-1.234450436E1,1.335964561E0
4.385141019E1,-2.020706177E0,-1.217690945E1,9.002198577E-1
4.385336332E1,-2.255337954E0,-1.204044056E1,4.860229492E-1
4.385534696E1,-2.511517525E0,-1.193748951E1,1.268926859E-1
4.385726957E1,-2.794033289E0,-1.188002872E1,-1.771709323E-1
4.385928373E1,-3.043030262E0,-1.185369301E1,-4.644751251E-1
4.386123685E1,-3.244143248E0,-1.185129833E1,-7.589619160E-1
4.386322050E1,-3.406949043E0,-1.186326981E1,-1.046266198E0
4.386520414E1,-3.526659012E0,-1.188960552E1,-1.347935557E0
4.386718778E1,-3.622427225E0,-1.194467258E1,-1.704671621E0
4.386914091E1,-3.684676409E0,-1.200931549E1,-2.135627985E0
4.387115507E1,-3.689464808E0,-1.207395935E1,-2.614468336E0
4.387307767E1,-3.643975019E0,-1.212423706E1,-3.066972494E0
4.387509183E1,-3.569754839E0,-1.217690945E1,-3.481169224E0
4.387707548E1,-3.514688015E0,-1.224394703E1,-3.871424198E0
4.387905912E1,-3.490746021E0,-1.232295609E1,-4.247313976E0
4.388104276E1,-3.459621429E0,-1.238999367E1,-4.608838081E0
4.388305692E1,-3.399766445E0,-1.243548393E1,-4.905719280E0
4.388501005E1,-3.359065056E0,-1.247857952E1,-5.102043629E0
4.388699369E1,-3.335123062E0,-1.250970364E1,-5.221754074E0
4.388894682E1,-3.301604033E0,-1.250970364E1,-5.346252441E0
4.389096098E1,-3.234566450E0,-1.248336792E1,-5.482721806E0
4.389288358E1,-3.114856482E0,-1.242111874E1,-5.573701382E0
4.389489774E1,-2.966415882E0,-1.229662037E1,-5.590460777E0
4.389685087E1,-2.851494312E0,-1.214339066E1,-5.532999992E0
4.389883451E1,-2.760514498E0,-1.200213337E1,-5.413290024E0
4.390081815E1,-2.659958124E0,-1.185848141E1,-5.274426460E0
4.390280180E1,-2.537853718E0,-1.168849277E1,-5.137956619E0
4.390472440E1,-2.403778553E0,-1.151371574E1,-4.975151062E0
4.390673856E1,-2.279279947E0,-1.133893967E1,-4.790797710E0
4.390872221E1,-2.183511972E0,-1.115219116E1,-4.620809078E0
4.391070585E1,-2.080561161E0,-1.096304989E1,-4.496310711E0
4.391265897E1,-1.953668594E0,-1.078827286E1,-4.383783340E0
4.391464262E1,-1.790862918E0,-1.062307262E1,-4.220977783E0
4.391662626E1,-1.599326730E0,-1.043871975E1,-4.024652958E0
4.391860990E1,-1.367089152E0,-1.023760605E1,-3.833117008E0
4.392056303E1,-1.039083481E0,-1.003649330E1,-3.675099611E0
4.392257719E1,-5.291185975E-1,-9.832986832E0,-3.541024208E0
4.392453031E1,1.292868853E-1,-9.646238327E0,-3.387795448E0
4.392648344E1,8.547300100E-1,-9.435548782E0,-3.184288263E0
4.392846708E1,1.594538331E0,-9.196128845E0,-2.894589901E0
4.393045072E1,2.267308950E0,-9.023746490E0,-2.564189911E0
4.393240385E1,2.683900118E0,-9.021351814E0,-2.319981337E0
4.393438749E1,2.703053713E0,-9.165003777E0,-2.161964178E0
4.393637113E1,2.580949545E0,-9.382876396E0,-2.106897593E0
4.393835477E1,2.523488522E0,-9.600749016E0,-2.200271368E0
4.394030790E1,2.552218914E0,-9.830592155E0,-2.545036316E0
4.394232206E1,2.597708941E0,-1.013944435E1,-3.026270866E0
4.394427518E1,2.600103140E0,-1.031900978E1,-3.181894064E0
4.394625883E1,2.590526342E0,-1.063504410E1,-3.019088268E0
4.394824247E1,2.683900118E0,-1.085770512E1,-2.195482969E0
4.395022611E1,2.992752075E0,-1.102769279E1,-1.134851575E0
4.395217924E1,3.545812607E0,-1.116655636E1,-2.873041928E-1
4.395416288E1,3.983951569E0,-1.130063248E1,3.878606856E-1
4.395614652E1,3.888183594E0,-1.136527538E1,1.086967587E0
4.395813016E1,3.490746021E0,-1.138442898E1,1.910573006E0
4.396008329E1,3.119644880E0,-1.146343803E1,2.655169725E0
4.396209745E1,2.808398485E0,-1.156638813E1,3.119644880E0
4.396405058E1,2.458845139E0,-1.161187840E1,3.361459255E0
4.396603422E1,2.013523579E0,-1.162384892E1,3.634398222E0
4.396801786E1,1.477222443E0,-1.167652130E1,3.948038578E0
4.397000150E1,1.185129881E0,-1.171243477E1,4.223371983E0
4.397195463E1,1.218648672E0,-1.169088650E1,4.412513733E0
4.397393827E1,1.347935557E0,-1.160230160E1,4.393360138E0
4.397592191E1,1.422155857E0,-1.147062016E1,4.314351559E0
4.397790556E1,1.362300754E0,-1.136767006E1,4.283226967E0
4.397982816E1,1.228225470E0,-1.130781460E1,4.182670593E0
4.398184232E1,1.113303781E0,-1.124077702E1,3.971980572E0
4.398379545E1,1.055842996E0,-1.111149025E1,3.651157618E0
4.398577909E1,1.146822572E0,-1.096304989E1,3.229778051E0
4.398773222E1,1.266532660E0,-1.084573364E1,2.734178305E0
4.398971586E1,1.383848548E0,-1.074278259E1,2.200271368E0
4.399169950E1,1.414973259E0,-1.066377449E1,1.695094824E0
4.399371366E1,1.340752959E0,-1.059194851E1,1.278503656E0
4.399566679E1,1.211466074E0,-1.050096893E1,9.169792533E-1
4.399765043E1,1.132457376E0,-1.034774017E1,5.506663918E-1
4.399960355E1,1.103726983E0,-1.014183807E1,1.915361285E-1
4.400161771E1,1.098938584E0,-9.923966408E0,-1.221042871E-1
4.400357084E1,1.051054597E0,-9.737217903E0,-3.854664862E-1
4.400558500E1,9.624691010E-1,-9.591172218E0,-5.841852427E-1
4.400753812E1,8.451532125E-1,-9.473855972E0,-7.278373241E-1
4.400955228E1,7.302315235E-1,-9.330204010E0,-8.643068075E-1
4.401147489E1,6.440402865E-1,-9.141061783E0,-9.935936928E-1
4.401348905E1,5.746083856E-1,-8.954314232E0,-1.101332784E0
4.401544218E1,5.171475410E-1,-8.801085472E0,-1.185129881E0
4.401742582E1,4.381389022E-1,-8.676587105E0,-1.242590666E0
4.401940946E1,3.543418646E-1,-8.561665535E0,-1.300051570E0
4.402139310E1,2.801215947E-1,-8.465897560E0,-1.383848548E0
4.402331571E1,2.059013397E-1,-8.394071579E0,-1.458068848E0
4.402532987E1,1.436520964E-1,-8.307879448E0,-1.489193439E0
4.402728300E1,9.576806426E-2,-8.224082947E0,-1.513135433E0
4.402926664E1,5.506663769E-2,-8.137891769E0,-1.556231141E0
4.403121976E1,7.182605099E-3,-8.054094315E0,-1.601720929E0
4.403323392E1,-4.788403399E-3,-7.967903137E0,-1.644816518E0
4.403518705E1,1.340752989E-1,-7.845798969E0,-1.750161409E0
4.403717069E1,2.896983922E-1,-7.750030994E0,-1.742978811E0
4.403915433E1,3.423708379E-1,-7.682993412E0,-1.525106430E0
4.404113798E1,3.088520169E-1,-7.611167431E0,-1.316810966E0
4.404306058E1,2.202665508E-1,-7.501033783E0,-1.223437071E0
4.404507474E1,7.661445439E-2,-7.438784599E0,-1.194706678E0
4.404702787E1,-7.422025502E-2,-7.422025204E0,-1.206677675E0
4.404901151E1,-1.651999205E-1,-7.400477409E0,-1.233013868E0
4.405099516E1,-2.178723514E-1,-7.386112213E0,-1.254561663E0
4.405300932E1,-2.466027737E-1,-7.381323814E0,-1.242590666E0
4.405496244E1,-3.136404157E-1,-7.405265808E0,-1.201889277E0
4.405694608E1,-4.740519226E-1,-7.438784599E0,-1.113303781E0
4.405889921E1,-6.703764796E-1,-7.410054207E0,-9.744400978E-1
4.406091337E1,-7.613561153E-1,-7.362170219E0,-8.906430602E-1
4.406286649E1,-7.781155705E-1,-7.343016624E0,-8.786720037E-1
4.406488065E1,-8.954314590E-1,-7.381323814E0,-8.403648138E-1
4.406683378E1,-1.005564690E0,-7.469909191E0,-7.876923680E-1
4.406881742E1,-1.031900883E0,-7.580042362E0,-8.092401624E-1
4.407080106E1,-1.005564690E0,-7.635109425E0,-8.714894056E-1
4.407278471E1,-1.005564690E0,-7.692570210E0,-9.002198577E-1
4.407473783E1,-1.041477680E0,-7.800309181E0,-9.121908545E-1
4.407675199E1,-1.122880578E0,-7.874529362E0,-8.690952063E-1
4.407867460E1,-1.266532660E0,-7.934384346E0,-7.517793179E-1
4.408068876E1,-1.407790542E0,-7.996633530E0,-6.248866320E-1
4.408267240E1,-1.513135433E0,-8.039729118E0,-5.386953950E-1
4.408465604E1,-1.599326730E0,-8.054094315E0,-4.357447028E-1
4.408660917E1,-1.721431017E0,-8.068459511E0,-2.394201756E-1
4.408862333E1,-1.932120800E0,-8.061277390E0,-1.340752989E-1
4.409057645E1,-2.111685991E0,-7.999027729E0,-3.184288144E-1
4.409259061E1,-2.118868589E0,-7.972691536E0,-5.602431893E-1
4.409454374E1,-2.070984364E0,-7.955932140E0,-6.655880809E-1
4.409655790E1,-1.984793186E0,-7.841010571E0,-7.206547260E-1
4.409851102E1,-1.793257117E0,-7.666234016E0,-8.475474119E-1
4.410049467E1,-1.618480325E0,-7.491456985E0,-9.864110947E-1
4.410247831E1,-1.549048543E0,-7.333439827E0,-1.113303781E0
4.410446195E1,-1.551442742E0,-7.264008045E0,-1.189918280E0
4.410638456E1,-1.563413739E0,-7.120356083E0,-1.328781962E0
4.410839872E1,-1.596932530E0,-6.971915245E0,-1.422155857E0
4.411035184E1,-1.709460020E0,-6.837840080E0,-1.448492050E0
4.411233549E1,-1.891419291E0,-6.713341713E0,-1.419761658E0
4.411425809E1,-2.118868589E0,-6.576871872E0,-1.359906554E0
4.411627225E1,-2.365471363E0,-6.435614109E0,-1.264138460E0
4.411822538E1,-2.628833532E0,-6.332663536E0,-1.149216771E0
4.412020902E1,-2.889801502E0,-6.284779549E0,-1.039083481E0
4.412219266E1,-3.074155092E0,-6.241683960E0,-9.888052940E-1
4.412414579E1,-3.141192675E0,-6.172252178E0,-1.012747288E0
4.412612943E1,-3.088520288E0,-6.021417141E0,-1.065419793E0
4.412814359E1,-2.956839085E0,-5.798756599E0,-1.089361787E0
4.413009672E1,-2.856282711E0,-5.561730385E0,-1.055842996E0
4.413211088E1,-2.865859509E0,-5.355829239E0,-9.840168953E-1
4.413406400E1,-2.971204281E0,-5.193023682E0,-9.504981041E-1
4.413607816E1,-3.114856482E0,-5.073313236E0,-9.816226959E-1
4.413806180E1,-3.270479441E0,-4.946420670E0,-1.029506683E0
4.414004545E1,-3.440467834E0,-4.812345505E0,-1.060631394E0
4.414202909E1,-3.643975019E0,-4.690241337E0,-1.091755986E0
4.414401273E1,-3.883395195E0,-4.592078686E0,-1.122880578E0
4.414596586E1,-4.125209332E0,-4.515464306E0,-1.137245774E0
4.414798002E1,-4.319139957E0,-4.429273129E0,-1.146822572E0
4.414993314E1,-4.481945515E0,-4.350264549E0,-1.137245774E0
4.415194730E1,-4.656722069E0,-4.309563160E0,-1.106121182E0
4.415390043E1,-4.826710701E0,-4.309563160E0,-1.051054597E0
4.415591459E1,-4.929661274E0,-4.292803764E0,-9.983820915E-1
4.415786771E1,-4.970362663E0,-4.252102375E0,-9.409212470E-1
4.415985136E1,-4.991910458E0,-4.194641590E0,-8.954314590E-1
4.416183500E1,-5.006275654E0,-4.125209332E0,-8.882488012E-1
4.416381864E1,-5.046977043E0,-4.089296341E0,-9.097966552E-1
4.416574125E1,-5.049371243E0,-4.067748547E0,-9.768342972E-1
4.416775541E1,-4.987122059E0,-4.019864559E0,-1.065419793E0
4.416970853E1,-4.936843872E0,-4.000710964E0,-1.132457376E0
4.417169218E1,-4.896142483E0,-4.024652958E0,-1.161187768E0
4.417367582E1,-4.800374508E0,-4.043806553E0,-1.165976286E0
4.417562894E1,-4.651933670E0,-4.041412354E0,-1.165976286E0
4.417761259E1,-4.489128113E0,-4.022258759E0,-1.161187768E0
4.417959623E1,-4.371812344E0,-4.029441357E0,-1.132457376E0
4.418154935E1,-4.302380562E0,-4.062960148E0,-1.098938584E0
4.418353300E1,-4.252102375E0,-4.113238335E0,-1.055842996E0
4.418548612E1,-4.182670593E0,-4.153939724E0,-1.007958889E0
4.418750028E1,-4.091690540E0,-4.189853191E0,-9.552865028E-1
4.418945341E1,-3.988739967E0,-4.230554581E0,-9.002198577E-1
4.419146757E1,-3.866635799E0,-4.276044369E0,-8.331822157E-1
4.419345121E1,-3.744531393E0,-4.335899353E0,-7.589619160E-1
4.419546537E1,-3.653551817E0,-4.410119534E0,-6.967126727E-1
4.419741849E1,-3.574543238E0,-4.496310711E0,-6.368576288E-1
4.419943266E1,-3.483563423E0,-4.568136692E0,-5.674257874E-1
4.420138578E1,-3.361459255E0,-4.611232281E0,-4.836287498E-1
4.420333890E1,-3.210624456E0,-4.644751072E0,-3.878606856E-1
4.420532255E1,-3.050212860E0,-4.687847137E0,-2.777273953E-1
4.420730619E1,-2.913743496E0,-4.745307922E0,-1.723825186E-1
4.420925932E1,-2.794033289E0,-4.809951305E0,-6.703764945E-2
4.421124296E1,-2.674323320E0,-4.886565685E0,2.873042040E-2
4.421322660E1,-2.566584110E0,-4.965574265E0,1.125274822E-1
4.421517973E1,-2.468421936E0,-5.032611847E0,1.915361285E-1
4.421716337E1,-2.372653961E0,-5.085284233E0,2.777273953E-1
4.421917753E1,-2.284068346E0,-5.149928093E0,3.854664862E-1
4.422113065E1,-2.202665567E0,-5.221754074E0,4.955997467E-1
4.422308378E1,-2.121262789E0,-5.300762653E0,6.081272364E-1
4.422506742E1,-2.047042370E0,-5.386953831E0,7.158663273E-1
4.422705106E1,-1.987187386E0,-5.470750809E0,8.140285611E-1
4.422900419E1,-1.924938202E0,-5.549759388E0,9.145850539E-1
4.423098783E1,-1.843535304E0,-5.626373768E0,1.022324085E0
4.423297147E1,-1.750161409E0,-5.705382824E0,1.118092179E0
4.423498563E1,-1.659181833E0,-5.774814606E0,1.213860273E0
4.423690824E1,-1.572990537E0,-5.844246387E0,1.316810966E0
4.423892240E1,-1.474828243E0,-5.913678169E0,1.403002143E0
4.424087553E1,-1.357512355E0,-5.983109951E0,1.501164436E0
4.424282865E1,-1.247379065E0,-6.074089527E0,1.651999116E0
4.424481229E1,-1.158793569E0,-6.181828976E0,1.855506301E0
4.424682645E1,-1.067813993E0,-6.308721542E0,2.085349798E0
4.424877958E1,-9.672574997E-1,-6.442796707E0,2.336740971E0
4.425076322E1,-8.738836050E-1,-6.591237068E0,2.616862535E0
4.425274686E1,-7.924807668E-1,-6.758831501E0,2.916137695E0
4.425476102E1,-7.206547260E-1,-6.931213856E0,3.248931646E0
4.425668363E1,-6.584054828E-1,-7.108384609E0,3.600879431E0
4.425869779E1,-6.153098345E-1,-7.299921036E0,3.938461781E0
4.426065092E1,-5.961562395E-1,-7.395689011E0,4.106055737E0
4.426260404E1,-5.482721925E-1,-7.589619160E0,4.469974518E0
4.426458768E1,-5.051765442E-1,-7.771578789E0,4.836287498E0
4.426657133E1,-5.051765442E-1,-7.941566944E0,5.204994678E0
4.426852445E1,-5.099649429E-1,-8.111555099E0,5.597643375E0
4.427053861E1,-5.123591423E-1,-8.288725853E0,6.002263546E0
4.427249174E1,-5.123591423E-1,-8.456320763E0,6.399701118E0
4.427447538E1,-4.979939461E-1,-8.602366447E0,6.801927090E0
4.427642850E1,-5.386953950E-1,-8.774748802E0,7.244854450E0
4.427844266E1,-6.727706790E-1,-9.021351814E0,7.733271599E0
4.428039579E1,-7.637503147E-1,-9.282320023E0,8.279149055E0
4.428240995E1,-7.517793179E-1,-9.516951561E0,8.875306129E0
4.428433256E1,-6.727706790E-1,-9.737217903E0,9.485827446E0
4.428634672E1,-5.913678408E-1,-9.986215591E0,1.008677197E1
4.428833036E1,-5.243301988E-1,-1.028309631E1,1.067813969E1
4.429031400E1,-4.501099288E-1,-1.061349583E1,1.124317074E1
4.429229765E1,-3.711012602E-1,-1.097980881E1,1.175792408E1
4.429428129E1,-2.896983922E-1,-1.140597725E1,1.220563984E1
4.429623441E1,-1.939303428E-1,-1.189200020E1,1.257913589E1
4.429824857E1,-9.337386489E-2,-1.243308926E1,1.282813263E1
4.430020170E1,7.182605099E-3,-1.303164005E1,1.286404610E1
4.430221586E1,1.651999205E-1,-1.365413189E1,1.271321106E1
4.430416898E1,3.782838583E-1,-1.428380775E1,1.245703125E1
4.430618314E1,6.320692301E-1,-1.489193439E1,1.213620853E1
4.430810575E1,9.289502501E-1,-1.547133160E1,1.175074196E1
4.431011991E1,1.204283476E0,-1.603636360E1,1.135569859E1
4.431207304E1,1.426944256E0,-1.659900093E1,1.101572227E1
4.431405668E1,1.606509328E0,-1.714966583E1,1.076193619E1
4.431604032E1,1.754949808E0,-1.766202545E1,1.060631371E1
4.431802396E1,1.905784607E0,-1.812171173E1,1.055124664E1
4.431994657E1,2.104503393E0,-1.850478554E1,1.055842972E1
4.432196073E1,2.396595955E0,-1.875856972E1,1.062307262E1
4.432391386E1,2.753331900E0,-1.889025116E1,1.075714779E1
4.432592802E1,3.134010077E0,-1.891179848E1,1.091755962E1
4.432788114E1,3.524264812E0,-1.882800293E1,1.106599998E1
4.432989530E1,3.924096584E0,-1.865562057E1,1.119049835E1
4.433184843E1,4.244919777E0,-1.840183449E1,1.126711273E1
4.433383207E1,4.486733913E0,-1.805706978E1,1.125514221E1
4.433581571E1,4.675876141E0,-1.761893082E1,1.114022064E1
4.433779935E1,4.793191910E0,-1.709220505E1,1.093671322E1
4.433972196E1,4.836287498E0,-1.650083733E1,1.065419769E1
4.434173612E1,4.754884720E0,-1.588313389E1,1.033816338E1
4.434368925E1,4.522646904E0,-1.529176617E1,9.998186111E0
4.434567289E1,4.201824188E0,-1.471955204E1,9.639056206E0
4.434765653E1,3.816357613E0,-1.417127991E1,9.255983353E0
4.434967069E1,3.394978046E0,-1.362779617E1,8.829815865E0
4.435162382E1,2.964021683E0,-1.307473564E1,8.331821442E0
4.435360746E1,2.504334927E0,-1.251209831E1,7.776367188E0
4.435559110E1,1.970427990E0,-1.196861458E1,7.211335659E0
4.435757474E1,1.405396342E0,-1.146104336E1,6.639121532E0
4.435949735E1,8.116343617E-1,-1.099417400E1,6.030993938E0
4.436151151E1,1.915361285E-1,-1.056321812E1,5.386953831E0
4.436346464E1,-4.237737060E-1,-1.015620327E1,4.735731125E0
4.436544828E1,-1.051054597E0,-9.780313492E0,4.122815132E0
4.436743192E1,-1.611297727E0,-9.452308655E0,3.586514235E0
4.436944608E1,-2.085349798E0,-9.141061783E0,3.165134668E0
4.437139921E1,-2.509123325E0,-8.839392662E0,2.880224705E0
4.437341337E1,-2.956839085E0,-8.599972725E0,2.743755102E0
4.437533598E1,-3.397372246E0,-8.432378769E0,2.736572504E0
4.437735014E1,-3.833117008E0,-8.319850922E0,2.810792685E0
4.437933378E1,-4.280832767E0,-8.267178535E0,2.925714493E0
4.438131742E1,-4.695029736E0,-8.255207062E0,3.035847664E0
4.438327054E1,-5.056553841E0,-8.245630264E0,3.088520288E0
4.438528471E1,-5.341464043E0,-8.233659744E0,3.043030262E0
4.438723783E1,-5.595249176E0,-8.233659744E0,2.911349297E0
4.438925199E1,-5.817910194E0,-8.252813339E0,2.700659513E0
4.439120512E1,-5.987898350E0,-8.305485725E0,2.422932148E0
4.439321928E1,-6.086060524E0,-8.360552788E0,2.059013367E0
4.439514188E1,-6.086060524E0,-8.403648376E0,1.640028119E0
4.439715604E1,-5.992686749E0,-8.437167168E0,1.194706678E0
4.439913969E1,-5.726930618E0,-8.418013573E0,7.733271718E-1
4.440112333E1,-5.267243862E0,-8.358158112E0,3.782838583E-1
4.440304594E1,-4.666299343E0,-8.298302650E0,7.182605099E-3
4.440506010E1,-4.007893562E0,-8.315062523E0,-3.447650373E-1
4.440701322E1,-3.411737442E0,-8.473079681E0,-6.823474765E-1
4.440899686E1,-2.954444885E0,-8.784325600E0,-1.127668977E0
4.441091947E1,-2.600103140E0,-9.198522568E0,-1.731007814E0
4.441293363E1,-2.291250944E0,-9.660603523E0,-2.466027737E0
4.441488676E1,-2.037465572E0,-1.016578007E1,-3.320757866E0
4.441687040E1,-1.798045516E0,-1.068292809E1,-4.192247391E0
4.441885404E1,-1.541865945E0,-1.121683502E1,-5.018246651E0
4.442083768E1,-1.426944256E0,-1.149935055E1,-5.420472622E0
4.442276029E1,-1.266532660E0,-1.210508347E1,-6.210559368E0
4.442477445E1,-1.259350061E0,-1.275391293E1,-6.967126846E0
4.442672758E1,-1.388636947E0,-1.340752983E1,-7.642292023E0
4.442871122E1,-1.580173135E0,-1.405875206E1,-8.197746277E0
4.443066434E1,-1.764526606E0,-1.465251446E1,-8.671798706E0
4.443267850E1,-1.838746905E0,-1.515769100E1,-9.076418877E0
4.443463163E1,-1.865083098E0,-1.563413715E1,-9.308655739E0
4.443661527E1,-1.884236693E0,-1.606269836E1,-9.287108421E0
4.443859891E1,-1.881842494E0,-1.638352203E1,-9.076418877E0
4.444055204E1,-1.908178806E0,-1.659181786E1,-8.707711220E0
4.444253568E1,-1.972822189E0,-1.669716263E1,-8.259995461E0
4.444454984E1,-2.068590164E0,-1.671392250E1,-7.728483200E0
4.444650297E1,-2.133233786E0,-1.664927864E1,-7.211335659E0
4.444848661E1,-2.128445387E0,-1.650083733E1,-6.777985096E0
4.445047025E1,-2.154781580E0,-1.630451393E1,-6.339846134E0
4.445248441E1,-2.245761156E0,-1.610579491E1,-5.755661011E0
4.445440702E1,-2.322375536E0,-1.589031696E1,-5.092466831E0
4.445642118E1,-2.339135170E0,-1.563892555E1,-4.381389141E0
4.445837430E1,-2.331952572E0,-1.535880375E1,-3.533841610E0
4.446032743E1,-2.300827742E0,-1.507868195E1,-2.477998734E0
4.446231107E1,-2.207453966E0,-1.478419590E1,-1.218648672E0
4.446429472E1,-2.030282974E0,-1.444661331E1,2.154781520E-1
4.446624784E1,-1.728613615E0,-1.408269405E1,1.745373011E0
4.446826200E1,-1.259350061E0,-1.367328548E1,3.248931646E0
4.447021512E1,-6.392518282E-1,-1.319923401E1,4.589684486E0
4.447219877E1,7.182604820E-2,-1.265335560E1,5.633556366E0
4.447418241E1,7.924807668E-1,-1.205719948E1,6.294356346E0
4.447616605E1,1.486799240E0,-1.141555405E1,6.526593685E0
4.447811918E1,2.109291792E0,-1.076433086E1,6.330269337E0
4.448013334E1,2.492363930E0,-1.016099167E1,5.820304394E0
4.448208646E1,2.614468336E0,-9.627084732E0,5.092466831E0
4.448407011E1,2.616862535E0,-9.169792175E0,4.204218388E0
4.448605375E1,2.602497339E0,-8.793902397E0,3.258508444E0
4.448806791E1,2.499546528E0,-8.504204750E0,2.396595955E0
4.449002103E1,2.231395960E0,-8.288725853E0,1.668758631E0
4.449200468E1,1.843535304E0,-8.133103371E0,1.058237195E0
4.449398832E1,1.455674648E0,-8.010998726E0,5.458779931E-1
4.449597196E1,1.228225470E0,-7.872135162E0,6.464344263E-2
4.449789457E1,1.194706678E0,-7.673416615E0,-4.213795066E-1
4.449990873E1,1.223437071E0,-7.448361397E0,-9.074024558E-1
4.450186185E1,1.228225470E0,-7.218518257E0,-1.371877551E0
4.450384550E1,1.233013868E0,-6.957550049E0,-1.805228114E0
4.450579862E1,1.225831270E0,-6.682217121E0,-2.207453966E0
4.450781278E1,1.137245774E0,-6.421248913E0,-2.578555346E0
4.450976591E1,9.145850539E-1,-6.198588371E0,-2.894589901E0
4.451174955E1,5.817909837E-1,-6.040570736E0,-3.160346270E0
4.451373319E1,2.082955539E-1,-5.896918774E0,-3.423708439E0
4.451571683E1,-1.364694983E-1,-5.767632008E0,-3.734954596E0
4.451770048E1,-4.548983276E-1,-5.667075634E0,-4.082113743E0
4.451968412E1,-7.350199223E-1,-5.588066578E0,-4.410119534E0
4.452163724E1,-9.385270476E-1,-5.506663799E0,-4.757278919E0
4.452362089E1,-1.077390790E0,-5.444414616E0,-5.128379822E0
4.452560453E1,-1.163581967E0,-5.413290024E0,-5.497087002E0
4.452761869E1,-1.247379065E0,-5.422866821E0,-5.846640587E0
4.452957182E1,-1.386242747E0,-5.482721806E0,-6.155492783E0
4.453155546E1,-1.539471745E0,-5.595249176E0,-6.342240334E0
4.453353910E1,-1.678335428E0,-5.743690014E0,-6.404489517E0
4.453552274E1,-1.802833915E0,-5.908889771E0,-6.397306919E0
4.453747587E1,-1.853112102E0,-6.131550789E0,-6.318298340E0
4.453949003E1,-1.819593310E0,-6.414066315E0,-6.193799973E0
4.454144315E1,-1.656787634E0,-6.708553314E0,-6.117185116E0
4.454342680E1,-1.414973259E0,-6.998251438E0,-6.052541733E0
4.454541044E1,-1.216254473E0,-7.307103634E0,-5.920860767E0
4.454742460E1,-1.077390790E0,-7.671022415E0,-5.750872612E0
4.454937772E1,-9.528923035E-1,-8.075642586E0,-5.588066578E0
4.455136137E1,-8.427590132E-1,-8.473079681E0,-5.437232018E0
4.455334501E1,-6.847416759E-1,-8.851364136E0,-5.303156853E0
4.455532865E1,-4.740519226E-1,-9.234436035E0,-5.154716492E0
4.455725126E1,-3.854664862E-1,-9.607931137E0,-4.850652695E0
4.455926542E1,-3.806780577E-1,-9.967061996E0,-4.465186119E0
4.456121854E1,-3.711012602E-1,-1.027112484E1,-4.039018154E0
4.456320219E1,-3.136404157E-1,-1.053927612E1,-3.596091032E0
4.456515531E1,-2.178723514E-1,-1.075954247E1,-3.119644880E0
4.456716947E1,-1.436521020E-2,-1.091037750E1,-2.636016130E0
4.456912260E1,3.471592367E-1,-1.098938560E1,-2.166752577E0
4.457110624E1,6.823474765E-1,-1.102051067E1,-1.651999116E0
4.457308988E1,9.457096457E-1,-1.102529907E1,-1.058237195E0
4.457507352E1,1.297657371E0,-1.100375080E1,-4.333505034E-1
4.457699613E1,1.520318031E0,-1.098699188E1,-1.364694983E-1
4.457897977E1,2.044648170E0,-1.097262669E1,4.141969085E-1
4.458096342E1,2.633621931E0,-1.096783829E1,9.097966552E-1
4.458297758E1,3.217807055E0,-1.096065521E1,1.319205165E0
4.458493070E1,3.754108191E0,-1.095586681E1,1.601720929E0
4.458694486E1,4.237737179E0,-1.096065521E1,1.764526606E0
4.458889799E1,4.690241337E0,-1.098220348E1,1.836352706E0
4.459091215E1,5.114014626E0,-1.102529907E1,1.821987510E0
4.459286527E1,5.422866821E0,-1.109951878E1,1.759738207E0
4.459484891E1,5.626373768E0,-1.118570995E1,1.716642618E0
4.459683256E1,5.837063789E0,-1.125274754E1,1.675941229E0
4.459881620E1,6.169857979E0,-1.124795914E1,1.599326730E0
4.460073881E1,6.540958881E0,-1.118810463E1,1.491587639E0
4.460275297E1,6.792350292E0,-1.109951878E1,1.431732655E0
4.460470609E1,6.895300865E0,-1.099896240E1,1.467645645E0
4.460668974E1,6.888118267E0,-1.089361763E1,1.580173135E0
4.460864286E1,6.754043102E0,-1.078587818E1,1.731007814E0
4.461065702E1,6.438008308E0,-1.069011021E1,1.934514999E0
4.461261015E1,5.942408562E0,-1.059673691E1,2.197877169E0
4.461459379E1,5.396530628E0,-1.047942066E1,2.439691544E0
4.461657743E1,4.896142483E0,-1.032858658E1,2.698265314E0
4.461856107E1,4.402936935E0,-1.016338634E1,3.119644880E0
4.462048368E1,3.830722809E0,-9.988609314E0,3.469198227E0
4.462249784E1,3.227383852E0,-9.799467087E0,3.517082214E0
4.462445096E1,2.707842112E0,-9.643844604E0,3.313575268E0
4.462643461E1,2.305616140E0,-9.548076630E0,3.052607059E0
4.462835722E1,1.970427990E0,-9.509769440E0,2.827552319E0
4.463037138E1,1.738190413E0,-9.473855972E0,2.446874142E0
4.463232450E1,1.577778935E0,-9.397241592E0,1.905784607E0
4.463430814E1,1.328781962E0,-9.327810287E0,1.570596337E0
4.463629179E1,9.552865028E-1,-9.313444138E0,1.623268723E0
4.463827543E1,5.554547906E-1,-9.346963882E0,1.836352706E0
4.464022855E1,1.843535304E-1,-9.394847870E0,1.963245392E0
4.464224271E1,-1.963245422E-1,-9.461885452E0,2.027888775E0
4.464419584E1,-6.464344859E-1,-9.548076630E0,2.054224968E0
4.464617948E1,-1.209071875E0,-9.622296333E0,2.042253971E0
4.464813261E1,-1.802833915E0,-9.653421402E0,2.003946781E0
4.465014677E1,-2.346317768E0,-9.670180321E0,1.924938202E0
4.465206937E1,-2.765302896E0,-9.660603523E0,1.781286120E0
4.465408353E1,-2.999934673E0,-9.622296333E0,1.604115129E0
4.465603666E1,-3.110068083E0,-9.572018623E0,1.429338455E0
4.465798978E1,-3.208230257E0,-9.536105156E0,1.290474772E0
4.465997343E1,-3.371036053E0,-9.488221169E0,1.158793569E0
4.466195707E1,-3.617638826E0,-9.416395187E0,9.768342972E-1
4.466387968E1,-3.878606796E0,-9.349357605E0,7.302315235E-1
4.466589384E1,-4.110844135E0,-9.277531624E0,4.836287498E-1
4.466784696E1,-4.273650169E0,-9.210494041E0,2.825157940E-1
4.466983060E1,-4.345476151E0,-9.141061783E0,1.771709323E-1
4.467181425E1,-4.359841347E0,-9.028534889E0,1.987187415E-1
4.467379789E1,-4.326322556E0,-8.920795441E0,3.040636182E-1
4.467575101E1,-4.242525578E0,-8.839392662E0,4.740519226E-1
4.467776517E1,-4.098873138E0,-8.767566681E0,7.015010715E-1
4.467971830E1,-3.890577793E0,-8.693346024E0,9.768342972E-1
4.468170194E1,-3.641580820E0,-8.614337921E0,1.254561663E0
4.468365507E1,-3.363853455E0,-8.542511940E0,1.491587639E0
4.468566923E1,-3.047818661E0,-8.508993149E0,1.654393315E0
4.468762235E1,-2.731784105E0,-8.511386871E0,1.762132406E0
4.468960599E1,-2.418143749E0,-8.525752068E0,1.841141105E0
4.469158964E1,-2.090138197E0,-8.547300339E0,1.905784607E0
4.469357328E1,-1.781286120E0,-8.573636055E0,1.941697598E0
4.469549589E1,-1.493981838E0,-8.602366447E0,1.934514999E0
4.469751005E1,-1.201889277E0,-8.633491516E0,1.903390408E0
4.469946317E1,-8.906430602E-1,-8.705317497E0,1.845929503E0
4.470144682E1,-5.434837937E-1,-8.777143478E0,1.769315004E0
4.470343046E1,-1.556231081E-1,-8.832210541E0,1.699883223E0
4.470544462E1,2.585737705E-1,-8.889671326E0,1.637633920E0
4.470739774E1,6.799532771E-1,-8.968679428E0,1.565807939E0
4.470938138E1,1.091755986E0,-9.050082207E0,1.510741234E0
4.471136503E1,1.493981838E0,-9.126696587E0,1.470039845E0
4.471334867E1,1.872265697E0,-9.196128845E0,1.438915253E0
4.471527128E1,2.047042370E0,-9.229647636E0,1.417367458E0
4.471728544E1,2.358288765E0,-9.287108421E0,1.359906554E0
4.471923856E1,2.628833532E0,-9.334992409E0,1.290474772E0
4.472122221E1,2.870647907E0,-9.375694275E0,1.211466074E0
4.472320585E1,3.098097086E0,-9.406818390E0,1.139639974E0
4.472522001E1,3.301604033E0,-9.430760384E0,1.053448796E0
4.472717313E1,3.497928619E0,-9.442731857E0,9.481038451E-1
4.472915678E1,3.670311213E0,-9.447520256E0,8.236053586E-1
4.473114042E1,3.794809580E0,-9.473855972E0,7.110779285E-1
4.473312406E1,3.892971992E0,-9.495404243E0,6.344634295E-1
4.473504667E1,3.981557369E0,-9.483432770E0,5.817909837E-1
4.473706083E1,4.043806553E0,-9.447520256E0,4.884171486E-1
4.473901395E1,4.053383350E0,-9.418789864E0,3.854664862E-1
4.474099760E1,4.029441357E0,-9.394847870E0,2.920926213E-1
4.474298124E1,4.000710964E0,-9.368511200E0,1.843535304E-1
4.474499540E1,3.967192173E0,-9.342175484E0,6.703764945E-2
4.474694852E1,3.892971992E0,-9.327810287E0,-5.267243832E-2
4.474893217E1,3.790021181E0,-9.313444138E0,-1.747767180E-1
4.475091581E1,3.663128614E0,-9.294290543E0,-2.849099934E-1
4.475289945E1,3.507505417E0,-9.270348549E0,-3.974374831E-1
4.475482206E1,3.320757866E0,-9.258378029E0,-5.123591423E-1
4.475683622E1,3.124433279E0,-9.260771751E0,-6.105214357E-1
4.475878934E1,2.923320293E0,-9.244012833E0,-7.015010715E-1
4.476077299E1,2.731784105E0,-9.222464561E0,-7.805097699E-1
4.476275663E1,2.547430515E0,-9.198522568E0,-8.427590132E-1
4.476474027E1,2.367865562E0,-9.172186852E0,-8.930372596E-1
4.476666288E1,2.183511972E0,-9.138668060E0,-9.433154464E-1
4.476867704E1,2.003946781E0,-9.102754593E0,-9.864110947E-1
4.477063016E1,1.838746905E0,-9.078812599E0,-1.015141487E0
4.477261381E1,1.685518026E0,-9.059659004E0,-1.031900883E0
4.477459745E1,1.544260144E0,-9.028534889E0,-1.041477680E0
4.477658109E1,1.403002143E0,-8.990227699E0,-1.027112484E0
4.477853422E1,1.276109457E0,-8.951920509E0,-9.888052940E-1
4.478054838E1,1.168370485E0,-8.935160637E0,-9.409212470E-1
4.478250150E1,1.074996591E0,-8.916007042E0,-8.834604025E-1
4.478448515E1,1.000776291E0,-8.887276649E0,-8.283938169E-1
4.478643827E1,9.313444495E-1,-8.860940933E0,-7.829039693E-1
4.478845243E1,8.619126081E-1,-8.841787338E0,-7.565677166E-1
4.479037504E1,8.068459630E-1,-8.820239067E0,-7.374141216E-1
4.479238920E1,7.733271718E-1,-8.789113998E0,-7.086837292E-1
4.479437284E1,7.422025204E-1,-8.755595207E0,-6.895300746E-1
4.479635648E1,7.230489254E-1,-8.722076416E0,-6.607996821E-1
4.479827909E1,7.134721279E-1,-8.683769226E0,-6.177040339E-1
4.480029325E1,6.967126727E-1,-8.635885239E0,-5.674257874E-1
4.480224638E1,6.895300746E-1,-8.595184326E0,-5.099649429E-1
4.480423002E1,7.015010715E-1,-8.571242332E0,-4.644751251E-1
4.480615262E1,7.254431248E-1,-8.568847656E0,-4.285621047E-1
4.480816679E1,7.445967197E-1,-8.566453934E0,-3.950432837E-1
4.481011991E1,7.685387731E-1,-8.576030731E0,-3.687070608E-1
4.481210355E1,7.996633649E-1,-8.573636055E0,-3.447650373E-1
4.481408720E1,8.331822157E-1,-8.573636055E0,-3.423708379E-1
4.481607084E1,8.619126081E-1,-8.592789650E0,-3.687070608E-1
4.481799345E1,8.738836050E-1,-8.616731644E0,-4.070142806E-1
4.482000761E1,8.714894056E-1,-8.640673637E0,-4.453215301E-1
4.482196073E1,8.643068075E-1,-8.671798706E0,-5.027823448E-1
4.482394437E1,8.475474119E-1,-8.695740700E0,-5.722141862E-1
4.482589750E1,8.236053586E-1,-8.712499619E0,-6.464344859E-1
4.482791166E1,8.068459630E-1,-8.722076416E0,-7.182605267E-1
4.482986478E1,7.661445141E-1,-8.736441612E0,-7.852981687E-1
4.483184843E1,7.062895298E-1,-8.748413086E0,-8.236053586E-1
4.483383207E1,6.344634295E-1,-8.772355080E0,-8.547300100E-1
4.483581571E1,5.602431893E-1,-8.798690796E0,-8.954314590E-1
4.483776884E1,4.812345505E-1,-8.810662270E0,-9.289502501E-1
4.483978300E1,3.878606856E-1,-8.834604263E0,-9.672574997E-1
4.484173612E1,2.873041928E-1,-8.868123055E0,-1.000776291E0
4.484371976E1,1.867477298E-1,-8.904036522E0,-1.029506683E0
4.484567289E1,6.943184882E-2,-8.927978516E0,-1.055842996E0
4.484768705E1,-5.506663769E-2,-8.947132111E0,-1.074996591E0
4.484960966E1,-1.125274822E-1,-8.959102631E0,-1.082179189E0
4.485162382E1,-2.585737705E-1,-8.999804497E0,-1.094150186E0
4.485360746E1,-3.471592367E-1,-9.021351814E0,-1.103726983E0
4.485556058E1,-3.926490843E-1,-9.028534889E0,-1.118092179E0
4.485754423E1,-4.740519226E-1,-9.042900085E0,-1.158793569E0
4.485955839E1,-5.578489900E-1,-9.050082207E0,-1.201889277E0
4.486151151E1,-6.296750307E-1,-9.078812599E0,-1.228225470E0
4.486349516E1,-6.943184733E-1,-9.105149269E0,-1.233013868E0
4.486544828E1,-7.541735172E-1,-9.126696587E0,-1.235408068E0
4.486743192E1,-7.972691655E-1,-9.145850182E0,-1.225831270E0
4.486941557E1,-8.259995580E-1,-9.172186852E0,-1.223437071E0
4.487139921E1,-8.379706144E-1,-9.203310966E0,-1.228225470E0
4.487332182E1,-8.523358107E-1,-9.229647636E0,-1.252167463E0
4.487533598E1,-8.810662031E-1,-9.255983353E0,-1.297657371E0
4.487728910E1,-9.097966552E-1,-9.287108421E0,-1.347935557E0
4.487927274E1,-9.241618514E-1,-9.320627213E0,-1.403002143E0
4.488125638E1,-9.313444495E-1,-9.366117477E0,-1.458068848E0
4.488327054E1,-9.361328483E-1,-9.406818390E0,-1.510741234E0
4.488522367E1,-9.169792533E-1,-9.466673851E0,-1.541865945E0
4.488720731E1,-8.762778044E-1,-9.538499832E0,-1.556231141E0
4.488919096E1,-8.307880163E-1,-9.610325813E0,-1.568202138E0
4.489117460E1,-7.948749661E-1,-9.672574997E0,-1.601720929E0
4.489309721E1,-7.541735172E-1,-9.737217903E0,-1.628057122E0
4.489511137E1,-7.206547260E-1,-9.809044838E0,-1.630451322E0
4.489706449E1,-6.847416759E-1,-9.880870819E0,-1.630451322E0
4.489907865E1,-6.392518282E-1,-9.947908401E0,-1.625662923E0
4.490100126E1,-5.889736414E-1,-1.000058079E1,-1.628057122E0
4.490301542E1,-5.339069963E-1,-1.003649330E1,-1.640028119E0
4.490496854E1,-4.884171486E-1,-1.005804157E1,-1.661576033E0
4.490695219E1,-4.453215301E-1,-1.008916569E1,-1.685518026E0
4.490893583E1,-4.022258818E-1,-1.011310768E1,-1.707065821E0
4.491091947E1,-3.758896589E-1,-1.012268448E1,-1.731007814E0
4.491284208E1,-3.711012602E-1,-1.012986755E1,-1.740584612E0
4.491485624E1,-3.974374831E-1,-1.013226128E1,-1.750161409E0
4.491680936E1,-4.333505034E-1,-1.012507915E1,-1.740584612E0
4.491879301E1,-4.788403511E-1,-1.011071396E1,-1.695094824E0
4.492071561E1,-5.386953950E-1,-1.010353088E1,-1.616086125E0
4.492272977E1,-6.200982332E-1,-1.009874249E1,-1.496376038E0
4.492468290E1,-7.206547260E-1,-1.009395409E1,-1.340752959E0
4.492666654E1,-8.283938169E-1,-1.010353088E1,-1.134851575E0
4.492865018E1,-9.816226959E-1,-1.011550236E1,-8.403648138E-1
4.493063383E1,-1.173158884E0,-1.011789608E1,-5.482721925E-1
4.493258695E1,-1.314416766E0,-1.014183807E1,-3.088520169E-1
4.493460111E1,-1.345541358E0,-1.019929886E1,-2.633621916E-2
4.493655424E1,-1.314416766E0,-1.027591324E1,2.154781520E-1
4.493853788E1,-1.300051570E0,-1.034055710E1,4.381389022E-1
4.494049100E1,-1.343147159E0,-1.038125896E1,6.943184733E-1
4.494250516E1,-1.391031146E0,-1.040998936E1,9.385270476E-1
4.494445829E1,-1.369483352E0,-1.045069027E1,1.084573388E0
4.494644193E1,-1.252167463E0,-1.048899746E1,1.096544385E0
4.494842558E1,-1.067813993E0,-1.051293945E1,1.005564690E0
4.495040922E1,-8.595184088E-1,-1.052969933E1,8.906430602E-1
4.495233182E1,-6.368576288E-1,-1.053209305E1,7.757213712E-1
4.495434598E1,-3.926490843E-1,-1.053448772E1,6.560112834E-1
4.495629911E1,-1.197100878E-1,-1.054885292E1,5.291185975E-1
4.495828275E1,1.819593310E-1,-1.059194851E1,4.141969085E-1
4.496026640E1,4.955997467E-1,-1.065659142E1,3.040636182E-1
4.496225004E1,7.996633649E-1,-1.072123528E1,1.891419291E-1
4.496420316E1,1.077390790E0,-1.077630138E1,7.182604820E-2
4.496621732E1,1.319205165E0,-1.083855152E1,-1.436521020E-2
4.496817045E1,1.546654344E0,-1.091277122E1,-5.027823523E-2
4.497015409E1,1.766920805E0,-1.100614548E1,-5.746084079E-2
4.497213773E1,1.975216389E0,-1.109951878E1,-5.027823523E-2
4.497412138E1,2.181117773E0,-1.117852783E1,-3.112462163E-2
4.497607450E1,2.375048161E0,-1.125993061E1,-1.197100803E-2
4.497808866E1,2.549824715E0,-1.133893967E1,2.154781483E-2
4.498004179E1,2.715024710E0,-1.142273617E1,7.422025502E-2
4.498205595E1,2.849100113E0,-1.152329254E1,1.604115069E-1
4.498400907E1,2.959233284E0,-1.161666679E1,2.896983922E-1
4.498602323E1,3.064578056E0,-1.170285797E1,4.525041282E-1
4.498794584E1,3.153163671E0,-1.179144382E1,6.488286853E-1
4.498996000E1,3.213018656E0,-1.188242340E1,8.810662031E-1
4.499194364E1,3.265691042E0,-1.197579670E1,1.146822572E0
4.499392728E1,3.294421434E0,-1.210508347E1,1.417367458E0
4.499584989E1,3.299209833E0,-1.218409252E1,1.556231141E0
4.499786405E1,3.268085241E0,-1.246900272E1,2.008735180E0
4.499981718E1,3.246537447E0,-1.257195282E1,2.161964178E0
4.500180082E1,3.181894064E0,-1.277785492E1,2.458845139E0
4.500372343E1,3.069366693E0,-1.300530338E1,2.753331900E0
4.500573759E1,2.949656487E0,-1.325669479E1,3.047818661E0
4.500769071E1,2.832340717E0,-1.353681660E1,3.337517262E0
4.500967435E1,2.710236311E0,-1.383609200E1,3.620033026E0
4.501165800E1,2.595314741E0,-1.414015484E1,3.885789394E0
4.501364164E1,2.477998734E0,-1.443943024E1,4.122815132E0
4.501559476E1,2.372653961E0,-1.473152351E1,4.333505154E0
4.501757841E1,2.281674147E0,-1.499249077E1,4.520252705E0
4.501956205E1,2.212242365E0,-1.520078659E1,4.699818134E0
4.502157621E1,2.161964178E0,-1.536359215E1,4.874594688E0
4.502352933E1,2.123656988E0,-1.547133160E1,5.032611847E0
4.502551298E1,2.099714994E0,-1.550963879E1,5.190629482E0
4.502746610E1,2.075772762E0,-1.548090839E1,5.360617638E0
4.502944974E1,2.068590164E0,-1.539711094E1,5.571307182E0
4.503140287E1,2.094926596E0,-1.528218937E1,5.820304394E0
4.503341703E1,2.121262789E0,-1.514332581E1,6.076483727E0
4.503537016E1,2.121262789E0,-1.499967384E1,6.315904140E0
4.503735380E1,2.090138197E0,-1.487278080E1,6.536170483E0
4.503933744E1,2.027888775E0,-1.479616642E1,6.734889507E0
4.504135160E1,1.929726601E0,-1.476743603E1,6.873753071E0
4.504330473E1,1.802833915E0,-1.479137802E1,6.979097843E0
4.504528837E1,1.656787634E0,-1.487756920E1,7.072471619E0
4.504724149E1,1.493981838E0,-1.500925064E1,7.141903877E0
4.504925565E1,1.304839969E0,-1.517205620E1,7.182605267E0
4.505120878E1,1.094150186E0,-1.536119843E1,7.216124058E0
4.505322294E1,8.930372596E-1,-1.557667637E1,7.264008045E0
4.505517606E1,6.991068721E-1,-1.579694271E1,7.307103634E0
4.505715971E1,5.147533417E-1,-1.600284386E1,7.347805023E0
4.505911283E1,3.327940404E-1,-1.616564941E1,7.371747017E0
4.506112699E1,1.484405100E-1,-1.628775406E1,7.335834026E0
4.506308012E1,-5.506663769E-2,-1.635239792E1,7.208941460E0
4.506506376E1,-2.753331959E-1,-1.636436844E1,7.010222435E0
4.506704740E1,-4.908113480E-1,-1.631648445E1,6.754043102E0
4.506903104E1,-6.799532771E-1,-1.620635223E1,6.445190907E0
4.507098417E1,-8.403648138E-1,-1.603875732E1,6.076483727E0
4.507296781E1,-9.888052940E-1,-1.584482670E1,5.679046631E0
4.507495145E1,-1.118092179E0,-1.561737728E1,5.252878666E0
4.507696561E1,-1.204283476E0,-1.536598682E1,4.786009312E0
4.507891874E1,-1.211466074E0,-1.509783554E1,4.304774761E0
4.508093290E1,-1.142034173E0,-1.482729149E1,3.840299606E0
4.508288602E1,-9.648633003E-1,-1.455914021E1,3.385401249E0
4.508490018E1,-6.991068721E-1,-1.428141308E1,2.937685490E0
4.508685331E1,-4.477157295E-1,-1.400129128E1,2.480392933E0
4.508883695E1,-2.968810201E-1,-1.371877575E1,1.994369984E0
4.509082059E1,-2.585737705E-1,-1.343386555E1,1.493981838E0
4.509280424E1,-3.112462163E-1,-1.317289734E1,1.005564690E0
4.509475736E1,-4.668693244E-1,-1.294784260E1,5.363011956E-1
4.509677152E1,-7.110779285E-1,-1.274912453E1,6.224924326E-2
4.509872465E1,-1.007958889E0,-1.258392429E1,-3.591302633E-1
4.510070829E1,-1.343147159E0,-1.246660805E1,-7.254431248E-1
4.510263090E1,-1.721431017E0,-1.239717674E1,-1.051054597E0
4.510464506E1,-2.116474390E0,-1.238041687E1,-1.347935557E0
4.510662870E1,-2.487575531E0,-1.240435886E1,-1.616086125E0
4.510861234E1,-2.786850691E0,-1.244266605E1,-1.855506301E0
4.511059598E1,-3.011905670E0,-1.250012684E1,-2.094926596E0
4.511257963E1,-3.201047659E0,-1.256237602E1,-2.367865562E0
4.511453275E1,-3.380612850E0,-1.264138508E1,-2.669534922E0
4.511654691E1,-3.538630009E0,-1.272757626E1,-2.959233284E0
4.511850004E1,-3.703830004E0,-1.283770943E1,-3.196259260E0
4.512048368E1,-3.897760391E0,-1.295741940E1,-3.368641853E0
4.512243680E1,-4.098873138E0,-1.307234097E1,-3.521870613E0
4.512445096E1,-4.256890774E0,-1.318008041E1,-3.665522814E0
4.512640409E1,-4.381389141E0,-1.327824306E1,-3.811569214E0
4.512838773E1,-4.465186119E0,-1.335485744E1,-3.971980572E0
4.513037138E1,-4.517858505E0,-1.338358784E1,-4.129997730E0
4.513235502E1,-4.534617901E0,-1.337401104E1,-4.247313976E0
4.513427762E1,-4.517858505E0,-1.334767437E1,-4.297592163E0
4.513629179E1,-4.479551315E0,-1.331894398E1,-4.367023945E0
4.513824491E1,-4.424484730E0,-1.328303146E1,-4.510675907E0
4.514025907E1,-4.333505154E0,-1.323514652E1,-4.635174274E0
4.514221220E1,-4.182670593E0,-1.313937855E1,-4.707000732E0
4.514422636E1,-4.015076160E0,-1.298614979E1,-4.764461517E0
4.514617948E1,-3.857059002E0,-1.278982544E1,-4.814739704E0
4.514816312E1,-3.711012602E0,-1.257674122E1,-4.857835293E0
4.515014677E1,-3.567360640E0,-1.236605167E1,-4.891354084E0
4.515209989E1,-3.421314240E0,-1.215057373E1,-4.886565685E0
4.515408353E1,-3.277662039E0,-1.193988419E1,-4.855441093E0
4.515609769E1,-3.181894064E0,-1.172440529E1,-4.838681698E0
4.515805082E1,-3.126827478E0,-1.150892735E1,-4.831499100E0
4.516006498E1,-3.004723072E0,-1.126711273E1,-4.843470097E0
4.516204862E1,-2.703053713E0,-1.100853920E1,-4.857835293E0
4.516403226E1,-2.114080191E0,-1.071644688E1,-4.881777287E0
4.516601591E1,-1.244984865E0,-1.038365269E1,-4.917690277E0
4.516803007E1,-3.423708379E-1,-1.007958889E1,-4.843470097E0
4.516998319E1,4.309562966E-2,-9.957485199E0,-4.714183331E0
4.517196683E1,8.571242094E-1,-9.706093788E0,-4.024652958E0
4.517395048E1,1.084573388E0,-9.655815125E0,-3.746925592E0
4.517593412E1,1.549048543E0,-9.603142738E0,-3.177105665E0
4.517788724E1,2.109291792E0,-9.643844604E0,-2.659958124E0
4.517987089E1,2.846705914E0,-9.780313492E0,-2.296039343E0
4.518185453E1,3.481169224E0,-9.959878922E0,-2.123656988E0
4.518380766E1,3.476380825E0,-1.016578007E1,-2.013523579E0
4.518579130E1,2.920926094E0,-1.037647057E1,-1.781286120E0
4.518780546E1,2.298433542E0,-1.059673691E1,-1.182735682E0
4.518975858E1,1.769315004E0,-1.085531044E1,-2.801215947E-1
4.519171171E1,1.302445769E0,-1.109951878E1,5.961562395E-1
4.519369535E1,1.007958889E0,-1.129584408E1,1.144428372E0
4.519567899E1,9.241618514E-1,-1.148977375E1,1.412579060E0
4.519763212E1,9.744400978E-1,-1.164060879E1,1.721431017E0
4.519961576E1,1.122880578E0,-1.176750088E1,2.224213362E0
4.520159940E1,1.242590666E0,-1.189200020E1,2.839523315E0
4.520358304E1,1.300051570E0,-1.201410389E1,3.517082214E0
4.520553617E1,1.254561663E0,-1.211466026E1,4.132391930E0
4.520755033E1,1.235408068E0,-1.213860226E1,4.656722069E0
4.520950346E1,1.434126854E0,-1.207156467E1,5.104437828E0
4.521145658E1,1.673547029E0,-1.197340298E1,5.183446884E0
4.521344022E1,1.850717902E0,-1.193030739E1,4.970362663E0
4.521542387E1,1.905784607E0,-1.196382618E1,4.666299343E0
4.521737699E1,1.869871497E0,-1.196382618E1,4.419696331E0
4.521936063E1,1.857900500E0,-1.188721180E1,4.158728123E0
4.522134428E1,1.910573006E0,-1.174834728E1,3.816357613E0
4.522335844E1,2.015917778E0,-1.158314800E1,3.445256233E0
4.522534208E1,2.166752577E0,-1.139400578E1,3.004723072E0
4.522732572E1,2.272097349E0,-1.120725822E1,2.482787132E0
4.522930936E1,2.274491549E0,-1.104205799E1,1.958456993E0
4.523129301E1,2.178723574E0,-1.090319443E1,1.513135433E0
4.523324613E1,2.078166962E0,-1.075714779E1,1.106121182E0
4.523526029E1,2.030282974E0,-1.058237171E1,6.679822803E-1
4.523721342E1,1.965639591E0,-1.043153667E1,2.489969730E-1
4.523919706E1,1.831564307E0,-1.031182671E1,-7.661445439E-2
4.524115018E1,1.695094824E0,-1.018014526E1,-3.040636182E-1
4.524316434E1,1.594538331E0,-1.003649330E1,-4.716577232E-1
4.524511747E1,1.525106430E0,-9.873687744E0,-6.440402865E-1
4.524710111E1,1.448492050E0,-9.691728592E0,-8.259995580E-1
4.524908475E1,1.331176162E0,-9.516951561E0,-9.672574997E-1
4.525103788E1,1.149216771E0,-9.385271072E0,-1.053448796E0
4.525302152E1,9.648633003E-1,-9.258378029E0,-1.122880578E0
4.525503568E1,8.331822157E-1,-9.112331390E0,-1.206677675E0
4.525698881E1,7.709329724E-1,-8.961497307E0,-1.271321058E0
4.525897245E1,6.775590777E-1,-8.832210541E0,-1.158793569E0
4.526092558E1,5.027823448E-1,-8.731653214E0,-9.528923035E-1
4.526293974E1,2.992752194E-1,-8.611943245E0,-8.212111592E-1
4.526489286E1,8.858546615E-2,-8.451532364E0,-7.924807668E-1
4.526687650E1,-1.005564705E-1,-8.291120529E0,-8.355764151E-1
4.526886015E1,-2.082955539E-1,-8.149862289E0,-9.289502501E-1
4.527084379E1,-2.059013397E-1,-7.999027729E0,-1.051054597E0
4.527279691E1,-1.077390760E-1,-7.807491779E0,-1.192312479E0
4.527481107E1,-5.027823523E-2,-7.603984833E0,-1.302445769E0
4.527673368E1,-9.816227108E-2,-7.417236805E0,-1.388636947E0
4.527874784E1,-1.197100878E-1,-7.225700855E0,-1.455674648E0
4.528070096E1,-9.097966552E-2,-7.082048416E0,-1.489193439E0
4.528268461E1,-2.178723514E-1,-6.904877663E0,-1.434126854E0
4.528466825E1,-8.475474119E-1,-6.514622688E0,-1.060631394E0
4.528665189E1,-1.426944256E0,-6.150704384E0,-7.230489254E-1
4.528860502E1,-1.505952835E0,-6.105214119E0,-9.121908545E-1
4.529058866E1,-1.417367458E0,-6.205770969E0,-1.242590666E0
4.529257230E1,-1.290474772E0,-6.356605530E0,-1.472434044E0
4.529455595E1,-1.139639974E0,-6.550535679E0,-1.699883223E0
4.529653959E1,-9.935936928E-1,-6.744466305E0,-1.934514999E0
4.529852323E1,-9.409212470E-1,-6.924031258E0,-2.068590164E0
4.530050687E1,-1.055842996E0,-7.077260017E0,-2.025494576E0
4.530246000E1,-1.261744261E0,-7.170634270E0,-1.833958507E0
4.530444364E1,-1.314416766E0,-7.244854450E0,-1.663970232E0
4.530645780E1,-1.154005170E0,-7.292738438E0,-1.587355733E0
4.530841093E1,-1.003170490E0,-7.328651428E0,-1.453280449E0
4.531039457E1,-1.031900883E0,-7.343016624E0,-1.168370485E0
4.531234769E1,-1.065419793E0,-7.333439827E0,-1.082179189E0
4.531433134E1,-9.792284966E-1,-7.326257229E0,-1.300051570E0
4.531628446E1,-9.193734527E-1,-7.335834026E0,-1.505952835E0
4.531829862E1,-8.379706144E-1,-7.328651428E0,-1.570596337E0
4.532025175E1,-7.757213712E-1,-7.328651428E0,-1.563413739E0
4.532223539E1,-7.637503147E-1,-7.321468830E0,-1.505952835E0
4.532421903E1,-7.541735172E-1,-7.268796444E0,-1.407790542E0
4.532620267E1,-7.996633649E-1,-7.220912457E0,-1.297657371E0
4.532812528E1,-8.571242094E-1,-7.213729858E0,-1.240196466E0
4.533013944E1,-1.019929886E0,-7.204153061E0,-1.118092179E0
4.533209257E1,-1.201889277E0,-7.175422668E0,-9.959878922E-1
4.533410673E1,-1.376665950E0,-7.139509678E0,-8.690952063E-1
4.533602933E1,-1.551442742E0,-7.108384609E0,-7.709329724E-1
4.533804349E1,-1.745373011E0,-7.060500622E0,-7.015010715E-1
4.533999662E1,-2.013523579E0,-6.964732647E0,-6.296750307E-1
4.534198026E1,-2.166752577E0,-6.864176273E0,-5.985504389E-1
4.534396390E1,-2.176329374E0,-6.789956093E0,-5.889736414E-1
4.534594755E1,-2.154781580E0,-6.694188118E0,-6.320692301E-1
4.534793119E1,-2.138022184E0,-6.548141479E0,-7.637503147E-1
4.534991483E1,-2.082955360E0,-6.392518520E0,-9.026140571E-1
4.535189848E1,-2.025494576E0,-6.241683960E0,-1.007958889E0
4.535388212E1,-2.051830769E0,-6.107608318E0,-1.074996591E0
4.535583524E1,-2.166752577E0,-6.009446144E0,-1.101332784E0
4.535784940E1,-2.336740971E0,-5.928043365E0,-1.089361787E0
4.535980253E1,-2.477998734E0,-5.825092793E0,-1.053448796E0
4.536178617E1,-2.583343744E0,-5.714959621E0,-1.022324085E0
4.536373930E1,-2.710236311E0,-5.614402771E0,-9.983820915E-1
4.536572294E1,-2.844311714E0,-5.523423195E0,-9.600749016E-1
4.536767606E1,-2.971204281E0,-5.430049419E0,-9.121908545E-1
4.536969022E1,-3.119644880E0,-5.358223438E0,-8.643068075E-1
4.537164335E1,-3.299209833E0,-5.341464043E0,-8.092401624E-1
4.537362699E1,-3.442862034E0,-5.367800236E0,-7.781155705E-1
4.537561063E1,-3.445256233E0,-5.351040840E0,-8.140285611E-1
4.537762479E1,-3.284844637E0,-5.231330872E0,-8.786720037E-1
4.537957792E1,-3.038241863E0,-5.035006046E0,-9.457096457E-1
4.538156156E1,-2.849100113E0,-4.812345505E0,-1.007958889E0
4.538354520E1,-2.808398485E0,-4.618414879E0,-1.051054597E0
4.538552885E1,-2.899378300E0,-4.460397720E0,-1.077390790E0
4.538745145E1,-3.066972494E0,-4.319139957E0,-1.120486379E0
4.538946561E1,-3.260902643E0,-4.177882195E0,-1.182735682E0
4.539141874E1,-3.490746021E0,-4.050989151E0,-1.233013868E0
4.539340238E1,-3.775655985E0,-3.967192173E0,-1.254561663E0
4.539535551E1,-4.077325344E0,-3.900154591E0,-1.264138460E0
4.539736967E1,-4.371812344E0,-3.864241600E0,-1.242590666E0
4.539932279E1,-4.608838081E0,-3.809175014E0,-1.221042871E0
4.540130643E1,-4.786009312E0,-3.739742994E0,-1.213860273E0
4.540329008E1,-4.946420670E0,-3.687070608E0,-1.209071875E0
4.540527372E1,-5.056553841E0,-3.641580820E0,-1.211466074E0
4.540719633E1,-5.082890034E0,-3.586514235E0,-1.221042871E0
4.540921049E1,-5.085284233E0,-3.545812607E0,-1.218648672E0
4.541119413E1,-5.130774021E0,-3.562572241E0,-1.201889277E0
4.541317777E1,-5.188235283E0,-3.600879431E0,-1.182735682E0
4.541513090E1,-5.169081688E0,-3.615244627E0,-1.182735682E0
4.541711454E1,-5.080495834E0,-3.610456228E0,-1.199495077E0
4.541909818E1,-4.994304657E0,-3.634398222E0,-1.211466074E0
4.542108182E1,-4.924872875E0,-3.677493811E0,-1.201889277E0
4.542303495E1,-4.891354084E0,-3.734954596E0,-1.175553083E0
4.542504911E1,-4.879383087E0,-3.816357613E0,-1.115697980E0
4.542700224E1,-4.867412090E0,-3.916913986E0,-1.034295082E0
4.542895536E1,-4.845864296E0,-4.015076160E0,-9.648633003E-1
4.543093900E1,-4.783615112E0,-4.086902142E0,-9.193734527E-1
4.543292265E1,-4.661510944E0,-4.139574528E0,-8.667010069E-1
4.543487577E1,-4.525041103E0,-4.165910721E0,-8.236053586E-1
4.543685941E1,-4.386177540E0,-4.175487995E0,-7.972691655E-1
4.543884306E1,-4.237737179E0,-4.189853191E0,-7.709329724E-1
4.544082670E1,-4.098873138E0,-4.216189384E0,-7.541735172E-1
4.544277982E1,-3.981557369E0,-4.264073372E0,-7.350199223E-1
4.544479398E1,-3.883395195E0,-4.328716755E0,-7.206547260E-1
4.544674711E1,-3.787626982E0,-4.386177540E0,-7.134721279E-1
4.544873075E1,-3.691859007E0,-4.438849926E0,-6.943184733E-1
4.545071439E1,-3.581725836E0,-4.477157116E0,-6.607996821E-1
4.545269804E1,-3.450044632E0,-4.501099110E0,-6.272808313E-1
4.545465116E1,-3.308786631E0,-4.520252705E0,-5.865794420E-1
4.545666532E1,-3.160346270E0,-4.541800499E0,-5.195417404E-1
4.545861845E1,-2.990357876E0,-4.563348293E0,-4.261679053E-1
4.546060209E1,-2.810792685E0,-4.592078686E0,-3.160346150E-1
4.546255521E1,-2.640804529E0,-4.642356873E0,-2.178723514E-1
4.546456937E1,-2.487575531E0,-4.714183331E0,-1.532289088E-1
4.546652250E1,-2.365471363E0,-4.812345505E0,-1.077390760E-1
4.546853666E1,-2.250549555E0,-4.915296078E0,-4.548983276E-2
4.547045927E1,-2.118868589E0,-5.018246651E0,6.464344263E-2
4.547247343E1,-1.968033791E0,-5.123591423E0,2.681505978E-1
4.547442655E1,-1.798045516E0,-5.240907669E0,5.363011956E-1
4.547641019E1,-1.613691926E0,-5.363011837E0,8.379706144E-1
4.547833280E1,-1.525106430E0,-5.427655220E0,9.983820915E-1
4.548034696E1,-1.371877551E0,-5.583278179E0,1.314416766E0
4.548230009E1,-1.278503656E0,-5.789179802E0,1.611297727E0
4.548428373E1,-1.292868972E0,-6.062118530E0,1.869871497E0
4.548626737E1,-1.369483352E0,-6.380547523E0,2.092532396E0
4.548825101E1,-1.407790542E0,-6.694188118E0,2.310404539E0
4.549017362E1,-1.391031146E0,-6.974309444E0,2.568978310E0
4.549218778E1,-1.316810966E0,-7.225700855E0,2.877830505E0
4.549414091E1,-1.197100878E0,-7.460332394E0,3.232172251E0
4.549612455E1,-1.077390790E0,-7.682993412E0,3.588908434E0
4.549804716E1,-9.648633003E-1,-7.888894558E0,3.931279182E0
4.550006132E1,-8.499416113E-1,-8.109161377E0,4.268861771E0
4.550201444E1,-7.326257229E-1,-8.372523308E0,4.632780075E0
4.550399808E1,-6.033388376E-1,-8.664615631E0,5.090072632E0
4.550598173E1,-4.333505034E-1,-8.975862503E0,5.638344765E0
4.550796537E1,-2.250549644E-1,-9.291896820E0,6.186617374E0
4.550991849E1,-2.394201700E-3,-9.624691010E0,6.787561893E0
4.551193266E1,2.274491638E-1,-1.000776291E1,7.335834026E0
4.551388578E1,4.979939461E-1,-1.041956615E1,7.939172745E0
4.551589994E1,7.829039693E-1,-1.086967564E1,8.568847656E0
4.551785307E1,1.048660398E0,-1.136767006E1,9.160215378E0
4.551986723E1,1.309628367E0,-1.193270111E1,9.744400978E0
4.552185087E1,1.568202138E0,-1.255519390E1,1.035252857E1
4.552383451E1,1.798045516E0,-1.322317600E1,1.098220348E1
4.552581815E1,2.020706177E0,-1.396298409E1,1.159033012E1
4.552780180E1,2.255337954E0,-1.476743603E1,1.214578533E1
4.552972440E1,2.485181332E0,-1.560780048E1,1.260068321E1
4.553173856E1,2.791639090E0,-1.646971321E1,1.289517021E1
4.553369169E1,3.169923067E0,-1.732683754E1,1.313219643E1
4.553567533E1,3.545812607E0,-1.816959763E1,1.330457878E1
4.553762846E1,3.849876404E0,-1.899559593E1,1.340513515E1
4.553964262E1,4.077325344E0,-1.977371216E1,1.348893261E1
4.554159574E1,4.288015366E0,-2.048957825E1,1.356794071E1
4.554357938E1,4.469974518E0,-2.114080048E1,1.369004536E1
4.554556303E1,4.577713490E0,-2.170104408E1,1.392707157E1
4.554754667E1,4.627991676E0,-2.214157677E1,1.423592377E1
4.554949979E1,4.647145271E0,-2.246000671E1,1.460702419E1
4.555151395E1,4.683058739E0,-2.260365868E1,1.501403904E1
4.555343656E1,4.793191910E0,-2.248873711E1,1.534922695E1
4.555545072E1,4.996698856E0,-2.211045265E1,1.555991650E1
4.555743436E1,5.245696068E0,-2.149753761E1,1.561019516E1
4.555941801E1,5.432443619E0,-2.070745087E1,1.546175480E1
4.556140165E1,5.477933407E0,-1.982398987E1,1.515529633E1
4.556341581E1,5.363011837E0,-1.892137527E1,1.471955204E1
4.556536893E1,5.109226227E0,-1.799960899E1,1.415691471E1
4.556735258E1,4.790797710E0,-1.708262825E1,1.347696114E1
4.556933622E1,4.424484730E0,-1.617522621E1,1.272278786E1
4.557131986E1,4.010287762E0,-1.530134296E1,1.194706631E1
4.557327299E1,3.567360640E0,-1.447534370E1,1.117852783E1
4.557525663E1,3.086126089E0,-1.371159267E1,1.040998936E1
4.557724027E1,2.578555346E0,-1.301009178E1,9.627084732E0
4.557919340E1,2.037465572E0,-1.236605167E1,8.858546257E0
4.558117704E1,1.462857246E0,-1.179623222E1,8.113949776E0
4.558319120E1,8.499416113E-1,-1.129584408E1,7.414842606E0
4.558514432E1,2.489969730E-1,-1.082658005E1,6.742072105E0
4.558709745E1,-3.256114423E-1,-1.040520096E1,6.083666325E0
4.558908109E1,-9.050082564E-1,-1.004846478E1,5.461174011E0
4.559109525E1,-1.529894829E0,-9.765948296E0,4.941632271E0
4.559304838E1,-2.157175779E0,-9.531316757E0,4.529829502E0
4.559506254E1,-2.683900118E0,-9.291896820E0,4.204218388E0
4.559701566E1,-3.047818661E0,-9.033323288E0,3.945644379E0
4.559902982E1,-3.402160645E0,-8.793902397E0,3.761290789E0
4.560098295E1,-3.806780815E0,-8.590395927E0,3.620033026E0
4.560296659E1,-4.216189384E0,-8.408436775E0,3.488351822E0
4.560495023E1,-4.570530891E0,-8.221688271E0,3.337517262E0
4.560693388E1,-4.831499100E0,-8.022970200E0,3.136404276E0
4.560888700E1,-5.003881454E0,-7.836222172E0,2.875436306E0
4.561090116E1,-5.073313236E0,-7.651868820E0,2.545036316E0
4.561285429E1,-5.037400246E0,-7.486668587E0,2.123656988E0
4.561483793E1,-4.920084476E0,-7.357381821E0,1.584961534E0
4.561676054E1,-4.735731125E0,-7.283161640E0,9.097966552E-1
4.561877470E1,-4.515464306E0,-7.331045628E0,2.106897533E-1
4.562072782E1,-4.299986362E0,-7.548917770E0,-3.998316824E-1
4.562271146E1,-4.113238335E0,-7.951143742E0,-9.361328483E-1
4.562469511E1,-3.926490784E0,-8.513781548E0,-1.470039845E0
4.562667875E1,-3.694253206E0,-9.157821655E0,-2.051830769E0
4.562860136E1,-3.579331636E0,-9.495404243E0,-2.363077164E0
4.563061552E1,-3.313575268E0,-1.057758331E1,-3.488351822E0
4.563256864E1,-3.241749048E0,-1.094150162E1,-3.952826977E0
4.563455228E1,-3.095702887E0,-1.163582039E1,-4.984727859E0
4.563647489E1,-2.928108692E0,-1.228225517E1,-6.074089527E0
4.563848905E1,-2.777273893E0,-1.289038181E1,-7.173028469E0
4.564044218E1,-2.695871115E0,-1.350329781E1,-8.248024940E0
4.564242582E1,-2.652775526E0,-1.411860752E1,-9.244012833E0
4.564440946E1,-2.609679937E0,-1.471476364E1,-1.007958889E1
4.564639310E1,-2.561795712E0,-1.528218937E1,-1.062307262E1
4.564834623E1,-2.470816135E0,-1.575384712E1,-1.085531044E1
4.565036039E1,-2.288856745E0,-1.606748772E1,-1.084094524E1
4.565231351E1,-2.066195965E0,-1.625423622E1,-1.067813969E1
4.565429716E1,-1.853112102E0,-1.635000420E1,-1.039083576E1
4.565628080E1,-1.656787634E0,-1.637633896E1,-9.967061996E0
4.565826444E1,-1.532289028E0,-1.635000420E1,-9.466673851E0
4.566024808E1,-1.470039845E0,-1.625423622E1,-8.911218643E0
4.566226224E1,-1.453280449E0,-1.609142876E1,-8.307879448E0
4.566421537E1,-1.438915253E0,-1.588074017E1,-7.661445618E0
4.566619901E1,-1.426944256E0,-1.562934875E1,-6.943184853E0
4.566818266E1,-1.429338455E0,-1.533246803E1,-6.169857979E0
4.567016630E1,-1.453280449E0,-1.500206757E1,-5.365406036E0
4.567211942E1,-1.448492050E0,-1.461420727E1,-4.505887508E0
4.567410307E1,-1.400607944E0,-1.415212631E1,-3.557783842E0
4.567608671E1,-1.335964561E0,-1.366849709E1,-2.473210335E0
4.567803983E1,-1.230619669E0,-1.317529202E1,-1.278503656E0
4.568002348E1,-1.043871999E0,-1.265096188E1,4.788403399E-3
4.568203764E1,-7.445967197E-1,-1.209790134E1,1.326387763E0
4.568399076E1,-3.136404157E-1,-1.152089882E1,2.564189911E0
4.568597440E1,2.178723514E-1,-1.093431950E1,3.622427225E0
4.568795804E1,8.068459630E-1,-1.033098030E1,4.486733913E0
4.568994169E1,1.386242747E0,-9.710882187E0,5.092466831E0
4.569189481E1,1.877054095E0,-9.114726067E0,5.394136429E0
4.569387846E1,2.214636564E0,-8.566453934E0,5.363011837E0
4.569586210E1,2.379836559E0,-8.068459511E0,5.037400246E0
4.569784574E1,2.384624958E0,-7.615955830E0,4.508281708E0
4.569979887E1,2.281674147E0,-7.223306656E0,3.804386616E0
4.570181303E1,2.106897593E0,-6.888118267E0,2.944868088E0
4.570376615E1,1.910573006E0,-6.603208065E0,1.970427990E0
4.570574979E1,1.726219416E0,-6.339846134E0,9.528923035E-1
4.570773344E1,1.553836942E0,-6.110002518E0,-2.633621916E-2
4.570971708E1,1.371877551E0,-5.932831764E0,-8.930372596E-1
4.571163969E1,1.192312479E0,-5.808333397E0,-1.582567334E0
4.571365385E1,1.027112484E0,-5.722142220E0,-2.123656988E0
4.571563749E1,7.637503147E-1,-5.688623428E0,-2.501940727E0
4.571762113E1,3.351882398E-1,-5.691017628E0,-2.746149302E0
4.571960477E1,-1.364694983E-1,-5.698200226E0,-2.937685490E0
4.572161893E1,-5.410895944E-1,-5.698200226E0,-3.090914488E0
4.572357206E1,-8.283938169E-1,-5.710171223E0,-3.198653460E0
4.572555570E1,-1.015141487E0,-5.738901615E0,-3.253720045E0
4.572753934E1,-1.173158884E0,-5.765237808E0,-3.268085241E0
4.572952299E1,-1.357512355E0,-5.793968201E0,-3.239354849E0
4.573147611E1,-1.556231141E0,-5.837063789E0,-3.208230257E0
4.573345975E1,-1.790862918E0,-5.896918774E0,-3.160346270E0
4.573544340E1,-2.116474390E0,-5.966350555E0,-3.093308687E0
4.573742704E1,-2.463633537E0,-6.026205540E0,-3.074155092E0
4.573938016E1,-2.784456491E0,-6.090848923E0,-3.098097086E0
4.574139432E1,-3.088520288E0,-6.212953568E0,-3.157952070E0
4.574334745E1,-3.366247654E0,-6.361393929E0,-3.246537447E0
4.574533109E1,-3.600879431E0,-6.528987885E0,-3.337517262E0
4.574731474E1,-3.775655985E0,-6.722918510E0,-3.418920040E0
4.574929838E1,-3.847482204E0,-6.909666061E0,-3.478775024E0
4.575125150E1,-3.825934410E0,-7.084442616E0,-3.507505417E0
4.575326566E1,-3.687070608E0,-7.273584843E0,-3.567360640E0
4.575521879E1,-3.507505417E0,-7.496245384E0,-3.624821424E0
4.575720243E1,-3.483563423E0,-7.771578789E0,-3.545812607E0
4.575918607E1,-3.529053211E0,-8.090007782E0,-3.359065056E0
4.576116972E1,-3.519476414E0,-8.439560890E0,-3.138798475E0
4.576312284E1,-3.459621429E0,-8.798690796E0,-2.942473888E0
4.576513700E1,-3.368641853E0,-9.148244858E0,-2.767697096E0
4.576709012E1,-3.229778051E0,-9.476250648E0,-2.616862535E0
4.576907377E1,-3.019088268E0,-9.775525093E0,-2.521094322E0
4.577105741E1,-2.722207308E0,-1.006761837E1,-2.451662540E0
4.577307157E1,-2.382230759E0,-1.035252857E1,-2.353500366E0
4.577502470E1,-1.994369984E0,-1.063983250E1,-2.193088770E0
4.577700834E1,-1.532289028E0,-1.091516590E1,-1.980004787E0
4.577899198E1,-1.003170490E0,-1.115937424E1,-1.721431017E0
4.578097562E1,-4.405331016E-1,-1.138203526E1,-1.431732655E0
4.578292875E1,8.858546615E-2,-1.157835960E1,-1.070208192E0
4.578494291E1,5.578489900E-1,-1.174116516E1,-6.296750307E-1
4.578692655E1,1.082179189E0,-1.186087513E1,-1.891419291E-1
4.578891019E1,1.675941229E0,-1.194706631E1,2.202665508E-1
4.579086332E1,2.231395960E0,-1.199495029E1,5.913678408E-1
4.579284696E1,2.707842112E0,-1.198776817E1,9.481038451E-1
4.579483060E1,3.134010077E0,-1.193988419E1,1.276109457E0
4.579678373E1,3.495534420E0,-1.187045193E1,1.572990537E0
4.579876737E1,3.809175014E0,-1.179623222E1,1.805228114E0
4.580078153E1,4.079719543E0,-1.170285797E1,1.965639591E0
4.580273466E1,4.333505154E0,-1.159751320E1,2.075772762E0
4.580468778E1,4.453215122E0,-1.154962921E1,2.121262789E0
4.580667142E1,4.678270340E0,-1.147540855E1,2.178723574E0
4.580865507E1,4.934449673E0,-1.140118885E1,2.178723574E0
4.581060819E1,5.219359875E0,-1.132696819E1,2.111685991E0
4.581259183E1,5.482721806E0,-1.122880554E1,2.003946781E0
4.581457548E1,5.710171223E0,-1.111149025E1,1.881842494E0
4.581655912E1,5.889736176E0,-1.098938560E1,1.814804912E0
4.581851224E1,6.007051945E0,-1.086009884E1,1.771709204E0
4.582052640E1,6.038176537E0,-1.072362900E1,1.702277422E0
4.582247953E1,5.932831764E0,-1.058476543E1,1.678335428E0
4.582446317E1,5.719748020E0,-1.046505547E1,1.723825216E0
4.582644682E1,5.497087002E0,-1.035013390E1,1.793257117E0
4.582843046E1,5.293580055E0,-1.023760605E1,1.841141105E0
4.583038358E1,5.106832027E0,-1.011789608E1,1.884236693E0
4.583236723E1,4.912901878E0,-9.991003990E0,1.917755604E0
4.583435087E1,4.683058739E0,-9.871294022E0,1.946485996E0
4.583630399E1,4.402936935E0,-9.753977776E0,1.984793186E0
4.583828764E1,4.067748547E0,-9.619902611E0,2.035071373E0
4.584030180E1,3.720589399E0,-9.493009567E0,2.087743998E0
4.584225492E1,3.368641853E0,-9.363722801E0,2.121262789E0
4.584423856E1,2.995146275E0,-9.258378029E0,2.109291792E0
4.584622221E1,2.590526342E0,-9.179368973E0,2.042253971E0
4.584820585E1,2.169146776E0,-9.114726067E0,1.903390408E0
4.585015897E1,1.733402014E0,-9.057265282E0,1.685518026E0
4.585214262E1,1.314416766E0,-9.014169693E0,1.405396342E0
4.585412626E1,9.457096457E-1,-8.978256226E0,1.079784989E0
4.585614042E1,6.488286853E-1,-8.947132111E0,7.086837292E-1
4.585806303E1,4.070142806E-1,-8.904036522E0,3.327940404E-1
4.586007719E1,2.035071403E-1,-8.848969460E0,-2.394201700E-3
4.586203031E1,-2.394201700E-3,-8.798690796E0,-2.777273953E-1
4.586401395E1,-2.442085743E-1,-8.741230011E0,-4.836287498E-1
4.586596708E1,-4.740519226E-1,-8.678980827E0,-6.416460276E-1
4.586795072E1,-6.775590777E-1,-8.597578049E0,-7.589619160E-1
4.586993436E1,-8.954314590E-1,-8.525752068E0,-7.733271718E-1
4.587194852E1,-1.177947283E0,-8.504204750E0,-6.607996821E-1
4.587390165E1,-1.510741234E0,-8.556877136E0,-4.548983276E-1
4.587588529E1,-1.826775908E0,-8.659827232E0,-2.489969730E-1
4.587783842E1,-2.049436569E0,-8.750806808E0,-1.628057212E-1
4.587985258E1,-2.135627985E0,-8.803479195E0,-2.082955539E-1
4.588180570E1,-2.111685991E0,-8.793902397E0,-2.968810201E-1
4.588381986E1,-2.085349798E0,-8.736441612E0,-3.471592367E-1
4.588577299E1,-2.128445387E0,-8.686163902E0,-3.543418646E-1
4.588778715E1,-2.214636564E0,-8.662221909E0,-3.303998411E-1
4.588970975E1,-2.276885748E0,-8.662221909E0,-2.801215947E-1
4.589172391E1,-2.293645144E0,-8.650250435E0,-2.130839527E-1
4.589367704E1,-2.262520552E0,-8.628703117E0,-1.292868853E-1
4.589566068E1,-2.185906172E0,-8.588001251E0,-3.591302410E-2
4.589764432E1,-2.073378563E0,-8.552088737E0,6.703764945E-2
4.589962797E1,-1.932120800E0,-8.532935143E0,1.771709323E-1
4.590161161E1,-1.762132406E0,-8.516175270E0,2.681505978E-1
4.590359525E1,-1.587355733E0,-8.525752068E0,3.064578176E-1
4.590557890E1,-1.393425345E0,-8.592789650E0,2.442085743E-1
4.590756254E1,-1.216254473E0,-8.705317497E0,1.173158810E-1
4.590948515E1,-1.098938584E0,-8.820239067E0,0.000000000E0
4.591149930E1,-1.024718285E0,-8.882488251E0,-6.703764945E-2
4.591348295E1,-9.409212470E-1,-8.896853447E0,-1.053448766E-1
4.591546659E1,-8.331822157E-1,-8.889671326E0,-9.816227108E-2
4.591745023E1,-6.655880809E-1,-8.880094528E0,-6.703764945E-2
4.591946439E1,-4.141969085E-1,-8.906430244E0,-2.394201700E-3
4.592141752E1,-1.340752989E-1,-8.980650902E0,1.484405100E-1
4.592340116E1,7.900865376E-2,-9.088389397E0,3.782838583E-1
4.592538480E1,2.681505978E-1,-9.198522568E0,6.105214357E-1
4.592736845E1,4.932055473E-1,-9.311050415E0,7.661445141E-1
4.592932157E1,7.422025204E-1,-9.416395187E0,8.379706144E-1
4.593130521E1,9.696516991E-1,-9.500192642E0,8.643068075E-1
4.593328886E1,1.154005170E0,-9.557653427E0,8.690952063E-1
4.593524198E1,1.304839969E0,-9.598354340E0,8.307880163E-1
4.593722562E1,1.431732655E0,-9.627084732E0,7.541735172E-1
4.593923978E1,1.551442742E0,-9.634267807E0,6.416460276E-1
4.594119291E1,1.695094824E0,-9.619902611E0,5.099649429E-1
4.594314603E1,1.862688899E0,-9.574412346E0,3.734954596E-1
4.594512968E1,2.037465572E0,-9.526528358E0,2.418143749E-1
4.594711332E1,2.183511972E0,-9.481039047E0,1.316810995E-1
4.594906644E1,2.300827742E0,-9.423578262E0,4.070143029E-2
4.595105009E1,2.389413357E0,-9.358934402E0,-4.309562966E-2
4.595300321E1,2.442085743E0,-9.306262016E0,-1.173158810E-1
4.595498685E1,2.468421936E0,-9.253589630E0,-2.011129409E-1
4.595693998E1,2.477998734E0,-9.191340446E0,-3.160346150E-1
4.595895414E1,2.468421936E0,-9.138668060E0,-4.357447028E-1
4.596090726E1,2.439691544E0,-9.093177795E0,-5.626373887E-1
4.596292142E1,2.406172752E0,-9.047688484E0,-6.943184733E-1
4.596487455E1,2.377442360E0,-9.033323288E0,-7.589619160E-1
4.596685819E1,2.291250944E0,-9.009381294E0,-8.882488012E-1
4.596884183E1,2.209848166E0,-8.963891029E0,-1.012747288E0
4.597085599E1,2.104503393E0,-8.913613319E0,-1.201889277E0
4.597280912E1,2.059013367E0,-8.906430244E0,-1.273715258E0
4.597479276E1,1.968033791E0,-8.887276649E0,-1.414973259E0
4.597677640E1,1.867477298E0,-8.887276649E0,-1.534683347E0
4.597876005E1,1.762132406E0,-8.916007042E0,-1.628057122E0
4.598068266E1,1.671152830E0,-8.942343712E0,-1.702277422E0
4.598269682E1,1.575384736E0,-8.959102631E0,-1.778891921E0
4.598468046E1,1.489193439E0,-8.961497307E0,-1.860294700E0
4.598666410E1,1.388636947E0,-8.954314232E0,-1.936909199E0
4.598861723E1,1.278503656E0,-8.956708908E0,-1.984793186E0
4.599060087E1,1.170764685E0,-8.975862503E0,-2.011129379E0
4.599258451E1,1.067813993E0,-8.987833023E0,-2.015917778E0
4.599453764E1,9.672574997E-1,-8.992621422E0,-2.001552582E0
4.599652128E1,8.690952063E-1,-8.985439301E0,-1.958456993E0
4.599853544E1,7.829039693E-1,-8.968679428E0,-1.865083098E0
4.600048856E1,7.062895298E-1,-8.954314232E0,-1.738190413E0
4.600247221E1,6.464344859E-1,-8.937555313E0,-1.589749932E0
4.600445585E1,5.961562395E-1,-8.927978516E0,-1.448492050E0
4.600643949E1,5.578489900E-1,-8.913613319E0,-1.309628367E0
4.600839262E1,5.315127969E-1,-8.901641846E0,-1.177947283E0
4.601037626E1,5.147533417E-1,-8.875306129E0,-1.067813993E0
4.601235990E1,4.884171486E-1,-8.844181061E0,-9.792284966E-1
4.601431303E1,4.668693244E-1,-8.820239067E0,-8.810662031E-1
4.601629667E1,4.572925270E-1,-8.822632790E0,-7.637503147E-1
4.601831083E1,4.548983276E-1,-8.836998940E0,-6.536170840E-1
4.602026395E1,4.716577232E-1,-8.846575737E0,-5.482721925E-1
4.602221708E1,4.908113480E-1,-8.860940933E0,-4.453215301E-1
4.602420072E1,5.075707436E-1,-8.872911453E0,-3.519476354E-1
4.602621488E1,5.291185975E-1,-8.884882927E0,-2.705447972E-1
4.602816801E1,5.578489900E-1,-8.918401718E0,-2.011129409E-1
4.603018217E1,5.770025849E-1,-8.956708908E0,-1.412578970E-1
4.603213529E1,5.937620401E-1,-8.978256226E0,-8.858546615E-2
4.603414945E1,6.105214357E-1,-8.990227699E0,-4.548983276E-2
4.603607206E1,6.488286853E-1,-8.997409821E0,0.000000000E0
4.603808622E1,6.991068721E-1,-8.997409821E0,6.224924326E-2
4.604006986E1,7.469909191E-1,-8.997409821E0,1.221042871E-1
4.604205350E1,7.805097699E-1,-9.014169693E0,1.460463107E-1
4.604400663E1,7.948749661E-1,-9.033323288E0,1.316810995E-1
4.604602079E1,8.116343617E-1,-9.040505409E0,9.576806426E-2
4.604794340E1,8.212111592E-1,-9.054870605E0,5.027823523E-2
4.604995756E1,8.331822157E-1,-9.085995674E0,2.394201700E-3
4.605191068E1,8.427590132E-1,-9.119514465E0,-4.548983276E-2
4.605389432E1,8.427590132E-1,-9.153033257E0,-1.005564705E-1
4.605587797E1,8.451532125E-1,-9.181763649E0,-1.556231081E-1
4.605786161E1,8.331822157E-1,-9.212887764E0,-2.202665508E-1
4.605981474E1,8.044517636E-1,-9.236829758E0,-2.896983922E-1
4.606182890E1,7.637503147E-1,-9.251194954E0,-3.495534360E-1
4.606378202E1,7.230489254E-1,-9.282320023E0,-4.046200812E-1
4.606579618E1,6.751648784E-1,-9.320627213E0,-4.596867263E-1
4.606771879E1,6.153098345E-1,-9.368511200E0,-5.123591423E-1
4.606973295E1,5.363011956E-1,-9.423578262E0,-5.674257874E-1
4.607171659E1,4.501099288E-1,-9.481039047E0,-6.105214357E-1
4.607370023E1,3.615244627E-1,-9.540893555E0,-6.536170840E-1
4.607568388E1,2.681505978E-1,-9.598354340E0,-7.062895298E-1
4.607769804E1,1.675941199E-1,-9.658209801E0,-7.589619160E-1
4.607965116E1,7.422025502E-2,-9.720458984E0,-8.068459630E-1
4.608163480E1,-2.394201607E-2,-9.775525093E0,-8.427590132E-1
4.608361845E1,-1.221042871E-1,-9.828198433E0,-8.786720037E-1
4.608560209E1,-2.226607651E-1,-9.890447617E0,-9.050082564E-1
4.608755521E1,-3.303998411E-1,-9.971850395E0,-9.026140571E-1
4.608953886E1,-4.429273009E-1,-1.004607010E1,-8.810662031E-1
4.609152250E1,-5.410895944E-1,-1.012029076E1,-8.643068075E-1
4.609347562E1,-6.153098345E-1,-1.020887566E1,-8.499416113E-1
4.609545927E1,-6.799532771E-1,-1.027830791E1,-8.427590132E-1
4.609747343E1,-7.565677166E-1,-1.032619190E1,-8.499416113E-1
4.609942655E1,-8.331822157E-1,-1.035971069E1,-8.523358107E-1
4.610141019E1,-8.954314590E-1,-1.038365269E1,-8.475474119E-1
4.610339384E1,-9.672574997E-1,-1.040041256E1,-8.355764151E-1
4.610537748E1,-1.039083481E0,-1.040759468E1,-7.948749661E-1
4.610730009E1,-1.091755986E0,-1.042674828E1,-7.326257229E-1
4.610931425E1,-1.139639974E0,-1.046026707E1,-6.488286853E-1
4.611129789E1,-1.175553083E0,-1.048899746E1,-5.674257874E-1
4.611328153E1,-1.199495077E0,-1.051772785E1,-4.788403511E-1
4.611526517E1,-1.209071875E0,-1.053448772E1,-3.782838583E-1
4.611727933E1,-1.204283476E0,-1.052491093E1,-2.753331959E-1
4.611923246E1,-1.189918280E0,-1.052012253E1,-1.747767180E-1
4.612121610E1,-1.165976286E0,-1.051772785E1,-6.943184882E-2
4.612319974E1,-1.127668977E0,-1.051533413E1,2.873042040E-2
4.612518339E1,-1.058237195E0,-1.051772785E1,9.816227108E-2
4.612713651E1,-9.528923035E-1,-1.051054573E1,1.388636976E-1
4.612912016E1,-8.236053586E-1,-1.050815105E1,1.675941199E-1
4.613110380E1,-6.799532771E-1,-1.050575733E1,1.843535304E-1
4.613305692E1,-5.363011956E-1,-1.050575733E1,1.939303428E-1
4.613504057E1,-3.926490843E-1,-1.050815105E1,1.771709323E-1
4.613705473E1,-2.513911724E-1,-1.050336266E1,1.364694983E-1
4.613900785E1,-9.576806426E-2,-1.050096893E1,8.379705995E-2
4.614099149E1,5.267243832E-2,-1.048899746E1,2.394201607E-2
4.614297514E1,1.891419291E-1,-1.046266174E1,-4.548983276E-2
4.614495878E1,2.466027737E-1,-1.044590187E1,-8.619125932E-2
4.614691190E1,3.471592367E-1,-1.042195988E1,-1.604115069E-1
4.614892606E1,4.525041282E-1,-1.040998936E1,-2.178723514E-1
4.615087919E1,5.530605912E-1,-1.041238308E1,-2.633621991E-1
4.615286283E1,6.416460276E-1,-1.040759468E1,-2.968810201E-1
4.615484647E1,7.038952708E-1,-1.039562416E1,-3.064578176E-1
4.615683012E1,7.422025204E-1,-1.040041256E1,-2.753331959E-1
4.615875272E1,7.637503147E-1,-1.040998936E1,-1.987187415E-1
4.616076688E1,7.589619160E-1,-1.043153667E1,-7.182604820E-2
4.616272001E1,7.374141216E-1,-1.047223854E1,1.029506698E-1
4.616470365E1,6.967126727E-1,-1.052491093E1,3.064578176E-1
4.616668729E1,6.320692301E-1,-1.058955383E1,5.363011956E-1
4.616870145E1,5.650315881E-1,-1.066856289E1,7.709329724E-1
4.617065458E1,5.147533417E-1,-1.075235939E1,9.959878922E-1
4.617263822E1,4.716577232E-1,-1.083615685E1,1.189918280E0
4.617462186E1,4.309563041E-1,-1.092713642E1,1.333570361E0
4.617660551E1,4.189853072E-1,-1.101572227E1,1.431732655E0
4.617852811E1,4.405331016E-1,-1.110430717E1,1.472434044E0
4.618051176E1,4.884171486E-1,-1.120007515E1,1.453280449E0
4.618249540E1,5.506663918E-1,-1.130302620E1,1.388636947E0
4.618447904E1,6.368576288E-1,-1.140837097E1,1.276109457E0
4.618643217E1,7.469909191E-1,-1.150892735E1,1.120486379E0
4.618841581E1,8.619126081E-1,-1.159990692E1,9.361328483E-1
4.619039945E1,9.816226959E-1,-1.168609810E1,7.565677166E-1
4.619238309E1,1.108515382E0,-1.176510715E1,5.793967843E-1
4.619433622E1,1.237802267E0,-1.183932781E1,4.118026793E-1
4.619635038E1,1.381454349E0,-1.191115379E1,2.705447972E-1
4.619830350E1,1.522712231E0,-1.196382618E1,1.628057212E-1
4.620025663E1,1.656787634E0,-1.200452709E1,1.005564705E-1
4.620224027E1,1.790862918E0,-1.204762268E1,1.005564705E-1
4.620425443E1,1.912967205E0,-1.209311295E1,1.508347094E-1
4.620620756E1,2.015917778E0,-1.212902546E1,2.442085743E-1
4.620819120E1,2.104503393E0,-1.217212105E1,3.758896589E-1
4.621017484E1,2.178723574E0,-1.222718811E1,5.698199868E-1
4.621218900E1,2.224213362E0,-1.228943729E1,8.283938169E-1
4.621417265E1,2.233790159E0,-1.234210968E1,1.130063176E0
4.621615629E1,2.212242365E0,-1.238281155E1,1.450886250E0
4.621813993E1,2.154781580E0,-1.241872406E1,1.790862918E0
4.622012357E1,2.087743998E0,-1.244506073E1,2.149993181E0
4.622207670E1,1.991975784E0,-1.247857952E1,2.533065319E0
4.622409086E1,1.867477298E0,-1.253364563E1,2.916137695E0
4.622604398E1,1.716642618E0,-1.259828949E1,3.287238836E0
4.622802762E1,1.561019540E0,-1.267729759E1,3.660734415E0
4.622995023E1,1.407790542E0,-1.276109505E1,4.027047157E0
4.623196439E1,1.244984865E0,-1.286643982E1,4.381389141E0
4.623394804E1,1.074996591E0,-1.299812126E1,4.702212334E0
4.623593168E1,9.050082564E-1,-1.315613842E1,4.989516258E0
4.623791532E1,7.445967197E-1,-1.335485744E1,5.243301868E0
4.623989896E1,6.033388376E-1,-1.358709431E1,5.456385612E0
4.624182157E1,4.620809257E-1,-1.383130360E1,5.631162167E0
4.624383573E1,3.256114423E-1,-1.406114674E1,5.767632008E0
4.624575834E1,1.987187415E-1,-1.426944256E1,5.884947777E0
4.624777250E1,9.816227108E-2,-1.443224812E1,6.016628742E0
4.624972562E1,2.873042040E-2,-1.453998661E1,6.155492783E0
4.625170927E1,-7.182605099E-3,-1.460941887E1,6.303933144E0
4.625369291E1,-2.394201700E-3,-1.462378407E1,6.473921299E0
4.625567655E1,4.788403213E-2,-1.459026527E1,6.646304131E0
4.625759916E1,1.340752989E-1,-1.452562141E1,6.825869083E0
4.625961332E1,2.705447972E-1,-1.444661331E1,7.005434036E0
4.626156644E1,4.309563041E-1,-1.436999893E1,7.173028469E0
4.626355009E1,5.913678408E-1,-1.431253815E1,7.338228226E0
4.626553373E1,7.278373241E-1,-1.425986576E1,7.503427982E0
4.626754789E1,8.212111592E-1,-1.423113537E1,7.635109425E0
4.626950101E1,8.571242094E-1,-1.423592377E1,7.728483200E0
4.627148466E1,8.475474119E-1,-1.426704788E1,7.766790390E0
4.627346830E1,8.044517636E-1,-1.432211494E1,7.745242596E0
4.627545194E1,7.350199223E-1,-1.438915253E1,7.671022415E0
4.627737455E1,6.440402865E-1,-1.445858383E1,7.546523571E0
4.627938871E1,5.506663918E-1,-1.454238129E1,7.386112213E0
4.628134183E1,4.572925270E-1,-1.465011978E1,7.201758862E0
4.628332548E1,3.806780577E-1,-1.476743603E1,6.981492043E0
4.628530912E1,3.136404157E-1,-1.488475227E1,6.720524311E0
4.628732328E1,2.729389966E-1,-1.499249077E1,6.433219910E0
4.628927640E1,2.561795712E-1,-1.508347034E1,6.119579315E0
4.629126005E1,2.489969730E-1,-1.515769100E1,5.805939198E0
4.629324369E1,2.561795712E-1,-1.521275806E1,5.482721806E0
4.629522733E1,2.944868207E-1,-1.527261257E1,5.149928093E0
4.629714994E1,3.208230138E-1,-1.529416084E1,4.967968464E0
4.629916410E1,4.309563041E-1,-1.527979565E1,4.376600742E0
4.630111723E1,4.860229492E-1,-1.525585365E1,4.182670593E0
4.630310087E1,6.057330370E-1,-1.518642139E1,3.799597979E0
4.630508451E1,7.134721279E-1,-1.509304714E1,3.440467834E0
4.630709867E1,7.876923680E-1,-1.499488544E1,3.081337690E0
4.630905180E1,8.427590132E-1,-1.487996387E1,2.683900118E0
4.631103544E1,8.810662031E-1,-1.475067711E1,2.240972757E0
4.631301908E1,9.121908545E-1,-1.459984207E1,1.778891921E0
4.631500272E1,9.361328483E-1,-1.443703651E1,1.297657371E0
4.631692533E1,9.169792533E-1,-1.425028896E1,7.996633649E-1
4.631893949E1,8.140285611E-1,-1.407551193E1,3.064578176E-1
4.632089262E1,6.416460276E-1,-1.393664837E1,-1.460463107E-1
4.632290678E1,4.357447028E-1,-1.381933212E1,-5.841852427E-1
4.632482938E1,2.082955539E-1,-1.371159267E1,-1.015141487E0
4.632684354E1,-4.070143029E-2,-1.361582470E1,-1.431732655E0
4.632879667E1,-2.753331959E-1,-1.354160500E1,-1.831564307E0
4.633078031E1,-4.836287498E-1,-1.347696114E1,-2.207453966E0
4.633276395E1,-6.584054828E-1,-1.343386555E1,-2.549824715E0
4.633474760E1,-8.116343617E-1,-1.339555836E1,-2.841917515E0
4.633670072E1,-9.792284966E-1,-1.338837624E1,-3.124433279E0
4.633871488E1,-1.163581967E0,-1.344583702E1,-3.402160645E0
4.634066801E1,-1.350329757E0,-1.352005672E1,-3.682282209E0
4.634265165E1,-1.517923832E0,-1.360145950E1,-3.936067581E0
4.634463529E1,-1.656787634E0,-1.369722748E1,-4.158728123E0
4.634661893E1,-1.788468719E0,-1.381215000E1,-4.367023945E0
4.634854154E1,-1.941697598E0,-1.390552330E1,-4.577713490E0
4.635055570E1,-2.126051188E0,-1.397974396E1,-4.781220913E0
4.635250883E1,-2.329558372E0,-1.402044487E1,-4.953603268E0
4.635449247E1,-2.501940727E0,-1.402523327E1,-5.078101635E0
4.635647611E1,-2.612074137E0,-1.398692608E1,-5.169081688E0
4.635845975E1,-2.683900118E0,-1.387439919E1,-5.276820660E0
4.636041288E1,-2.770091295E0,-1.366849709E1,-5.442020416E0
4.636242704E1,-2.841917515E0,-1.342189503E1,-5.633556366E0
4.636438016E1,-2.870647907E0,-1.317289734E1,-5.772420406E0
4.636636381E1,-2.882618904E0,-1.292629528E1,-5.841852188E0
4.636831693E1,-2.896984100E0,-1.265814400E1,-5.853823185E0
4.637033109E1,-2.887407303E0,-1.237802315E1,-5.825092793E0
4.637231474E1,-2.806004286E0,-1.210747814E1,-5.777208805E0
4.637429838E1,-2.645592928E0,-1.183214474E1,-5.750872612E0
4.637628202E1,-2.451662540E0,-1.153765774E1,-5.714959621E0
4.637826566E1,-2.231395960E0,-1.124077702E1,-5.604825974E0
4.638021879E1,-1.977610588E0,-1.097023201E1,-5.410895824E0
4.638220243E1,-1.719036818E0,-1.073081207E1,-5.130774021E0
4.638418607E1,-1.470039845E0,-1.051054573E1,-4.843470097E0
4.638616972E1,-1.118092179E0,-1.029506683E1,-4.663905144E0
4.638812284E1,-4.884171486E-1,-1.008198357E1,-4.627991676E0
4.639010648E1,2.370259613E-1,-9.852140427E0,-4.651933670E0
4.639205961E1,8.499416113E-1,-9.634267807E0,-4.556165695E0
4.639404325E1,1.381454349E0,-9.459490776E0,-4.309563160E0
4.639602689E1,1.623268723E0,-9.366117477E0,-3.864241600E0
4.639804105E1,1.745373011E0,-9.289502144E0,-3.430891037E0
4.639999418E1,1.917755604E0,-9.229647636E0,-3.148375273E0
4.640197782E1,2.039859772E0,-9.241618156E0,-2.990357876E0
4.640396146E1,2.047042370E0,-9.303867340E0,-3.093308687E0
4.640597562E1,1.889025092E0,-9.344569206E0,-3.287238836E0
4.640792875E1,1.807622313E0,-9.397241592E0,-3.105279684E0
4.640991239E1,1.678335428E0,-9.595960617E0,-2.296039343E0
4.641186552E1,1.302445769E0,-9.902418137E0,-1.233013868E0
4.641384916E1,9.217676520E-1,-1.018014526E1,-4.836287498E-1
4.641580228E1,7.422025204E-1,-1.041956615E1,-1.651999205E-1
4.641781644E1,6.967126727E-1,-1.061110210E1,3.112462163E-2
4.641976957E1,7.206547260E-1,-1.073081207E1,3.758896589E-1
4.642175321E1,7.589619160E-1,-1.080263805E1,9.217676520E-1
4.642373685E1,6.224924326E-1,-1.091755962E1,1.592144132E0
4.642575101E1,3.950432837E-1,-1.103487587E1,2.446874142E0
4.642770414E1,2.825157940E-1,-1.116176796E1,3.603273630E0
4.642968778E1,2.657563984E-1,-1.127190113E1,4.537012100E0
4.643164091E1,3.136404157E-1,-1.132696819E1,5.027823448E0
4.643365507E1,3.830722570E-1,-1.134851646E1,5.250484467E0
4.643560819E1,5.003881454E-1,-1.135569859E1,5.379771233E0
4.643762235E1,7.254431248E-1,-1.133654499E1,5.485116005E0
4.643957548E1,1.036689281E0,-1.124795914E1,5.521028996E0
4.644155912E1,1.441309452E0,-1.112346077E1,5.355829239E0
4.644351224E1,1.915361404E0,-1.101093388E1,4.965574265E0
4.644552640E1,2.284068346E0,-1.087685871E1,4.534617901E0
4.644747953E1,2.492363930E0,-1.075714779E1,4.201824188E0
4.644946317E1,2.580949545E0,-1.068053341E1,3.907337189E0
4.645144682E1,2.595314741E0,-1.061349583E1,3.584120035E0
4.645343046E1,2.545036316E0,-1.054406452E1,3.265691042E0
4.645535307E1,2.418143749E0,-1.049378586E1,2.937685490E0
4.645733671E1,2.267308950E0,-1.046984386E1,2.592920542E0
4.645932035E1,2.197877169E0,-1.045308495E1,2.422932148E0
4.646133451E1,2.013523579E0,-1.033098030E1,1.903390408E0
4.646328764E1,1.975216389E0,-1.027351952E1,1.719036818E0
4.646530180E1,1.900996208E0,-1.015620327E1,1.292868972E0
4.646725492E1,1.860294700E0,-1.003170490E1,8.523358107E-1
4.646926908E1,1.843535304E0,-9.909601212E0,4.572925270E-1
4.647122221E1,1.805228114E0,-9.770736694E0,1.077390760E-1
4.647320585E1,1.728613615E0,-9.615114212E0,-1.771709323E-1
4.647518949E1,1.556231141E0,-9.370905876E0,-3.447650373E-1
4.647717313E1,1.000776291E0,-8.796297073E0,-2.657563984E-1
4.647909574E1,8.930372596E-1,-8.633491516E0,-4.357447028E-1
4.648110990E1,1.110909581E0,-8.813055992E0,-9.265560508E-1
4.648306303E1,1.144428372E0,-8.808267593E0,-1.108515382E0
4.648504667E1,1.094150186E0,-8.607154846E0,-9.744400978E-1
4.648696928E1,9.074024558E-1,-8.353369713E0,-8.571242094E-1
4.648898344E1,6.248866320E-1,-8.367734909E0,-1.197100878E0
4.649093656E1,4.620809257E-1,-8.508993149E0,-1.716642618E0
4.649292020E1,4.429273009E-1,-8.564059258E0,-2.049436569E0
4.649490385E1,4.644751251E-1,-8.559270859E0,-2.176329374E0
4.649688749E1,4.764461517E-1,-8.532935143E0,-2.209848166E0
4.649884061E1,4.620809257E-1,-8.485051155E0,-2.200271368E0
4.650085477E1,4.429273009E-1,-8.446743965E0,-2.178723574E0
4.650280790E1,4.237737060E-1,-8.444349289E0,-2.118868589E0
4.650482206E1,4.309563041E-1,-8.458714485E0,-1.999158382E0
4.650677518E1,4.620809257E-1,-8.489839554E0,-1.855506301E0
4.650878934E1,5.746083856E-1,-8.518569946E0,-1.764526606E0
4.651074247E1,6.536170840E-1,-8.556877136E0,-1.630451322E0
4.651272611E1,5.506663918E-1,-8.623914719E0,-1.295263171E0
4.651470975E1,3.208230138E-1,-8.698134422E0,-9.193734527E-1
4.651669340E1,7.182604820E-2,-8.760383606E0,-7.158663273E-1
4.651864652E1,-5.027823523E-2,-8.781931877E0,-7.038952708E-1
4.652066068E1,-5.027823523E-2,-8.774748802E0,-7.134721279E-1
4.652261381E1,-1.436521020E-2,-8.760383606E0,-6.368576288E-1
4.652459745E1,4.070143029E-2,-8.722076416E0,-5.219359994E-1
4.652655058E1,9.337386489E-2,-8.650250435E0,-4.333505034E-1
4.652856474E1,1.628057212E-1,-8.559270859E0,-4.357447028E-1
4.653051786E1,2.322375625E-1,-8.461109161E0,-5.051765442E-1
4.653250150E1,2.561795712E-1,-8.365341187E0,-6.105214357E-1
4.653448515E1,2.202665508E-1,-8.291120529E0,-7.254431248E-1
4.653646879E1,1.412578970E-1,-8.243236542E0,-8.475474119E-1
4.653839140E1,7.182605099E-3,-8.221688271E0,-9.002198577E-1
4.654040556E1,-1.843535304E-1,-8.207323074E0,-8.475474119E-1
4.654235868E1,-3.543418646E-1,-8.180987358E0,-7.757213712E-1
4.654434232E1,-4.812345505E-1,-8.121131897E0,-6.655880809E-1
4.654632596E1,-6.440402865E-1,-8.032546997E0,-6.631938815E-1
4.654834012E1,-8.307880163E-1,-7.915230751E0,-9.528923035E-1
4.655029325E1,-9.888052940E-1,-7.790732384E0,-1.261744261E0
4.655230741E1,-1.108515382E0,-7.644686222E0,-1.412579060E0
4.655426054E1,-1.194706678E0,-7.474697590E0,-1.486799240E0
4.655624418E1,-1.252167463E0,-7.302315235E0,-1.556231141E0
4.655822782E1,-1.326387763E0,-7.146692276E0,-1.620874524E0
4.656021146E1,-1.417367458E0,-7.010222435E0,-1.659181833E0
4.656216459E1,-1.525106430E0,-6.866570473E0,-1.683123827E0
4.656414823E1,-1.680729628E0,-6.703764915E0,-1.719036818E0
4.656613187E1,-1.900996208E0,-6.524199486E0,-1.769315004E0
4.656808500E1,-1.989581585E0,-6.315904140E0,-1.814804912E0
4.657006864E1,-1.924938202E0,-6.095637321E0,-1.781286120E0
4.657208280E1,-1.898601890E0,-5.916072369E0,-1.697489023E0
4.657403593E1,-2.008735180E0,-5.798756599E0,-1.628057122E0
4.657598905E1,-2.166752577E0,-5.693411827E0,-1.570596337E0
4.657797269E1,-2.291250944E0,-5.566518784E0,-1.553836942E0
4.657995634E1,-2.415749550E0,-5.434837818E0,-1.584961534E0
4.658190946E1,-2.578555346E0,-5.334281445E0,-1.620874524E0
4.658389310E1,-2.774879694E0,-5.286397457E0,-1.616086125E0
4.658587675E1,-2.966415882E0,-5.250484467E0,-1.613691926E0
4.658782987E1,-3.114856482E0,-5.193023682E0,-1.635239720E0
4.658981351E1,-3.241749048E0,-5.137956619E0,-1.680729628E0
4.659182767E1,-3.356670856E0,-5.087678432E0,-1.728613615E0
4.659378080E1,-3.466804028E0,-5.037400246E0,-1.750161409E0
4.659573392E1,-3.569754839E0,-4.991910458E0,-1.747767210E0
4.659771757E1,-3.658340216E0,-4.970362663E0,-1.745373011E0
4.659970121E1,-3.746925592E0,-4.963180065E0,-1.735796213E0
4.660165433E1,-3.837905407E0,-4.960785866E0,-1.728613615E0
4.660363798E1,-3.919308186E0,-4.953603268E0,-1.728613615E0
4.660562162E1,-4.007893562E0,-4.953603268E0,-1.728613615E0
4.660760526E1,-4.103661537E0,-4.946420670E0,-1.723825216E0
4.660952787E1,-4.153939724E0,-4.946420670E0,-1.714248419E0
4.661154203E1,-4.264073372E0,-4.948814869E0,-1.685518026E0
4.661349516E1,-4.369418144E0,-4.944026470E0,-1.651999116E0
4.661544828E1,-4.479551315E0,-4.944026470E0,-1.594538331E0
4.661743192E1,-4.572925091E0,-4.932055473E0,-1.529894829E0
4.661941557E1,-4.668693542E0,-4.912901878E0,-1.465251446E0
4.662136869E1,-4.783615112E0,-4.891354084E0,-1.391031146E0
4.662335233E1,-4.881777287E0,-4.879383087E0,-1.309628367E0
4.662533598E1,-4.967968464E0,-4.867412090E0,-1.233013868E0
4.662731962E1,-5.044582844E0,-4.857835293E0,-1.151610970E0
4.662927274E1,-5.085284233E0,-4.824316502E0,-1.079784989E0
4.663128690E1,-5.094861031E0,-4.790797710E0,-1.039083481E0
4.663324003E1,-5.092466831E0,-4.762067318E0,-1.029506683E0
4.663522367E1,-5.068524837E0,-4.718971729E0,-1.055842996E0
4.663720731E1,-5.063736439E0,-4.673481941E0,-1.077390790E0
4.663919096E1,-5.085284233E0,-4.642356873E0,-1.082179189E0
4.664111356E1,-5.097255230E0,-4.606443882E0,-1.065419793E0
4.664312772E1,-5.097255230E0,-4.563348293E0,-1.036689281E0
4.664508085E1,-5.094861031E0,-4.527435303E0,-9.911994934E-1
4.664706449E1,-5.104437828E0,-4.513070107E0,-9.265560508E-1
4.664904813E1,-5.099649429E0,-4.517858505E0,-8.571242094E-1
4.665103178E1,-5.066130638E0,-4.517858505E0,-7.996633649E-1
4.665295438E1,-5.018246651E0,-4.522646904E0,-7.661445141E-1
4.665496854E1,-4.977545261E0,-4.525041103E0,-7.230489254E-1
4.665692167E1,-4.944026470E0,-4.541800499E0,-6.488286853E-1
4.665890531E1,-4.924872875E0,-4.577713490E0,-5.793967843E-1
4.666088895E1,-4.893748283E0,-4.616020679E0,-5.243301988E-1
4.666287260E1,-4.819528103E0,-4.639962673E0,-4.716577232E-1
4.666482572E1,-4.709394932E0,-4.654327869E0,-4.285621047E-1
4.666680936E1,-4.589684486E0,-4.668693542E0,-3.974374831E-1
4.666876249E1,-4.474762917E0,-4.687847137E0,-3.663128614E-1
4.667074613E1,-4.355052948E0,-4.707000732E0,-3.375824392E-1
4.667272977E1,-4.240131378E0,-4.721365929E0,-3.112462163E-1
4.667474393E1,-4.129997730E0,-4.730942726E0,-2.849099934E-1
4.667669706E1,-4.022258759E0,-4.745307922E0,-2.609679997E-1
4.667868070E1,-3.914519787E0,-4.766855717E0,-2.418143749E-1
4.668066434E1,-3.778050184E0,-4.788403511E0,-2.106897533E-1
4.668267850E1,-3.627215624E0,-4.805162907E0,-1.771709323E-1
4.668463163E1,-3.488351822E0,-4.829104900E0,-1.484405100E-1
4.668661527E1,-3.347094059E0,-4.850652695E0,-1.364694983E-1
4.668856840E1,-3.201047659E0,-4.876988888E0,-1.412578970E-1
4.669058256E1,-3.052607059E0,-4.905719280E0,-1.484405100E-1
4.669253568E1,-2.892195702E0,-4.922478676E0,-1.388636976E-1
4.669454984E1,-2.734178305E0,-4.934449673E0,-1.005564705E-1
4.669650297E1,-2.578555346E0,-4.965574265E0,-3.591302410E-2
4.669848661E1,-2.415749550E0,-5.011064053E0,5.506663769E-2
4.670047025E1,-2.250549555E0,-5.054159641E0,1.675941199E-1
4.670248441E1,-2.082955360E0,-5.111620426E0,3.112462163E-1
4.670443754E1,-1.924938202E0,-5.193023682E0,4.884171486E-1
4.670642118E1,-1.771709204E0,-5.293580055E0,6.823474765E-1
4.670837430E1,-1.613691926E0,-5.422866821E0,8.834604025E-1
4.671038846E1,-1.462857246E0,-5.568912983E0,1.091755986E0
4.671234159E1,-1.309628367E0,-5.717353821E0,1.307234168E0
4.671435575E1,-1.161187768E0,-5.875370979E0,1.522712231E0
4.671630888E1,-1.019929886E0,-6.052541733E0,1.738190413E0
4.671829252E1,-8.810662031E-1,-6.239289761E0,1.977610588E0
4.672027616E1,-7.493851185E-1,-6.435614109E0,2.231395960E0
4.672229032E1,-6.272808313E-1,-6.639121532E0,2.461239338E0
4.672424345E1,-5.075707436E-1,-6.849811077E0,2.671929121E0
4.672622709E1,-4.094084799E-1,-7.072471619E0,2.894589901E0
4.672821073E1,-3.232172430E-1,-7.307103634E0,3.155557871E0
4.673019437E1,-2.202665508E-1,-7.529764175E0,3.457227230E0
4.673211698E1,-1.268926859E-1,-7.752425194E0,3.806780815E0
4.673413114E1,-3.351882473E-2,-7.979874134E0,4.192247391E0
4.673608427E1,5.985504389E-2,-8.228871346E0,4.599261284E0
4.673806791E1,1.221042871E-1,-8.506598473E0,4.989516258E0
4.674005155E1,1.580173075E-1,-8.817844391E0,5.351040840E0
4.674200468E1,1.891419291E-1,-9.148244858E0,5.702988625E0
4.674398832E1,2.130839527E-1,-9.495404243E0,6.059724331E0
4.674600248E1,2.489969730E-1,-9.868899345E0,6.430825710E0
4.674792509E1,3.591302633E-1,-1.024000072E1,6.818686485E0
4.674993925E1,5.506663918E-1,-1.060631371E1,7.232883453E0
4.675192289E1,7.398083210E-1,-1.099896240E1,7.654263020E0
4.675390653E1,8.978256583E-1,-1.144188976E1,8.073247910E0
4.675585966E1,1.017535686E0,-1.192312431E1,8.489839554E0
4.675787382E1,1.108515382E0,-1.243548393E1,8.932766914E0
4.675982694E1,1.216254473E0,-1.299093819E1,9.390059471E0
4.676184110E1,1.379060149E0,-1.356075859E1,9.873687744E0
4.676379423E1,1.632845521E0,-1.414733791E1,1.041477776E1
4.676580839E1,1.881842494E0,-1.474349403E1,1.089601231E1
4.676776151E1,2.094926596E0,-1.533486176E1,1.129584408E1
4.676974516E1,2.226607561E0,-1.561737728E1,1.146343803E1
4.677169828E1,2.549824715E0,-1.615128517E1,1.175792408E1
4.677368192E1,2.889801502E0,-1.666843224E1,1.196861458E1
4.677560453E1,3.167528868E0,-1.719036865E1,1.207395935E1
4.677761869E1,3.404554844E0,-1.771230507E1,1.211466026E1
4.677960233E1,3.629609823E0,-1.818396187E1,1.211944866E1
4.678158598E1,3.859453201E0,-1.856464005E1,1.216493893E1
4.678350858E1,4.086902142E0,-1.887588692E1,1.227507210E1
4.678552274E1,4.242525578E0,-1.913206673E1,1.236365795E1
4.678747587E1,4.316745758E0,-1.930444908E1,1.239957047E1
4.678945951E1,4.359841347E0,-1.936909103E1,1.242111874E1
4.679144315E1,4.362235546E0,-1.933078384E1,1.246181965E1
4.679345731E1,4.369418144E0,-1.916319084E1,1.251928043E1
4.679541044E1,4.398148537E0,-1.885433769E1,1.258392429E1
4.679739408E1,4.419696331E0,-1.841380501E1,1.258631802E1
4.679937772E1,4.422090530E0,-1.788229179E1,1.250970364E1
4.680136137E1,4.381389141E0,-1.728134727E1,1.236605167E1
4.680331449E1,4.292803764E0,-1.661815453E1,1.215536213E1
4.680529813E1,4.153939724E0,-1.593101788E1,1.189200020E1
4.680725126E1,3.945644379E0,-1.525106525E1,1.154244614E1
4.680923490E1,3.672705412E0,-1.459984207E1,1.111627865E1
4.681121854E1,3.339911461E0,-1.400129128E1,1.064940929E1
4.681323270E1,2.956839085E0,-1.345301914E1,1.013465595E1
4.681515531E1,2.585737944E0,-1.293587208E1,9.550470352E0
4.681716947E1,2.212242365E0,-1.245463753E1,8.935160637E0
4.681912260E1,1.790862918E0,-1.202607536E1,8.336610794E0
4.682110624E1,1.309628367E0,-1.165257931E1,7.747636795E0
4.682305936E1,8.092401624E-1,-1.133175659E1,7.187393665E0
4.682507352E1,3.280056417E-1,-1.106121159E1,6.653486729E0
4.682699613E1,-1.651999205E-1,-1.083855152E1,6.138733387E0
4.682901029E1,-6.727706790E-1,-1.065419769E1,5.667075634E0
4.683099393E1,-1.185129881E0,-1.051054573E1,5.250484467E0
4.683297758E1,-1.656787634E0,-1.038604736E1,4.910507679E0
4.683493070E1,-2.106897593E0,-1.028309631E1,4.649539471E0
4.683694486E1,-2.530671120E0,-1.019929886E1,4.443638325E0
4.683889799E1,-2.916137695E0,-1.011550236E1,4.276044369E0
4.684091215E1,-3.222595453E0,-1.001973438E1,4.127603531E0
4.684286527E1,-3.459621429E0,-9.914389610E0,3.983951569E0
4.684484891E1,-3.682282209E0,-9.816226959E0,3.837905407E0
4.684683256E1,-3.897760391E0,-9.732429504E0,3.694253206E0
4.684881620E1,-4.094084740E0,-9.648633003E0,3.536235809E0
4.685073881E1,-4.235342979E0,-9.545681953E0,3.320757866E0
4.685275297E1,-4.254496574E0,-9.411606789E0,3.047818661E0
4.685470609E1,-4.168305397E0,-9.253589630E0,2.719813108E0
4.685672025E1,-4.039018154E0,-9.114726067E0,2.341529369E0
4.685864286E1,-3.902548790E0,-9.026140213E0,1.912967205E0
4.686065702E1,-3.761290789E0,-8.997409821E0,1.431732655E0
4.686261015E1,-3.610456228E0,-9.054870605E0,9.313444495E-1
4.686459379E1,-3.471592426E0,-9.236829758E0,4.836287498E-1
4.686657743E1,-3.351882458E0,-9.543288231E0,5.985504389E-2
4.686856107E1,-3.234566450E0,-9.919178009E0,-4.261679053E-1
4.687048368E1,-3.098097086E0,-1.035013390E1,-9.959878922E-1
4.687249784E1,-2.949656487E0,-1.084812832E1,-1.642422318E0
4.687445096E1,-2.777273893E0,-1.137006378E1,-2.365471363E0
4.687643461E1,-2.571372509E0,-1.186087513E1,-3.191470861E0
4.687841825E1,-2.410961151E0,-1.234689808E1,-4.120420933E0
4.688043241E1,-2.353500366E0,-1.285207462E1,-5.102043629E0
4.688238554E1,-2.437297344E0,-1.337879944E1,-6.064512730E0
4.688436918E1,-2.683900118E0,-1.392228317E1,-6.938396454E0
4.688635282E1,-2.990357876E0,-1.443703651E1,-7.711723804E0
4.688833646E1,-3.217807055E0,-1.483447361E1,-8.384494781E0
4.689028959E1,-3.325546265E0,-1.514332581E1,-8.892065048E0
4.689230375E1,-3.339911461E0,-1.536838055E1,-9.241618156E0
4.689425687E1,-3.294421434E0,-1.554315758E1,-9.390059471E0
4.689627103E1,-3.181894064E0,-1.565329075E1,-9.356540680E0
4.689822416E1,-3.007117271E0,-1.566286755E1,-9.217676163E0
4.690023832E1,-2.839523315E0,-1.560780048E1,-8.930372238E0
4.690219144E1,-2.753331900E0,-1.548090839E1,-8.477868080E0
4.690420560E1,-2.707842112E0,-1.528937244E1,-7.967903137E0
4.690615873E1,-2.703053713E0,-1.506910515E1,-7.448361397E0
4.690814237E1,-2.772485495E0,-1.483207989E1,-6.969521046E0
4.691012601E1,-2.880224705E0,-1.457111168E1,-6.466738701E0
4.691210966E1,-2.940079689E0,-1.426225948E1,-5.861005783E0
4.691403226E1,-2.956839085E0,-1.391749477E1,-5.176264286E0
4.691604642E1,-2.935291290E0,-1.354878712E1,-4.369418144E0
4.691799955E1,-2.875436306E0,-1.314895535E1,-3.438073635E0
4.691995267E1,-2.774879694E0,-1.272278786E1,-2.391807556E0
4.692193632E1,-2.700659513E0,-1.250252151E1,-1.831564307E0
4.692395048E1,-2.492363930E0,-1.206198788E1,-6.584054828E-1
4.692593412E1,-2.214636564E0,-1.162384892E1,5.530605912E-1
4.692791776E1,-1.699883223E0,-1.089840603E1,2.305616140E0
4.692990140E1,-1.503558636E0,-1.062067890E1,2.803610086E0
4.693188505E1,-1.084573388E0,-1.001015759E1,3.588908434E0
4.693383817E1,-6.799532771E-1,-9.373299599E0,4.062960148E0
4.693585233E1,-3.256114423E-1,-8.769960403E0,4.218583584E0
4.693780546E1,-2.394201607E-2,-8.202534676E0,4.067748547E0
4.693978910E1,1.915361285E-1,-7.692570210E0,3.643975019E0
4.694177274E1,3.040636182E-1,-7.252037048E0,2.947262287E0
4.694372587E1,3.184288144E-1,-6.868964672E0,2.039859772E0
4.694570951E1,2.873041928E-1,-6.533776283E0,1.005564690E0
4.694772367E1,2.466027737E-1,-6.253654957E0,-8.379705995E-2
4.694967680E1,2.035071403E-1,-6.033388138E0,-1.065419793E0
4.695166044E1,1.125274822E-1,-5.882553577E0,-1.819593310E0
4.695364408E1,-4.788403213E-2,-5.798756599E0,-2.336740971E0
4.695562772E1,-2.633621991E-1,-5.767632008E0,-2.669534922E0
4.695758085E1,-5.506663918E-1,-5.779603004E0,-2.849100113E0
4.695956449E1,-8.882488012E-1,-5.815515995E0,-2.896984100E0
4.696154813E1,-1.189918280E0,-5.849034786E0,-2.861071110E0
4.696350126E1,-1.398213744E0,-5.858611584E0,-2.791639090E0
4.696548490E1,-1.489193439E0,-5.841852188E0,-2.748543501E0
4.696749906E1,-1.482010841E0,-5.791574001E0,-2.748543501E0
4.696945219E1,-1.460463047E0,-5.731719017E0,-2.779668093E0
4.697143583E1,-1.455674648E0,-5.688623428E0,-2.839523315E0
4.697341947E1,-1.467645645E0,-5.655104637E0,-2.935291290E0
4.697540311E1,-1.508347034E0,-5.626373768E0,-3.043030262E0
4.697735624E1,-1.565807939E0,-5.614402771E0,-3.141192675E0
4.697933988E1,-1.620874524E0,-5.647922039E0,-3.268085241E0
4.698132352E1,-1.714248419E0,-5.707777023E0,-3.490746021E0
4.698330717E1,-1.867477298E0,-5.793968201E0,-3.801992416E0
4.698526029E1,-2.075772762E0,-5.928043365E0,-4.103661537E0
4.698727445E1,-2.372653961E0,-6.112396717E0,-4.369418144E0
4.698922758E1,-2.729389906E0,-6.370970726E0,-4.589684486E0
4.699121122E1,-3.019088268E0,-6.694188118E0,-4.757278919E0
4.699316434E1,-3.162740469E0,-7.058106422E0,-4.891354084E0
4.699517850E1,-3.169923067E0,-7.438784599E0,-4.965574265E0
4.699713163E1,-3.083731890E0,-7.817068577E0,-5.013458252E0
4.699914579E1,-2.822763920E0,-8.180987358E0,-5.188235283E0
4.700106840E1,-2.454056740E0,-8.528146744E0,-5.451597214E0
4.700308256E1,-2.209848166E0,-8.894459724E0,-5.621585369E0
4.700503568E1,-2.116474390E0,-9.320627213E0,-5.647922039E0
4.700701932E1,-2.061407566E0,-9.823410034E0,-5.576095581E0
4.700900297E1,-1.968033791E0,-1.036689377E1,-5.458779812E0
4.701098661E1,-1.769315004E0,-1.088882923E1,-5.341464043E0
4.701293974E1,-1.465251446E0,-1.135330486E1,-5.243301868E0
4.701495390E1,-1.213860273E0,-1.178186703E1,-5.106832027E0
4.701690702E1,-1.139639974E0,-1.216493893E1,-4.821922302E0
4.701889066E1,-1.055842996E0,-1.246181965E1,-4.469974518E0
4.702084379E1,-8.379706144E-1,-1.263899040E1,-4.149151325E0
4.702285795E1,-5.793967843E-1,-1.268926907E1,-3.828328609E0
4.702481107E1,-2.466027737E-1,-1.265096188E1,-3.457227230E0
4.702679472E1,2.154781520E-1,-1.259589481E1,-3.076549292E0
4.702877836E1,7.230489254E-1,-1.253125191E1,-2.671929121E0
4.703076200E1,1.206677675E0,-1.244266605E1,-2.240972757E0
4.703271512E1,1.690306425E0,-1.231577396E1,-1.747767210E0
4.703472929E1,2.181117773E0,-1.216733265E1,-1.216254473E0
4.703668241E1,2.700659513E0,-1.199973869E1,-6.943184733E-1
4.703866605E1,3.294421434E0,-1.182017422E1,-2.370259613E-1
4.704058866E1,3.931279182E0,-1.163103199E1,5.985504389E-2
4.704260282E1,4.474762917E0,-1.152089882E1,6.943184882E-2
4.704455595E1,4.953603268E0,-1.146583176E1,-1.173158810E-1
4.704653959E1,5.561730385E0,-1.135809326E1,-2.753331959E-1
4.704852323E1,6.303933144E0,-1.119528675E1,-3.184288144E-1
4.705050687E1,6.885724068E0,-1.103248119E1,-1.556231081E-1
4.705246000E1,7.151480675E0,-1.091995430E1,2.346317619E-1
4.705444364E1,7.137115479E0,-1.085770512E1,7.278373241E-1
4.705642728E1,7.031770229E0,-1.081221485E1,1.213860273E0
4.705844144E1,6.979097843E0,-1.074517727E1,1.572990537E0
4.706039457E1,7.007828236E0,-1.065419769E1,1.738190413E0
4.706237821E1,7.132327080E0,-1.054885292E1,1.745373011E0
4.706436185E1,7.333439827E0,-1.045787334E1,1.685518026E0
4.706634550E1,7.469909191E0,-1.035971069E1,1.723825216E0
4.706826810E1,7.390900612E0,-1.023042393E1,1.865083098E0
4.707028226E1,7.098807812E0,-1.008916569E1,2.008735180E0
4.707223539E1,6.696582317E0,-9.935936928E0,2.104503393E0
4.707421903E1,6.200982571E0,-9.811438560E0,2.121262789E0
4.707620267E1,5.659893036E0,-9.708487511E0,2.087743998E0
4.707821683E1,5.109226227E0,-9.607931137E0,2.059013367E0
4.708016996E1,4.513070107E0,-9.526528358E0,2.044648170E0
4.708215360E1,3.919308186E0,-9.440337181E0,2.051830769E0
4.708413724E1,3.375824451E0,-9.339780807E0,2.044648170E0
4.708612089E1,3.119644880E0,-9.301473618E0,2.011129379E0
4.708804349E1,2.638410330E0,-9.244012833E0,1.889025092E0
4.709005766E1,2.202665567E0,-9.200917244E0,1.745373011E0
4.709201078E1,1.786074519E0,-9.155426979E0,1.616086125E0
4.709399442E1,1.371877551E0,-9.109937668E0,1.553836942E0
4.709597807E1,9.792284966E-1,-9.033323288E0,1.570596337E0
4.709799223E1,6.224924326E-1,-8.930372238E0,1.647210717E0
4.709994535E1,2.657563984E-1,-8.858546257E0,1.742978811E0
4.710192899E1,-1.149216816E-1,-8.825027466E0,1.833958507E0
4.710391264E1,-5.099649429E-1,-8.825027466E0,1.900996208E0
4.710589628E1,-9.289502501E-1,-8.844181061E0,1.970427990E0
4.710781888E1,-1.393425345E0,-8.870517731E0,2.030282974E0
4.710983304E1,-1.893813491E0,-8.908824921E0,2.011129379E0
4.711178617E1,-2.391807556E0,-8.937555313E0,1.953668594E0
4.711376981E1,-2.726995707E0,-8.959102631E0,1.819593310E0
4.711575346E1,-2.827552319E0,-8.978256226E0,1.565807939E0
4.711776762E1,-2.789244890E0,-8.997409821E0,1.331176162E0
4.711972074E1,-2.786850691E0,-9.035717010E0,1.201889277E0
4.712170438E1,-2.918531895E0,-9.119514465E0,1.146822572E0
4.712368803E1,-3.167528868E0,-9.227252960E0,1.137245774E0
4.712567167E1,-3.471592426E0,-9.308655739E0,1.204283476E0
4.712759428E1,-3.727771997E0,-9.351752281E0,1.386242747E0
4.712960844E1,-3.864241600E0,-9.358934402E0,1.687912226E0
4.713156156E1,-3.849876404E0,-9.366117477E0,2.020706177E0
4.713354520E1,-3.708618402E0,-9.397241592E0,2.298433542E0
4.713552885E1,-3.481169224E0,-9.418789864E0,2.501940727E0
4.713751249E1,-3.227383852E0,-9.425971985E0,2.621650934E0
4.713943510E1,-2.983175278E0,-9.435548782E0,2.631227732E0
4.714144926E1,-2.741360903E0,-9.440337181E0,2.506729126E0
4.714340238E1,-2.487575531E0,-9.433155060E0,2.303221941E0
4.714538602E1,-2.200271368E0,-9.469067574E0,2.037465572E0
4.714736967E1,-1.879448295E0,-9.576807022E0,1.707065821E0
4.714935331E1,-1.551442742E0,-9.706093788E0,1.321599364E0
4.715130643E1,-1.316810966E0,-9.813833237E0,9.672574997E-1
4.715332059E1,-1.175553083E0,-9.878476143E0,6.871358752E-1
4.715527372E1,-9.864110947E-1,-9.914389610E0,4.525041282E-1
4.715725736E1,-7.278373241E-1,-9.943120003E0,2.537853718E-1
4.715921049E1,-4.716577232E-1,-9.983820915E0,7.182604820E-2
4.716122465E1,-2.609679997E-1,-1.004846478E1,-5.267243832E-2
4.716317777E1,-1.197100878E-1,-1.014902115E1,-1.053448766E-1
4.716516141E1,7.182605099E-3,-1.024000072E1,-9.576806426E-2
4.716714506E1,1.939303428E-1,-1.027112484E1,-2.394201607E-2
4.716912870E1,4.381389022E-1,-1.024478912E1,1.149216816E-1
4.717108182E1,7.086837292E-1,-1.019451046E1,2.920926213E-1
4.717306547E1,1.029506683E0,-1.011310768E1,4.692635238E-1
4.717504911E1,1.424550056E0,-9.988609314E0,6.799532771E-1
4.717706327E1,1.848323703E0,-9.830592155E0,9.289502501E-1
4.717901640E1,2.233790159E0,-9.689333916E0,1.163581967E0
4.718100004E1,2.518700123E0,-9.588777542E0,1.314416766E0
4.718295316E1,2.695871115E0,-9.507374763E0,1.273715258E0
4.718496732E1,2.801215887E0,-9.411606789E0,1.003170490E0
4.718692045E1,2.837129116E0,-9.301473618E0,6.272808313E-1
4.718893461E1,2.798821688E0,-9.193734169E0,2.394201756E-1
4.719088773E1,2.722207308E0,-9.102754593E0,-8.619125932E-2
4.719287138E1,2.631227732E0,-9.040505409E0,-2.896983922E-1
4.719485502E1,2.552218914E0,-9.014169693E0,-3.758896589E-1
4.719686918E1,2.468421936E0,-9.030928612E0,-4.189853072E-1
4.719882230E1,2.324769735E0,-9.078812599E0,-4.548983276E-1
4.720080595E1,2.149993181E0,-9.133879662E0,-5.147533417E-1
4.720278959E1,1.989581585E0,-9.172186852E0,-6.177040339E-1
4.720477323E1,1.860294700E0,-9.210494041E0,-7.374141216E-1
4.720669584E1,1.764526606E0,-9.248801231E0,-8.427590132E-1
4.720871000E1,1.687912226E0,-9.260771751E0,-8.786720037E-1
4.721066312E1,1.611297727E0,-9.251194954E0,-8.523358107E-1
4.721264677E1,1.553836942E0,-9.212887764E0,-8.044517636E-1
4.721463041E1,1.534683347E0,-9.148244858E0,-7.374141216E-1
4.721664457E1,1.532289028E0,-9.071630478E0,-6.488286853E-1
4.721859769E1,1.508347034E0,-9.018958092E0,-5.602431893E-1
4.722058134E1,1.448492050E0,-9.009381294E0,-5.075707436E-1
4.722253446E1,1.359906554E0,-9.028534889E0,-5.267243981E-1
4.722454862E1,1.292868972E0,-9.062053680E0,-5.841852427E-1
4.722650175E1,1.266532660E0,-9.100360870E0,-6.536170840E-1
4.722851591E1,1.300051570E0,-9.097966194E0,-7.565677166E-1
4.723046903E1,1.424550056E0,-8.990227699E0,-8.810662031E-1
4.723245267E1,1.510741234E0,-8.908824921E0,-9.600749016E-1
4.723443632E1,1.462857246E0,-8.927978516E0,-1.012747288E0
4.723641996E1,1.465251446E0,-8.882488251E0,-1.036689281E0
4.723837308E1,1.589749932E0,-8.722076416E0,-1.048660398E0
4.724038724E1,1.714248419E0,-8.554482460E0,-1.089361787E0
4.724234037E1,1.769315004E0,-8.365341187E0,-1.211466074E0
4.724432401E1,1.766920805E0,-7.989450932E0,-1.580173135E0
4.724630766E1,1.436521053E0,-7.943961143E0,-1.896207690E0
4.724829130E1,8.092401624E-1,-8.350975990E0,-1.984793186E0
4.725024442E1,5.267243981E-1,-8.559270859E0,-2.011129379E0
4.725225858E1,2.873041928E-1,-8.686163902E0,-2.042253971E0
4.725421171E1,4.070142806E-1,-8.599972725E0,-2.006340981E0
4.725619535E1,7.637503147E-1,-8.418013573E0,-1.893813491E0
4.725814848E1,1.118092179E0,-8.288725853E0,-1.807622313E0
4.726016264E1,1.364694953E0,-8.200140953E0,-1.740584612E0
4.726211576E1,1.556231141E0,-8.121131897E0,-1.572990537E0
4.726409940E1,1.778891921E0,-7.996633530E0,-1.290474772E0
4.726608304E1,2.006340981E0,-7.876923561E0,-9.864110947E-1
4.726806669E1,2.130839586E0,-7.862558365E0,-7.326257229E-1
4.727001981E1,2.171540976E0,-7.939172745E0,-5.626373887E-1
4.727203397E1,2.149993181E0,-8.049305916E0,-5.075707436E-1
4.727398710E1,2.111685991E0,-8.152256966E0,-5.482721925E-1
4.727597074E1,2.114080191E0,-8.221688271E0,-6.512228847E-1
4.727792387E1,2.126051188E0,-8.286332130E0,-7.613561153E-1
4.727993803E1,2.128445387E0,-8.350975990E0,-8.523358107E-1
4.728189115E1,2.121262789E0,-8.386888504E0,-9.097966552E-1
4.728387479E1,2.099714994E0,-8.403648376E0,-9.361328483E-1
4.728585844E1,2.042253971E0,-8.427590370E0,-9.504981041E-1
4.728784208E1,1.951274395E0,-8.458714485E0,-9.504981041E-1
4.728979520E1,1.824381709E0,-8.518569946E0,-9.528923035E-1
4.729180936E1,1.668758631E0,-8.590395927E0,-9.792284966E-1
4.729376249E1,1.501164436E0,-8.657433510E0,-1.019929886E0
4.729571561E1,1.309628367E0,-8.760383606E0,-1.063025594E0
4.729769926E1,1.089361787E0,-8.901641846E0,-1.106121182E0
4.729971342E1,8.762778044E-1,-9.054870605E0,-1.139639974E0
4.730163602E1,6.703764796E-1,-9.198522568E0,-1.163581967E0
4.730365018E1,4.644751251E-1,-9.346963882E0,-1.163581967E0
4.730563383E1,2.657563984E-1,-9.507374763E0,-1.142034173E0
4.730758695E1,6.464344263E-2,-9.667786598E0,-1.096544385E0
4.730957059E1,-1.221042871E-1,-9.821015358E0,-1.039083481E0
4.731158475E1,-2.801215947E-1,-9.943120003E0,-9.840168953E-1
4.731353788E1,-4.070142806E-1,-1.003170490E1,-9.337386489E-1
4.731555204E1,-5.099649429E-1,-1.009395409E1,-8.954314590E-1
4.731750516E1,-5.985504389E-1,-1.013944435E1,-8.690952063E-1
4.731951932E1,-6.751648784E-1,-1.016578007E1,-8.451532125E-1
4.732144193E1,-7.374141216E-1,-1.016338634E1,-8.331822157E-1
4.732345609E1,-7.876923680E-1,-1.013704967E1,-8.283938169E-1
4.732543974E1,-8.283938169E-1,-1.008677197E1,-8.259995580E-1
4.732739286E1,-8.595184088E-1,-1.001973438E1,-8.307880163E-1
4.732937650E1,-8.930372596E-1,-9.964667320E0,-8.212111592E-1
4.733139066E1,-9.696516991E-1,-9.955090523E0,-7.829039693E-1
4.733331327E1,-1.084573388E0,-9.981427193E0,-7.398083210E-1
4.733532743E1,-1.206677675E0,-1.003170490E1,-6.895300746E-1
4.733728056E1,-1.340752959E0,-1.011310768E1,-6.392518282E-1
4.733926420E1,-1.532289028E0,-1.024957752E1,-5.961562395E-1
4.734124784E1,-1.687912226E0,-1.035731697E1,-6.081272364E-1
4.734323148E1,-1.747767210E0,-1.038125896E1,-6.799532771E-1
4.734515409E1,-1.764526606E0,-1.035971069E1,-7.996633649E-1
4.734716825E1,-1.798045516E0,-1.031900978E1,-9.361328483E-1
4.734912138E1,-1.855506301E0,-1.027591324E1,-1.036689281E0
4.735110502E1,-1.893813491E0,-1.020648193E1,-1.060631394E0
4.735308866E1,-1.879448295E0,-1.012268448E1,-9.983820915E-1
4.735510282E1,-1.826775908E0,-1.004607010E1,-8.930372596E-1
4.735705595E1,-1.757344007E0,-9.983820915E0,-7.709329724E-1
4.735903959E1,-1.697489023E0,-9.945513725E0,-6.584054828E-1
4.736102323E1,-1.647210717E0,-9.935936928E0,-5.674257874E-1
4.736300687E1,-1.623268723E0,-9.957485199E0,-5.027823448E-1
4.736492948E1,-1.582567334E0,-9.986215591E0,-4.836287498E-1
4.736691312E1,-1.517923832E0,-9.991003990E0,-5.147533417E-1
4.736889677E1,-1.429338455E0,-9.979032516E0,-5.865794420E-1
4.737088041E1,-1.328781962E0,-9.967061996E0,-6.799532771E-1
4.737283353E1,-1.218648672E0,-9.950302124E0,-7.852981687E-1
4.737481718E1,-1.103726983E0,-9.921571732E0,-9.074024558E-1
4.737680082E1,-9.792284966E-1,-9.890447617E0,-1.019929886E0
4.737878446E1,-8.595184088E-1,-9.856928825E0,-1.084573388E0
4.738073759E1,-7.422025204E-1,-9.823410034E0,-1.130063176E0
4.738275175E1,-6.272808313E-1,-9.787496567E0,-1.139639974E0
4.738470487E1,-5.219359994E-1,-9.739612579E0,-1.103726983E0
4.738665800E1,-4.070142806E-1,-9.672574997E0,-1.048660398E0
4.738864164E1,-2.537853718E-1,-9.624691010E0,-9.720458984E-1
4.739062528E1,-1.005564705E-1,-9.598354340E0,-8.810662031E-1
4.739257841E1,3.591302410E-2,-9.586383820E0,-8.020575643E-1
4.739456205E1,1.580173075E-1,-9.588777542E0,-7.350199223E-1
4.739654569E1,2.681505978E-1,-9.615114212E0,-6.847416759E-1
4.739852933E1,3.423708379E-1,-9.655815125E0,-6.488286853E-1
4.740048246E1,3.950432837E-1,-9.701305389E0,-6.296750307E-1
4.740249662E1,4.237737060E-1,-9.761159897E0,-6.105214357E-1
4.740444974E1,4.285621047E-1,-9.794678688E0,-6.009446383E-1
4.740643339E1,4.309563041E-1,-9.878476143E0,-5.770025849E-1
4.740841703E1,4.381389022E-1,-9.995792389E0,-5.410895944E-1
4.741040067E1,4.525041282E-1,-1.013704967E1,-4.884171486E-1
4.741235380E1,4.764461517E-1,-1.030703831E1,-4.453215301E-1
4.741433744E1,5.219359994E-1,-1.050815105E1,-4.381389022E-1
4.741632108E1,6.200982332E-1,-1.070208168E1,-4.764461517E-1
4.741830473E1,7.374141216E-1,-1.087207031E1,-5.458779931E-1
4.742025785E1,8.451532125E-1,-1.104924107E1,-6.177040339E-1
4.742227201E1,9.361328483E-1,-1.121204662E1,-6.895300746E-1
4.742422514E1,1.034295082E0,-1.136048698E1,-7.541735172E-1
4.742617826E1,1.151610970E0,-1.148019695E1,-7.996633649E-1
4.742816190E1,1.307234168E0,-1.156399441E1,-8.283938169E-1
4.743017606E1,1.455674648E0,-1.163342571E1,-8.690952063E-1
4.743209867E1,1.608903527E0,-1.172679996E1,-9.121908545E-1
4.743411283E1,1.766920805E0,-1.182017422E1,-9.433154464E-1
4.743606596E1,1.927332401E0,-1.190157700E1,-9.504981041E-1
4.743804960E1,2.078166962E0,-1.197579670E1,-9.313444495E-1
4.744003324E1,2.231395960E0,-1.205001736E1,-8.547300100E-1
4.744201688E1,2.387019157E0,-1.212423706E1,-7.517793179E-1
4.744397001E1,2.530671120E0,-1.221282291E1,-6.320692301E-1
4.744595365E1,2.669534922E0,-1.229662037E1,-4.788403511E-1
4.744790678E1,2.810792685E0,-1.235168648E1,-2.968810201E-1
4.744989042E1,2.937685490E0,-1.238281155E1,-1.029506698E-1
4.745187406E1,3.026270866E0,-1.242830086E1,1.125274822E-1
4.745388822E1,3.095702887E0,-1.247857952E1,3.495534360E-1
4.745584135E1,3.160346270E0,-1.255040550E1,6.248866320E-1
4.745782499E1,3.193865061E0,-1.263899040E1,9.696516991E-1
4.745980863E1,3.193865061E0,-1.273236465E1,1.328781962E0
4.746179227E1,3.179499865E0,-1.284489250E1,1.687912226E0
4.746374540E1,3.143586874E0,-1.297657299E1,2.054224968E0
4.746575956E1,3.095702887E0,-1.311304283E1,2.396595955E0
4.746771268E1,3.021482468E0,-1.323754120E1,2.703053713E0
4.746969633E1,2.930502892E0,-1.334288597E1,2.973598480E0
4.747164945E1,2.813186884E0,-1.344823074E1,3.224989653E0
4.747366361E1,2.659958124E0,-1.357272911E1,3.476380825E0
4.747561674E1,2.482787132E0,-1.371877575E1,3.734954596E0
4.747760038E1,2.300827742E0,-1.388158131E1,3.991134167E0
4.747958402E1,2.109291792E0,-1.405875206E1,4.247313976E0
4.748156766E1,1.956062794E0,-1.421437550E1,4.491522312E0
4.748349027E1,1.867477298E0,-1.429577827E1,4.726154327E0
4.748550443E1,1.814804912E0,-1.429817295E1,4.946420670E0
4.748745756E1,1.747767210E0,-1.426704788E1,5.128379822E0
4.748944120E1,1.649604917E0,-1.426465416E1,5.298368454E0
4.749139432E1,1.546654344E0,-1.430774975E1,5.501875401E0
4.749340848E1,1.458068848E0,-1.436999893E1,5.741295815E0
4.749536161E1,1.383848548E0,-1.443224812E1,5.971138954E0
4.749734525E1,1.309628367E0,-1.447294903E1,6.167463779E0
4.749932890E1,1.237802267E0,-1.450167942E1,6.320692539E0
4.750131254E1,1.156399369E0,-1.454956341E1,6.447585106E0
4.750323515E1,1.043871999E0,-1.463096619E1,6.531382084E0
4.750524930E1,9.050082564E-1,-1.472434044E1,6.552929878E0
4.750720243E1,7.661445141E-1,-1.483686829E1,6.528987885E0
4.750918607E1,6.536170840E-1,-1.498291397E1,6.481103897E0
4.751116972E1,5.793967843E-1,-1.514811420E1,6.409277916E0
4.751318388E1,5.434837937E-1,-1.532767963E1,6.320692539E0
4.751513700E1,5.243301988E-1,-1.549287891E1,6.215347767E0
4.751712064E1,4.955997467E-1,-1.566765594E1,6.090848923E0
4.751910429E1,4.357447028E-1,-1.584482670E1,5.942408562E0
4.752108793E1,3.734954596E-1,-1.599566174E1,5.772420406E0
4.752301054E1,3.112462163E-1,-1.610340118E1,5.537788391E0
4.752502470E1,2.106897533E-1,-1.618240929E1,5.236119270E0
4.752697782E1,5.506663769E-2,-1.624705315E1,4.898536682E0
4.752896146E1,-1.388636976E-1,-1.632366753E1,4.563348293E0
4.753094511E1,-3.782838583E-1,-1.638112831E1,4.252102375E0
4.753295927E1,-6.560112834E-1,-1.641464615E1,4.005499363E0
4.753491239E1,-9.457096457E-1,-1.640746498E1,3.849876404E0
4.753692655E1,-1.218648672E0,-1.635479164E1,3.756502390E0
4.753887968E1,-1.453280449E0,-1.625184059E1,3.708618402E0
4.754086332E1,-1.651999116E0,-1.607706451E1,3.711012602E0
4.754284696E1,-1.814804912E0,-1.583285618E1,3.758896589E0
4.754483060E1,-1.941697598E0,-1.553597450E1,3.813963413E0
4.754678373E1,-2.068590164E0,-1.520318127E1,3.804386616E0
4.754879789E1,-2.154781580E0,-1.485841560E1,3.706224203E0
4.755075101E1,-2.128445387E0,-1.454238129E1,3.567360640E0
4.755276517E1,-2.008735180E0,-1.425986576E1,3.416525841E0
4.755471830E1,-1.884236693E0,-1.397974396E1,3.258508444E0
4.755673246E1,-1.788468719E0,-1.370201588E1,3.059789658E0
4.755865507E1,-1.759738207E0,-1.356315231E1,2.940079689E0
4.756066923E1,-1.738190413E0,-1.314656162E1,2.521094322E0
4.756265287E1,-1.745373011E0,-1.301488018E1,2.363077164E0
4.756463651E1,-1.793257117E0,-1.276348972E1,2.042253971E0
4.756655912E1,-1.896207690E0,-1.254561710E1,1.723825216E0
4.756857328E1,-2.037465572E0,-1.238999367E1,1.424550056E0
4.757055692E1,-2.195482969E0,-1.230380249E1,1.206677675E0
4.757254057E1,-2.384624958E0,-1.226788998E1,1.043871999E0
4.757446317E1,-2.571372509E0,-1.225352383E1,8.427590132E-1
4.757647733E1,-2.717418909E0,-1.224634171E1,5.267243981E-1
4.757843046E1,-2.820369720E0,-1.225831223E1,9.337386489E-2
4.758041410E1,-2.873042107E0,-1.227028370E1,-4.453215301E-1
4.758239774E1,-2.870647907E0,-1.225352383E1,-1.034295082E0
4.758438138E1,-2.806004286E0,-1.222000504E1,-1.659181833E0
4.758630399E1,-2.693476915E0,-1.216254425E1,-2.319981337E0
4.758831815E1,-2.561795712E0,-1.209311295E1,-2.956839085E0
4.759027128E1,-2.403778553E0,-1.204762268E1,-3.507505417E0
4.759225492E1,-2.214636564E0,-1.200213337E1,-3.964797974E0
4.759417753E1,-2.018311977E0,-1.193509579E1,-4.393360138E0
4.759619169E1,-1.819593310E0,-1.188002872E1,-4.728548527E0
4.759811430E1,-1.584961534E0,-1.183453941E1,-4.903325081E0
4.760012846E1,-1.314416766E0,-1.177707863E1,-5.011064053E0
4.760211210E1,-1.072602391E0,-1.170525169E1,-5.142745018E0
4.760406522E1,-8.882488012E-1,-1.162863731E1,-5.322310448E0
4.760604887E1,-7.326257229E-1,-1.155441761E1,-5.525817394E0
4.760803251E1,-5.961562395E-1,-1.147062016E1,-5.729324818E0
4.760998563E1,-4.548983276E-1,-1.138203526E1,-5.923254967E0
4.761196928E1,-3.040636182E-1,-1.129344940E1,-6.083666325E0
4.761395292E1,-1.149216816E-1,-1.119768143E1,-6.217741966E0
4.761593656E1,1.101332754E-1,-1.110191345E1,-6.344634533E0
4.761788969E1,2.920926213E-1,-1.101332760E1,-6.385335922E0
4.761990385E1,3.615244627E-1,-1.092234802E1,-6.289567947E0
4.762185697E1,3.184288144E-1,-1.081700325E1,-6.057330132E0
4.762381010E1,3.136404157E-1,-1.070447540E1,-5.784391403E0
4.762579374E1,3.878606856E-1,-1.057279491E1,-5.554547787E0
4.762777738E1,4.860229492E-1,-1.043153667E1,-5.363011837E0
4.762973051E1,5.123591423E-1,-1.030464458E1,-5.161899090E0
4.763174467E1,5.291185975E-1,-1.019451046E1,-4.893748283E0
4.763369779E1,6.200982332E-1,-1.011789608E1,-4.539406300E0
4.763568143E1,6.943184733E-1,-1.007240677E1,-4.086902142E0
4.763763456E1,7.110779285E-1,-1.002452278E1,-3.581725836E0
4.763964872E1,6.943184733E-1,-9.969455719E0,-3.122039080E0
4.764160184E1,7.182605267E-1,-9.904812813E0,-2.794033289E0
4.764361600E1,8.140285611E-1,-9.888052940E0,-2.607285738E0
4.764556913E1,8.475474119E-1,-9.931148529E0,-2.468421936E0
4.764755277E1,8.116343617E-1,-9.988609314E0,-2.308010340E0
4.764953641E1,8.236053586E-1,-1.004846478E1,-2.085349798E0
4.765155058E1,9.696516991E-1,-1.016099167E1,-1.754949808E0
4.765350370E1,1.082179189E0,-1.035492229E1,-1.278503656E0
4.765548734E1,1.053448796E0,-1.055124664E1,-7.829039693E-1
4.765747098E1,1.034295082E0,-1.073799419E1,-4.357447028E-1
4.765945463E1,9.385270476E-1,-1.098220348E1,-2.394201607E-2
4.766137724E1,5.506663918E-1,-1.128387260E1,6.464344859E-1
4.766339140E1,3.351882473E-2,-1.154244614E1,1.374271750E0
4.766534452E1,-3.591302633E-1,-1.174116516E1,2.020706177E0
4.766732816E1,-6.631938815E-1,-1.193030739E1,2.528276920E0
4.766931180E1,-1.034295082E0,-1.209790134E1,2.827552319E0
4.767132596E1,-1.379060149E0,-1.224155331E1,2.944868088E0
4.767327909E1,-1.553836942E0,-1.237084007E1,2.952050686E0
4.767526273E1,-1.606509328E0,-1.242111874E1,2.829946518E0
4.767721586E1,-1.582567334E0,-1.244745445E1,2.676717520E0
4.767923002E1,-1.515529633E0,-1.249055004E1,2.547430515E0
4.768118314E1,-1.259350061E0,-1.252885723E1,2.652775526E0
4.768319730E1,-8.499416113E-1,-1.252885723E1,3.028665066E0
4.768511991E1,-5.219359994E-1,-1.249533844E1,3.215412855E0
4.768713407E1,-3.375824392E-1,-1.242351246E1,3.088520288E0
4.768911771E1,-2.106897533E-1,-1.229662037E1,2.875436306E0
4.769110136E1,-6.703764945E-2,-1.212902546E1,2.695871115E0
4.769302396E1,1.221042871E-1,-1.192312431E1,2.525882721E0
4.769503812E1,3.447650373E-1,-1.170046329E1,2.308010340E0
4.769699125E1,5.722141862E-1,-1.148498535E1,2.035071373E0
4.769897489E1,7.613561153E-1,-1.129344940E1,1.687912226E0
4.770095853E1,8.834604025E-1,-1.112106705E1,1.244984865E0
4.770294218E1,9.313444495E-1,-1.103966427E1,1.015141487E0
4.770489530E1,1.024718285E0,-1.088643551E1,5.961562395E-1
4.770690946E1,1.127668977E0,-1.073560047E1,2.226607651E-1
4.770886259E1,1.204283476E0,-1.059673691E1,-9.576806426E-2
4.771084623E1,1.271321058E0,-1.044350815E1,-3.591302633E-1
4.771279935E1,1.410184860E0,-1.024239445E1,-6.009446383E-1
4.771481351E1,1.584961534E0,-1.002691650E1,-8.068459630E-1
4.771676664E1,1.702277422E0,-9.864110947E0,-9.457096457E-1
4.771875028E1,1.726219416E0,-9.770736694E0,-1.019929886E0
4.772073392E1,1.690306425E0,-9.703699112E0,-1.041477680E0
4.772271757E1,1.613691926E0,-9.651026726E0,-1.060631394E0
4.772464017E1,1.434126854E0,-9.619902611E0,-1.113303781E0
4.772665433E1,1.182735682E0,-9.603142738E0,-1.213860273E0
4.772860746E1,9.169792533E-1,-9.588777542E0,-1.359906554E0
4.773059110E1,6.943184733E-1,-9.564835548E0,-1.539471745E0
4.773251371E1,5.626373887E-1,-9.507374763E0,-1.726219416E0
4.773452787E1,5.267243981E-1,-9.425971985E0,-1.886630893E0
4.773648099E1,5.315127969E-1,-9.337387085E0,-1.996764183E0
4.773846464E1,5.267243981E-1,-9.272743225E0,-2.075772762E0
4.774044828E1,5.195417404E-1,-9.217676163E0,-2.126051188E0
4.774243192E1,5.051765442E-1,-9.155426979E0,-2.138022184E0
4.774438505E1,4.884171486E-1,-9.076418877E0,-2.111685991E0
4.774639921E1,5.027823448E-1,-8.961497307E0,-2.075772762E0
4.774832182E1,5.698199868E-1,-8.836998940E0,-2.051830769E0
4.775033598E1,7.062895298E-1,-8.707711220E0,-2.018311977E0
4.775228910E1,8.140285611E-1,-8.578424454E0,-1.915361404E0
4.775427274E1,8.307880163E-1,-8.480262756E0,-1.716642618E0
4.775625638E1,7.302315235E-1,-8.398859978E0,-1.482010841E0
4.775824003E1,5.315127969E-1,-8.334216118E0,-1.300051570E0
4.776016264E1,2.992752194E-1,-8.283937454E0,-1.218648672E0
4.776217680E1,7.661445439E-2,-8.228871346E0,-1.182735682E0
4.776416044E1,-1.077390760E-1,-8.166622162E0,-1.134851575E0
4.776614408E1,-2.394201756E-1,-8.104372978E0,-1.041477680E0
4.776809721E1,-3.303998411E-1,-8.046912193E0,-9.217676520E-1
4.777008085E1,-4.094084799E-1,-8.006210327E0,-8.092401624E-1
4.777206449E1,-4.884171486E-1,-7.953537941E0,-7.302315235E-1
4.777404813E1,-5.027823448E-1,-7.881711960E0,-6.440402865E-1
4.777603178E1,-4.836287498E-1,-7.788338184E0,-5.099649429E-1
4.777804594E1,-5.123591423E-1,-7.673416615E0,-3.495534360E-1
4.777999906E1,-5.027823448E-1,-7.546523571E0,-1.963245422E-1
4.778195219E1,-4.381389022E-1,-7.431602001E0,-5.746084079E-2
4.778393583E1,-3.639186621E-1,-7.343016624E0,6.943184882E-2
4.778591947E1,-3.232172430E-1,-7.268796444E0,1.580173075E-1
4.778787260E1,-3.423708379E-1,-7.213729858E0,2.154781520E-1
4.778985624E1,-3.830722570E-1,-7.165845871E0,2.561795712E-1
4.779183988E1,-4.429273009E-1,-7.127538681E0,3.088520169E-1
4.779382352E1,-5.267243981E-1,-7.079654217E0,2.992752194E-1
4.779577665E1,-6.224924326E-1,-7.007828236E0,7.661445439E-2
4.779779081E1,-7.230489254E-1,-6.921637058E0,-2.322375625E-1
4.779974393E1,-8.092401624E-1,-6.816292286E0,-4.644751251E-1
4.780172758E1,-9.121908545E-1,-6.698976517E0,-6.153098345E-1
4.780371122E1,-1.053448796E0,-6.596025467E0,-7.685387731E-1
4.780569486E1,-1.201889277E0,-6.490680695E0,-9.433154464E-1
4.780764799E1,-1.326387763E0,-6.375759125E0,-1.115697980E0
4.780963163E1,-1.438915253E0,-6.260837555E0,-1.268926859E0
4.781161527E1,-1.561019540E0,-6.136339188E0,-1.393425345E0
4.781359891E1,-1.699883223E0,-6.021417141E0,-1.520318031E0
4.781555204E1,-1.874659896E0,-5.930437565E0,-1.659181833E0
4.781756620E1,-2.061407566E0,-5.851428986E0,-1.793257117E0
4.781951932E1,-2.231395960E0,-5.772420406E0,-1.872265697E0
4.782150297E1,-2.394201756E0,-5.693411827E0,-1.896207690E0
4.782348661E1,-2.600103140E0,-5.614402771E0,-1.903390408E0
4.782547025E1,-2.810792685E0,-5.537788391E0,-1.927332401E0
4.782742338E1,-2.913743496E0,-5.446808815E0,-1.948880196E0
4.782943754E1,-2.908955097E0,-5.358223438E0,-1.927332401E0
4.783139066E1,-2.889801502E0,-5.288791656E0,-1.872265697E0
4.783337430E1,-2.918531895E0,-5.248090267E0,-1.819593310E0
4.783535795E1,-2.999934673E0,-5.228936672E0,-1.790862918E0
4.783734159E1,-3.107673883E0,-5.204994678E0,-1.788468719E0
4.783926420E1,-3.198653460E0,-5.173870087E0,-1.807622313E0
4.784127836E1,-3.246537447E0,-5.128379822E0,-1.802833915E0
4.784326200E1,-3.251325846E0,-5.027823448E0,-1.793257117E0
4.784524564E1,-3.263296843E0,-4.903325081E0,-1.793257117E0
4.784722929E1,-3.339911461E0,-4.800374508E0,-1.783680320E0
4.784924345E1,-3.459621429E0,-4.723760128E0,-1.742978811E0
4.785119657E1,-3.572149038E0,-4.656722069E0,-1.685518026E0
4.785318021E1,-3.646369219E0,-4.584896088E0,-1.640028119E0
4.785513334E1,-3.677493811E0,-4.551377296E0,-1.620874524E0
4.785714750E1,-3.746925592E0,-4.493916512E0,-1.565807939E0
4.785910062E1,-3.854664803E0,-4.460397720E0,-1.491587639E0
4.786111478E1,-3.983951569E0,-4.455609322E0,-1.446097851E0
4.786306791E1,-4.141968727E0,-4.474762917E0,-1.429338455E0
4.786505155E1,-4.319139957E0,-4.505887508E0,-1.412579060E0
4.786700468E1,-4.469974518E0,-4.520252705E0,-1.393425345E0
4.786901884E1,-4.608838081E0,-4.541800499E0,-1.362300754E0
4.787097196E1,-4.735731125E0,-4.577713490E0,-1.312022567E0
4.787295560E1,-4.817133904E0,-4.604049683E0,-1.235408068E0
4.787493925E1,-4.843470097E0,-4.608838081E0,-1.168370485E0
4.787692289E1,-4.824316502E0,-4.606443882E0,-1.113303781E0
4.787887601E1,-4.786009312E0,-4.596867085E0,-1.063025594E0
4.788089017E1,-4.754884720E0,-4.594472885E0,-1.003170490E0
4.788284330E1,-4.699818134E0,-4.594472885E0,-9.433154464E-1
4.788482694E1,-4.637568474E0,-4.599261284E0,-9.050082564E-1
4.788681058E1,-4.556165695E0,-4.599261284E0,-8.930372596E-1
4.788882474E1,-4.429273129E0,-4.599261284E0,-9.050082564E-1
4.789077787E1,-4.285621166E0,-4.601655483E0,-8.906430602E-1
4.789276151E1,-4.163516521E0,-4.616020679E0,-8.547300100E-1
4.789474516E1,-4.058171749E0,-4.649539471E0,-8.116343617E-1
4.789672880E1,-3.974374771E0,-4.690241337E0,-7.685387731E-1
4.789865140E1,-3.909731388E0,-4.733336926E0,-7.589619160E-1
4.790066557E1,-3.876212597E0,-4.776432514E0,-7.924807668E-1
4.790261869E1,-3.871424198E0,-4.819528103E0,-8.283938169E-1
4.790460233E1,-3.852270603E0,-4.862623692E0,-8.667010069E-1
4.790655546E1,-3.813963413E0,-4.903325081E0,-9.026140571E-1
4.790856962E1,-3.734954596E0,-4.927267075E0,-9.313444495E-1
4.791052274E1,-3.615244627E0,-4.932055473E0,-9.241618514E-1
4.791250638E1,-3.495534420E0,-4.929661274E0,-8.930372596E-1
4.791449003E1,-3.380612850E0,-4.932055473E0,-8.499416113E-1
4.791647367E1,-3.258508444E0,-4.939238071E0,-8.140285611E-1
4.791839628E1,-3.114856482E0,-4.946420670E0,-8.020575643E-1
4.792041044E1,-2.971204281E0,-4.953603268E0,-7.900865674E-1
4.792233304E1,-2.846705914E0,-4.939238071E0,-7.469909191E-1
4.792434721E1,-2.770091295E0,-4.932055473E0,-7.230489254E-1
4.792633085E1,-2.726995707E0,-4.948814869E0,-7.038952708E-1
4.792831449E1,-2.647987127E0,-4.967968464E0,-6.584054828E-1
4.793029813E1,-2.588132143E0,-4.979939461E0,-6.057330370E-1
4.793231229E1,-2.580949545E0,-4.994304657E0,-5.698199868E-1
4.793423490E1,-2.552218914E0,-5.008669853E0,-5.506663918E-1
4.793624906E1,-2.492363930E0,-5.008669853E0,-5.339069963E-1
4.793820219E1,-2.418143749E0,-5.001487255E0,-5.075707436E-1
4.794015531E1,-2.355894566E0,-4.991910458E0,-4.501099288E-1
4.794213895E1,-2.319981337E0,-4.999093056E0,-3.806780577E-1
4.794412260E1,-2.305616140E0,-5.027823448E0,-2.681505978E-1
4.794607572E1,-2.276885748E0,-5.063736439E0,-1.077390760E-1
4.794805936E1,-2.226607561E0,-5.111620426E0,9.576806426E-2
4.795004301E1,-2.164358377E0,-5.166687489E0,3.016694188E-1
4.795199613E1,-2.121262789E0,-5.233725071E0,5.027823448E-1
4.795397977E1,-2.116474390E0,-5.324704647E0,7.062895298E-1
4.795599393E1,-2.068590164E0,-5.422866821E0,8.714894056E-1
4.795794706E1,-2.032677174E0,-5.530605793E0,1.015141487E0
4.795990018E1,-1.987187386E0,-5.652710438E0,1.168370485E0
4.796188383E1,-1.917755604E0,-5.801150799E0,1.323993564E0
4.796389799E1,-1.838746905E0,-5.973533154E0,1.479616642E0
4.796585111E1,-1.754949808E0,-6.150704384E0,1.654393315E0
4.796786527E1,-1.625662923E0,-6.299144745E0,1.903390408E0
4.796981840E1,-1.441309452E0,-6.428431511E0,2.178723574E0
4.797183256E1,-1.266532660E0,-6.576871872E0,2.434903145E0
4.797378568E1,-1.180341482E0,-6.780379295E0,2.667140722E0
4.797576932E1,-1.161187768E0,-7.003039837E0,2.913743496E0
4.797775297E1,-1.149216771E0,-7.223306656E0,3.174711466E0
4.797973661E1,-1.120486379E0,-7.441178799E0,3.404554844E0
4.798168974E1,-1.065419793E0,-7.663839817E0,3.596091032E0
4.798370390E1,-9.768342972E-1,-7.884106159E0,3.821146011E0
4.798565702E1,-8.762778044E-1,-8.104372978E0,4.115632534E0
4.798764066E1,-8.355764151E-1,-8.379706383E0,4.465186119E0
4.798956327E1,-8.188169599E-1,-8.667010307E0,4.853046894E0
4.799157743E1,-7.254431248E-1,-8.968679428E0,5.327098846E0
4.799353056E1,-6.009446383E-1,-9.299078941E0,5.863399982E0
4.799551420E1,-4.477157295E-1,-9.653421402E0,6.430825710E0
4.799749784E1,-2.274491638E-1,-1.004607010E1,7.031770229E0
4.799945096E1,-2.394201700E-3,-1.051772785E1,7.560888767E0
4.800143461E1,1.771709323E-1,-1.108754826E1,8.032546997E0
4.800344877E1,3.280056417E-1,-1.175553036E1,8.520963669E0
4.800540189E1,5.267243981E-1,-1.245942593E1,9.069235802E0
4.800738554E1,8.236053586E-1,-1.318008041E1,9.641449928E0
4.800936918E1,1.125274777E0,-1.392467690E1,1.007958889E1
4.801138334E1,1.355118155E0,-1.470758057E1,1.033337498E1
4.801330595E1,1.443703651E0,-1.511459541E1,1.040759468E1
4.801532011E1,1.618480325E0,-1.595495987E1,1.046266174E1
4.801727323E1,1.788468719E0,-1.681447792E1,1.045308495E1
4.801922636E1,1.855506301E0,-1.769315147E1,1.046505547E1
4.802121000E1,1.833958507E0,-1.858379364E1,1.056082344E1
4.802322416E1,1.836352706E0,-1.943852425E1,1.076672459E1
4.802514677E1,1.881842494E0,-2.023818779E1,1.114500904E1
4.802716093E1,1.939303398E0,-2.096841812E1,1.170764637E1
4.802911405E1,2.011129379E0,-2.157415199E1,1.241154194E1
4.803109769E1,2.047042370E0,-2.206256866E1,1.324472427E1
4.803308134E1,2.080561161E0,-2.242169952E1,1.415212631E1
4.803506498E1,2.195482969E0,-2.258211136E1,1.504276943E1
4.803701810E1,2.389413357E0,-2.252225494E1,1.590228748E1
4.803900175E1,2.628833532E0,-2.226847076E1,1.673546982E1
4.804095487E1,2.925714493E0,-2.179441833E1,1.741542244E1
4.804293851E1,3.277662039E0,-2.111207008E1,1.787032127E1
4.804486112E1,3.629609823E0,-2.030043602E1,1.807382774E1
4.804687528E1,3.921702385E0,-1.942176437E1,1.798763657E1
4.804882841E1,4.120420933E0,-1.849041939E1,1.762132454E1
4.805081205E1,4.209006786E0,-1.750879669E1,1.702756310E1
4.805279569E1,4.161122322E0,-1.651759720E1,1.621592903E1
4.805477933E1,3.988739967E0,-1.555752277E1,1.522712326E1
4.805670194E1,3.722983599E0,-1.463814926E1,1.415691471E1
4.805871610E1,3.385401249E0,-1.378102493E1,1.305079365E1
4.806066923E1,2.968810081E0,-1.298375607E1,1.194467258E1
4.806265287E1,2.492363930E0,-1.225831223E1,1.086967564E1
4.806460599E1,1.965639591E0,-1.161666679E1,9.818621635E0
4.806662016E1,1.379060149E0,-1.105163479E1,8.803479195E0
4.806857328E1,7.541735172E-1,-1.054166985E1,7.838616371E0
4.807055692E1,1.101332754E-1,-1.007958889E1,6.916848660E0
4.807254057E1,-5.410895944E-1,-9.646238327E0,6.033388138E0
4.807452421E1,-1.204283476E0,-9.244012833E0,5.193023682E0
4.807644682E1,-1.872265697E0,-8.880094528E0,4.402936935E0
4.807846098E1,-2.504334927E0,-8.532935143E0,3.699041605E0
4.808041410E1,-3.093308687E0,-8.180987358E0,3.081337690E0
4.808239774E1,-3.632004023E0,-7.829039574E0,2.554613113E0
4.808438138E1,-4.106055737E0,-7.510610580E0,2.130839586E0
4.808639554E1,-4.510675907E0,-7.235277653E0,1.774103403E0
4.808834867E1,-4.848258495E0,-6.986280441E0,1.455674648E0
4.809033231E1,-5.070919037E0,-6.756437302E0,1.189918280E0
4.809231596E1,-5.161899090E0,-6.533776283E0,9.504981041E-1
4.809429960E1,-5.140350819E0,-6.296750546E0,6.224924326E-1
4.809622221E1,-5.044582844E0,-6.064512730E0,1.484405100E-1
4.809823637E1,-4.920084476E0,-5.901707172E0,-4.333505034E-1
4.810018949E1,-4.733336926E0,-5.820304394E0,-1.041477680E0
4.810217313E1,-4.462791920E0,-5.801150799E0,-1.582567334E0
4.810415678E1,-4.129997730E0,-5.863399982E0,-2.015917778E0
4.810617094E1,-3.742137194E0,-6.014234543E0,-2.410961151E0
4.810812406E1,-3.313575268E0,-6.236895561E0,-2.806004286E0
4.811010770E1,-2.923320293E0,-6.555324078E0,-3.201047659E0
4.811209135E1,-2.624045134E0,-7.005434036E0,-3.655946016E0
4.811407499E1,-2.382230759E0,-7.589619160E0,-4.189853191E0
4.811599760E1,-2.209848166E0,-8.303091049E0,-4.757278919E0
4.811801176E1,-2.138022184E0,-9.117119789E0,-5.319916248E0
4.811996488E1,-2.138022184E0,-1.000536919E1,-5.880159378E0
4.812197904E1,-2.154781580E0,-1.088882923E1,-6.481103897E0
4.812393217E1,-2.195482969E0,-1.170525169E1,-7.163451672E0
4.812591581E1,-2.322375536E0,-1.246660805E1,-7.905653954E0
4.812783842E1,-2.542642117E0,-1.319923401E1,-8.645462036E0
4.812985258E1,-2.770091295E0,-1.388397598E1,-9.277531624E0
4.813180570E1,-2.942473888E0,-1.447294903E1,-9.730035782E0
4.813378934E1,-3.014299870E0,-1.490629959E1,-1.003649330E1
4.813577299E1,-2.975992680E0,-1.517684460E1,-1.015380955E1
4.813775663E1,-2.851494312E0,-1.532049656E1,-1.014662647E1
4.813967924E1,-2.679111719E0,-1.540189934E1,-1.006522369E1
4.814169340E1,-2.537853718E0,-1.543302441E1,-9.828198433E0
4.814364652E1,-2.482787132E0,-1.541865921E1,-9.667786598E0
4.814563016E1,-2.406172752E0,-1.535880375E1,-9.301473618E0
4.814758329E1,-2.339135170E0,-1.527500725E1,-8.884882927E0
4.814959745E1,-2.245761156E0,-1.517684460E1,-8.415618896E0
4.815155058E1,-2.126051188E0,-1.505234623E1,-7.831433773E0
4.815353422E1,-2.015917778E0,-1.487996387E1,-7.206547260E0
4.815551786E1,-1.944091797E0,-1.465490818E1,-6.596025467E0
4.815750150E1,-1.912967205E0,-1.436521053E1,-6.014234543E0
4.815942411E1,-1.874659896E0,-1.405635834E1,-5.391742229E0
4.816143827E1,-1.793257117E0,-1.371159267E1,-4.730942726E0
4.816339140E1,-1.687912226E0,-1.334288597E1,-4.005499363E0
4.816537504E1,-1.551442742E0,-1.297417927E1,-3.050212860E0
4.816729765E1,-1.314416766E0,-1.261026001E1,-1.850717902E0
4.816931180E1,-9.145850539E-1,-1.225352383E1,-4.357447028E-1
4.817126493E1,-3.711012602E-1,-1.189918232E1,1.192312479E0
4.817324857E1,3.711012602E-1,-1.156399441E1,2.913743496E0
4.817523222E1,1.295263171E0,-1.123838234E1,4.563348293E0
4.817721586E1,2.238578558E0,-1.089840603E1,6.002263546E0
4.817913846E1,3.105279684E0,-1.054885292E1,7.120356083E0
4.818115262E1,3.818751812E0,-1.022084713E1,7.812280178E0
4.818313627E1,4.311957359E0,-9.955090523E0,8.092401505E0
4.818511991E1,4.577713490E0,-9.730035782E0,7.982268333E0
4.818710355E1,4.604049683E0,-9.524134636E0,7.515398979E0
4.818908720E1,4.393360138E0,-9.346963882E0,6.653486729E0
4.819104032E1,4.007893562E0,-9.205705643E0,5.355829239E0
4.819302396E1,3.536235809E0,-9.114726067E0,3.696647406E0
4.819500761E1,2.999934673E0,-9.059659004E0,1.898601890E0
4.819702177E1,2.382230759E0,-9.014169693E0,2.657563984E-1
4.819897489E1,1.728613615E0,-8.963891029E0,-9.241618514E-1
4.820095853E1,1.165976286E0,-8.901641846E0,-1.671152830E0
4.820294218E1,7.398083210E-1,-8.825027466E0,-2.231395960E0
4.820492582E1,4.525041282E-1,-8.707711220E0,-2.750937700E0
4.820684843E1,2.489969730E-1,-8.544905663E0,-3.215412855E0
4.820886259E1,4.788403213E-2,-8.353369713E0,-3.605667830E0
4.821081571E1,-1.819593310E-1,-8.135497093E0,-3.931279182E0
4.821279935E1,-4.165911078E-1,-7.900865555E0,-4.240131378E0
4.821478300E1,-5.961562395E-1,-7.644686222E0,-4.546588898E0
4.821679716E1,-7.350199223E-1,-7.395689011E0,-4.833893299E0
4.821875028E1,-8.786720037E-1,-7.161057472E0,-4.982333660E0
4.822073392E1,-1.053448796E0,-6.952761650E0,-4.900930882E0
4.822271757E1,-1.230619669E0,-6.792350292E0,-4.764461517E0
4.822470121E1,-1.347935557E0,-6.663063526E0,-4.714183331E0
4.822668485E1,-1.422155857E0,-6.562506676E0,-4.721365929E0
4.822869901E1,-1.503558636E0,-6.497863293E0,-4.699818134E0
4.823062162E1,-1.611297727E0,-6.457161903E0,-4.649539471E0
4.823263578E1,-1.740584612E0,-6.440402508E0,-4.659116745E0
4.823458890E1,-2.013523579E0,-6.466738701E0,-4.620809078E0
4.823654203E1,-2.427720547E0,-6.512228489E0,-4.568136692E0
4.823852567E1,-2.801215887E0,-6.543353081E0,-4.577713490E0
4.824050932E1,-3.033453465E0,-6.548141479E0,-4.644751072E0
4.824246244E1,-3.184288263E0,-6.591237068E0,-4.757278919E0
4.824444608E1,-3.296815634E0,-6.689399719E0,-4.896142483E0
4.824642973E1,-3.344699860E0,-6.833051682E0,-5.011064053E0
4.824841337E1,-3.339911461E0,-7.036558628E0,-5.092466831E0
4.825033598E1,-3.275267839E0,-7.280767441E0,-5.140350819E0
4.825235014E1,-3.174711466E0,-7.558494568E0,-5.106832027E0
4.825430326E1,-3.186682463E0,-7.862558365E0,-4.891354084E0
4.825628690E1,-3.217807055E0,-8.159439087E0,-4.582501888E0
4.825827054E1,-3.138798475E0,-8.453926086E0,-4.319139957E0
4.826028471E1,-2.961627483E0,-8.731653214E0,-4.139574528E0
4.826223783E1,-2.717418909E0,-8.995016098E0,-4.000710964E0
4.826422147E1,-2.425326347E0,-9.246406555E0,-3.825934410E0
4.826620512E1,-2.092532396E0,-9.473855972E0,-3.574543238E0
4.826821928E1,-1.699883223E0,-9.689333916E0,-3.260902643E0
4.827014188E1,-1.206677675E0,-9.892841339E0,-2.913743496E0
4.827215604E1,-6.464344859E-1,-1.010592556E1,-2.552218914E0
4.827410917E1,-6.703764945E-2,-1.029746151E1,-2.178723574E0
4.827606229E1,4.955997467E-1,-1.044111347E1,-1.769315004E0
4.827804594E1,1.034295082E0,-1.054166985E1,-1.295263171E0
4.828006010E1,1.549048543E0,-1.063025570E1,-7.709329724E-1
4.828201322E1,2.035071373E0,-1.071644688E1,-2.418143749E-1
4.828399686E1,2.530671120E0,-1.080503273E1,2.346317619E-1
4.828598051E1,3.057395458E0,-1.089840603E1,5.698199868E-1
4.828799467E1,3.598485231E0,-1.101811600E1,7.852981687E-1
4.828991727E1,4.144362926E0,-1.113782597E1,8.954314590E-1
4.829193143E1,4.596867085E0,-1.122641182E1,9.433154464E-1
4.829391508E1,4.881777287E0,-1.130542088E1,9.911994934E-1
4.829589872E1,5.042188644E0,-1.135569859E1,1.034295082E0
4.829785184E1,5.094861031E0,-1.136527538E1,1.051054597E0
4.829986600E1,5.152322292E0,-1.138682365E1,1.082179189E0
4.830181913E1,5.142745018E0,-1.140118885E1,1.106121182E0
4.830383329E1,5.102043629E0,-1.142273617E1,1.192312479E0
4.830578641E1,5.039794445E0,-1.143231297E1,1.316810966E0
4.830780058E1,4.936843872E0,-1.142513084E1,1.455674648E0
4.830975370E1,4.809951305E0,-1.139161205E1,1.644816518E0
4.831173734E1,4.709394932E0,-1.134612179E1,1.948880196E0
4.831372098E1,4.620809078E0,-1.126950741E1,2.291250944E0
4.831570463E1,4.458003521E0,-1.116655636E1,2.540247917E0
4.831765775E1,4.276044369E0,-1.104205799E1,2.612074137E0
4.831967191E1,4.165910721E0,-1.089601231E1,2.513911724E0
4.832162504E1,4.098873138E0,-1.073560047E1,2.279279947E0
4.832360868E1,4.077325344E0,-1.060152531E1,1.951274395E0
4.832556180E1,4.074931145E0,-1.048660374E1,1.635239720E0
4.832757596E1,3.983951569E0,-1.036928749E1,1.417367458E0
4.832952909E1,3.770867586E0,-1.025436592E1,1.307234168E0
4.833151273E1,3.476380825E0,-1.015380955E1,1.302445769E0
4.833349638E1,3.131615877E0,-1.005804157E1,1.410184860E0
4.833548002E1,2.758120298E0,-9.991003990E0,1.618480325E0
4.833743314E1,2.406172752E0,-9.962273598E0,1.766920805E0
4.833944730E1,2.092532396E0,-9.959878922E0,1.786074519E0
4.834136991E1,1.795651317E0,-9.957485199E0,1.702277422E0
4.834338407E1,1.510741234E0,-9.904812813E0,1.549048543E0
4.834533720E1,1.213860273E0,-9.811438560E0,1.414973259E0
4.834732084E1,8.978256583E-1,-9.727641106E0,1.331176162E0
4.834930448E1,5.602431893E-1,-9.651026726E0,1.273715258E0
4.835128812E1,1.939303428E-1,-9.572018623E0,1.213860273E0
4.835321073E1,-2.154781520E-1,-9.497797966E0,1.180341482E0
4.835522489E1,-6.464344859E-1,-9.445125580E0,1.182735682E0
4.835720853E1,-1.053448796E0,-9.416395187E0,1.144428372E0
4.835919218E1,-1.393425345E0,-9.404424667E0,1.022324085E0
4.836114530E1,-1.616086125E0,-9.370905876E0,8.331822157E-1
4.836312894E1,-1.707065821E0,-9.306262016E0,6.200982332E-1
4.836511259E1,-1.805228114E0,-9.229647636E0,4.022258818E-1
4.836709623E1,-2.032677174E0,-9.162610054E0,2.130839527E-1
4.836904935E1,-2.329558372E0,-9.109937668E0,9.576806426E-2
4.837106351E1,-2.590526342E0,-9.076418877E0,7.661445439E-2
4.837301664E1,-2.774879694E0,-9.050082207E0,1.580173075E-1
4.837500028E1,-2.856282711E0,-9.050082207E0,2.873041928E-1
4.837698392E1,-2.829946518E0,-9.050082207E0,3.998316824E-1
4.837896757E1,-2.738966703E0,-9.030928612E0,4.572925270E-1
4.838092069E1,-2.614468336E0,-8.999804497E0,4.860229492E-1
4.838290433E1,-2.482787132E0,-8.961497307E0,5.530605912E-1
4.838488798E1,-2.377442360E0,-8.920795441E0,6.512228847E-1
4.838687162E1,-2.260126352E0,-8.894459724E0,7.445967197E-1
4.838882474E1,-2.126051188E0,-8.882488251E0,8.020575643E-1
4.839083890E1,-1.968033791E0,-8.860940933E0,8.140285611E-1
4.839279203E1,-1.778891921E0,-8.858546257E0,8.068459630E-1
4.839474516E1,-1.558625340E0,-8.877699852E0,7.781155705E-1
4.839672880E1,-1.323993564E0,-8.901641846E0,7.493851185E-1
4.839871244E1,-1.077390790E0,-8.899248123E0,7.326257229E-1
4.840066557E1,-8.140285611E-1,-8.887276649E0,6.919242740E-1
4.840264921E1,-5.554547906E-1,-8.901641846E0,6.009446383E-1
4.840463285E1,-3.088520169E-1,-8.951920509E0,4.716577232E-1
4.840664701E1,-8.140286058E-2,-9.026140213E0,3.303998411E-1
4.840860014E1,1.268926859E-1,-9.107542992E0,1.651999205E-1
4.841061430E1,3.280056417E-1,-9.172186852E0,4.788403399E-3
4.841256742E1,5.602431893E-1,-9.229647636E0,-1.340752989E-1
4.841455106E1,8.188169599E-1,-9.289502144E0,-2.346317619E-1
4.841653471E1,1.082179189E0,-9.330204010E0,-2.968810201E-1
4.841851835E1,1.350329757E0,-9.346963882E0,-3.303998411E-1
4.842047147E1,1.599326730E0,-9.351752281E0,-3.280056417E-1
4.842248563E1,1.810016513E0,-9.358934402E0,-2.825157940E-1
4.842443876E1,1.991975784E0,-9.344569206E0,-2.418143749E-1
4.842642240E1,2.169146776E0,-9.318233490E0,-2.202665508E-1
4.842837553E1,2.343923569E0,-9.279925346E0,-2.130839527E-1
4.843035917E1,2.492363930E0,-9.251194954E0,-2.130839527E-1
4.843231229E1,2.583343744E0,-9.234436035E0,-2.346317619E-1
4.843432645E1,2.643198729E0,-9.198522568E0,-2.777273953E-1
4.843627958E1,2.664746523E0,-9.176975250E0,-3.136404157E-1
4.843826322E1,2.647987127E0,-9.153033257E0,-3.280056417E-1
4.844024686E1,2.590526342E0,-9.121908188E0,-3.351882398E-1
4.844226102E1,2.518700123E0,-9.097966194E0,-3.327940404E-1
4.844421415E1,2.442085743E0,-9.085995674E0,-3.280056417E-1
4.844619779E1,2.353500366E0,-9.085995674E0,-3.160346150E-1
4.844818143E1,2.267308950E0,-9.081207275E0,-2.705447972E-1
4.845016508E1,2.207453966E0,-9.064447403E0,-1.939303428E-1
4.845208768E1,2.164358377E0,-9.040505409E0,-1.149216816E-1
4.845410184E1,2.128445387E0,-9.011775017E0,-5.027823523E-2
4.845605497E1,2.114080191E0,-8.999804497E0,-2.394201607E-2
4.845803861E1,2.114080191E0,-8.949525833E0,3.112462163E-2
4.846002225E1,2.130839586E0,-8.930372238E0,4.548983276E-2
4.846203641E1,2.164358377E0,-8.894459724E0,4.548983276E-2
4.846398954E1,2.164358377E0,-8.880094528E0,2.633621916E-2
4.846597318E1,2.140416384E0,-8.856152534E0,-2.873042040E-2
4.846795682E1,2.094926596E0,-8.846575737E0,-1.005564705E-1
4.846994047E1,2.042253971E0,-8.858546257E0,-1.795651317E-1
4.847186308E1,2.001552582E0,-8.865729332E0,-2.130839527E-1
4.847387724E1,1.965639591E0,-8.856152534E0,-2.513911724E-1
4.847583036E1,1.936909199E0,-8.844181061E0,-3.184288144E-1
4.847781400E1,1.891419291E0,-8.832210541E0,-3.806780577E-1
4.847979765E1,1.829170108E0,-8.834604263E0,-4.285621047E-1
4.848181180E1,1.776497602E0,-8.834604263E0,-4.692635238E-1
4.848376493E1,1.745373011E0,-8.839392662E0,-5.219359994E-1
4.848574857E1,1.699883223E0,-8.846575737E0,-5.746083856E-1
4.848773222E1,1.651999116E0,-8.851364136E0,-6.177040339E-1
4.848971586E1,1.616086125E0,-8.839392662E0,-6.607996821E-1
4.849163846E1,1.606509328E0,-8.827422142E0,-7.038952708E-1
4.849365262E1,1.596932530E0,-8.810662270E0,-7.613561153E-1
4.849560575E1,1.570596337E0,-8.801085472E0,-8.164227605E-1
4.849761991E1,1.544260144E0,-8.798690796E0,-8.619126081E-1
4.849957304E1,1.529894829E0,-8.798690796E0,-9.026140571E-1
4.850158720E1,1.515529633E0,-8.803479195E0,-9.409212470E-1
4.850354032E1,1.513135433E0,-8.815450668E0,-9.528923035E-1
4.850552396E1,1.498770237E0,-8.827422142E0,-9.528923035E-1
4.850750761E1,1.462857246E0,-8.848969460E0,-9.648633003E-1
4.850949125E1,1.424550056E0,-8.875306129E0,-9.672574997E-1
4.851141386E1,1.391031146E0,-8.899248123E0,-9.576807022E-1
4.851342802E1,1.386242747E0,-8.906430244E0,-9.337386489E-1
4.851538114E1,1.403002143E0,-8.916007042E0,-9.145850539E-1
4.851739530E1,1.381454349E0,-8.939949036E0,-9.050082564E-1
4.851934843E1,1.333570361E0,-8.985439301E0,-9.050082564E-1
4.852133207E1,1.283292055E0,-9.045293808E0,-9.050082564E-1
4.852325468E1,1.223437071E0,-9.114726067E0,-9.026140571E-1
4.852526884E1,1.165976286E0,-9.186552048E0,-9.050082564E-1
4.852722196E1,1.120486379E0,-9.246406555E0,-9.002198577E-1
4.852920560E1,1.065419793E0,-9.299078941E0,-9.050082564E-1
4.853118925E1,9.911994934E-1,-9.358934402E0,-9.265560508E-1
4.853317289E1,8.930372596E-1,-9.418789864E0,-9.576807022E-1
4.853512601E1,7.781155705E-1,-9.473855972E0,-9.911994934E-1
4.853714017E1,6.392518282E-1,-9.548076630E0,-1.015141487E0
4.853909330E1,4.860229492E-1,-9.619902611E0,-1.027112484E0
4.854107694E1,3.112462163E-1,-9.684545517E0,-1.017535686E0
4.854303007E1,1.149216816E-1,-9.732429504E0,-9.935936928E-1
4.854504423E1,-7.661445439E-2,-9.765948296E0,-9.696516991E-1
4.854699735E1,-2.489969730E-1,-9.775525093E0,-9.504981041E-1
4.854898099E1,-4.070142806E-1,-9.787496567E0,-9.241618514E-1
4.855096464E1,-5.674257874E-1,-9.801861763E0,-8.858546019E-1
4.855294828E1,-7.302315235E-1,-9.813833237E0,-8.403648138E-1
4.855487089E1,-8.882488012E-1,-9.818621635E0,-8.044517636E-1
4.855688505E1,-1.041477680E0,-9.794678688E0,-7.829039693E-1
4.855886869E1,-1.173158884E0,-9.751583099E0,-7.613561153E-1
4.856085233E1,-1.278503656E0,-9.753977776E0,-7.445967197E-1
4.856277494E1,-1.379060149E0,-9.761159897E0,-7.445967197E-1
4.856478910E1,-1.484405041E0,-9.758766174E0,-7.517793179E-1
4.856674223E1,-1.594538331E0,-9.746794701E0,-7.517793179E-1
4.856872587E1,-1.680729628E0,-9.739612579E0,-7.445967197E-1
4.857070951E1,-1.740584612E0,-9.739612579E0,-7.517793179E-1
4.857269315E1,-1.778891921E0,-9.732429504E0,-7.685387731E-1
4.857464628E1,-1.798045516E0,-9.727641106E0,-7.781155705E-1
4.857662992E1,-1.833958507E0,-9.734824181E0,-7.852981687E-1
4.857861356E1,-1.874659896E0,-9.720458984E0,-8.140285611E-1
4.858062772E1,-1.891419291E0,-9.689333916E0,-8.738836050E-1
4.858258085E1,-1.900996208E0,-9.667786598E0,-9.385270476E-1
4.858456449E1,-1.917755604E0,-9.651026726E0,-9.864110947E-1
4.858651762E1,-1.934514999E0,-9.631873131E0,-1.005564690E0
4.858853178E1,-1.946485996E0,-9.612719536E0,-9.816226959E-1
4.859048490E1,-1.968033791E0,-9.600749016E0,-8.834604025E-1
4.859249906E1,-1.972822189E0,-9.583989143E0,-8.547300100E-1
4.859445219E1,-1.908178806E0,-9.600749016E0,-9.576807022E-1
4.859643583E1,-1.776497602E0,-9.660603523E0,-1.084573388E0
4.859841947E1,-1.584961534E0,-9.756371498E0,-1.197100878E0
4.860043363E1,-1.367089152E0,-9.876082420E0,-1.304839969E0
4.860238676E1,-1.139639974E0,-1.000536919E1,-1.403002143E0
4.860437040E1,-9.145850539E-1,-1.013226128E1,-1.515529633E0
4.860632352E1,-7.206547260E-1,-1.023281765E1,-1.620874524E0
4.860833768E1,-5.985504389E-1,-1.028549004E1,-1.659181833E0
4.861029081E1,-5.339069963E-1,-1.029267311E1,-1.630451322E0
4.861230497E1,-4.644751251E-1,-1.026633644E1,-1.556231141E0
4.861425809E1,-3.711012602E-1,-1.022324085E1,-1.462857246E0
4.861624174E1,-2.609679997E-1,-1.019211674E1,-1.357512355E0
4.861822538E1,-2.035071403E-1,-1.017775154E1,-1.302445769E0
4.862020902E1,-9.337386489E-2,-1.014423275E1,-1.187524080E0
4.862216215E1,4.788403399E-3,-1.011310768E1,-1.058237195E0
4.862417631E1,7.661445439E-2,-1.008916569E1,-8.978256583E-1
4.862609891E1,1.244984865E-1,-1.009395409E1,-7.230489254E-1
4.862811308E1,1.508347094E-1,-1.010353088E1,-5.434837937E-1
4.863009672E1,1.699883193E-1,-1.012268448E1,-3.687070608E-1
4.863208036E1,1.843535304E-1,-1.017535686E1,-2.035071403E-1
4.863400297E1,1.723825186E-1,-1.024957752E1,-4.309562966E-2
4.863601713E1,1.316810995E-1,-1.034295177E1,1.029506698E-1
4.863797025E1,9.097966552E-2,-1.044350815E1,2.250549644E-1
4.863995390E1,7.182604820E-2,-1.054645824E1,3.040636182E-1
4.864187650E1,7.661445439E-2,-1.066137981E1,3.399766386E-1
4.864389066E1,1.029506698E-1,-1.080503273E1,3.423708379E-1
4.864584379E1,1.580173075E-1,-1.096783829E1,3.064578176E-1
4.864782743E1,2.370259613E-1,-1.112585545E1,2.298433632E-1
4.864981107E1,3.351882398E-1,-1.126471901E1,1.197100878E-1
4.865179472E1,4.477157295E-1,-1.139640045E1,-3.351882473E-2
4.865374784E1,5.841852427E-1,-1.154244614E1,-2.082955539E-1
4.865576200E1,7.422025204E-1,-1.167891598E1,-3.974374831E-1
4.865771512E1,9.169792533E-1,-1.182256794E1,-5.770025849E-1
4.865969877E1,1.091755986E0,-1.197819138E1,-7.398083210E-1
4.866162138E1,1.276109457E0,-1.212663174E1,-8.930372596E-1
4.866363554E1,1.467645645E0,-1.226070690E1,-1.031900883E0
4.866558866E1,1.663970232E0,-1.239478207E1,-1.127668977E0
4.866757230E1,1.865083098E0,-1.251209831E1,-1.189918280E0
4.866955595E1,2.066195965E0,-1.260307789E1,-1.211466074E0
4.867153959E1,2.252943754E0,-1.269645119E1,-1.192312479E0
4.867349271E1,2.415749550E0,-1.278743172E1,-1.144428372E0
4.867550687E1,2.557007313E0,-1.285925770E1,-1.070208192E0
4.867749052E1,2.686294317E0,-1.291671848E1,-9.792284966E-1
4.867947416E1,2.789244890E0,-1.298614979E1,-8.259995580E-1
4.868142728E1,2.844311714E0,-1.305797577E1,-5.937620401E-1
4.868341093E1,2.865859509E0,-1.312022495E1,-3.256114423E-1
4.868536405E1,2.863465309E0,-1.318726254E1,-1.197100803E-2
4.868737821E1,2.841917515E0,-1.325430107E1,3.663128614E-1
4.868933134E1,2.796427488E0,-1.330697346E1,8.092401624E-1
4.869134550E1,2.736572504E0,-1.333091545E1,1.256955862E0
4.869329862E1,2.647987127E0,-1.332612705E1,1.680729628E0
4.869528226E1,2.545036316E0,-1.332852077E1,2.080561161E0
4.869726591E1,2.432508945E0,-1.332852077E1,2.466027737E0
4.869928007E1,2.303221941E0,-1.332133865E1,2.834734917E0
4.870123319E1,2.152387381E0,-1.330697346E1,3.177105665E0
4.870321683E1,1.984793186E0,-1.328063679E1,3.483563423E0
4.870520048E1,1.800439715E0,-1.325669479E1,3.756502390E0
4.870718412E1,1.608903527E0,-1.324232960E1,4.007893562E0
4.870913724E1,1.422155857E0,-1.322078133E1,4.240131378E0
4.871115140E1,1.244984865E0,-1.319923401E1,4.448426723E0
4.871307401E1,1.065419793E0,-1.318965721E1,4.666299343E0
4.871508817E1,8.762778044E-1,-1.320162773E1,4.905719280E0
4.871707182E1,6.991068721E-1,-1.323035812E1,5.161899090E0
4.871905546E1,5.386953950E-1,-1.326148319E1,5.437232018E0
4.872103910E1,3.974374831E-1,-1.329979038E1,5.736507416E0
4.872302274E1,2.753331959E-1,-1.333091545E1,6.057330132E0
4.872497587E1,1.699883193E-1,-1.336443424E1,6.382941723E0
4.872699003E1,8.858546615E-2,-1.341231823E1,6.682217121E0
4.872894315E1,3.112462163E-2,-1.347696114E1,6.931213856E0
4.873089628E1,4.788403399E-3,-1.356315231E1,7.132327080E0
4.873287992E1,3.351882473E-2,-1.369004536E1,7.268796444E0
4.873486356E1,1.173158810E-1,-1.388636971E1,7.316680431E0
4.873681669E1,2.250549644E-1,-1.412818432E1,7.283161640E0
4.873880033E1,3.447650373E-1,-1.441069984E1,7.180211067E0
4.874078397E1,4.788403511E-1,-1.471955204E1,7.024587631E0
4.874276762E1,6.129156351E-1,-1.505952835E1,6.847416878E0
4.874472074E1,7.278373241E-1,-1.541147614E1,6.653486729E0
4.874673490E1,8.140285611E-1,-1.575863552E1,6.442796707E0
4.874868803E1,8.738836050E-1,-1.607945824E1,6.222530365E0
4.875067167E1,9.361328483E-1,-1.635479164E1,6.023811340E0
4.875262479E1,9.888052940E-1,-1.659181786E1,5.861005783E0
4.875463895E1,1.031900883E0,-1.681208420E1,5.712565422E0
4.875659208E1,1.074996591E0,-1.700362015E1,5.566518784E0
4.875857572E1,1.108515382E0,-1.714248466E1,5.422866821E0
4.876052885E1,1.115697980E0,-1.723825264E1,5.264849663E0
4.876254301E1,1.103726983E0,-1.726937675E1,5.102043629E0
4.876449613E1,1.070208192E0,-1.721909904E1,4.934449673E0
4.876647977E1,9.983820915E-1,-1.709938812E1,4.783615112E0
4.876846342E1,8.906430602E-1,-1.691982269E1,4.625597477E0
4.877044706E1,8.259995580E-1,-1.680729675E1,4.544194698E0
4.877240018E1,6.943184733E-1,-1.654154015E1,4.381389141E0
4.877441434E1,5.913678408E-1,-1.620874596E1,4.209006786E0
4.877636747E1,5.363011956E-1,-1.580891418E1,4.034229755E0
4.877835111E1,4.860229492E-1,-1.539711094E1,3.852270603E0
4.878030424E1,4.213795066E-1,-1.502122116E1,3.679888010E0
4.878231840E1,3.639186621E-1,-1.468124485E1,3.497928619E0
4.878427152E1,3.519476354E-1,-1.436999893E1,3.330334663E0
4.878625516E1,3.998316824E-1,-1.407551193E1,3.172317266E0
4.878823881E1,4.237737060E-1,-1.379539013E1,2.949656487E0
4.879019193E1,3.902548850E-1,-1.353442192E1,2.652775526E0
4.879217558E1,2.896983922E-1,-1.330936718E1,2.284068346E0
4.879415922E1,1.436520964E-1,-1.313698483E1,1.850717902E0
4.879611234E1,-3.112462163E-2,-1.299812126E1,1.400607944E0
4.879809598E1,-2.442085743E-1,-1.288559341E1,9.911994934E-1
4.880007963E1,-4.764461517E-1,-1.279940224E1,6.344634295E-1
4.880203275E1,-6.991068721E-1,-1.273236465E1,3.519476354E-1
4.880401640E1,-9.241618514E-1,-1.267969227E1,1.221042871E-1
4.880603056E1,-1.187524080E0,-1.265814400E1,-1.197100878E-1
4.880798368E1,-1.460463047E0,-1.266532707E1,-4.357447028E-1
4.880996732E1,-1.711854219E0,-1.269645119E1,-8.379706144E-1
4.881195096E1,-1.917755604E0,-1.273236465E1,-1.355118155E0
4.881393461E1,-2.068590164E0,-1.273954678E1,-2.030282974E0
4.881588773E1,-2.118868589E0,-1.270123959E1,-2.861071110E0
4.881790189E1,-2.118868589E0,-1.263899040E1,-3.694253206E0
4.881985502E1,-2.121262789E0,-1.256477070E1,-4.412513733E0
4.882183866E1,-2.140416384E0,-1.249055004E1,-5.035006046E0
4.882382230E1,-2.183511972E0,-1.245463753E1,-5.573701382E0
4.882580595E1,-2.233790159E0,-1.248097324E1,-6.059724331E0
4.882775907E1,-2.252943754E0,-1.252885723E1,-6.418854713E0
4.882977323E1,-2.231395960E0,-1.255758762E1,-6.567295074E0
4.883172636E1,-2.195482969E0,-1.255758762E1,-6.517016888E0
4.883374052E1,-2.140416384E0,-1.251928043E1,-6.392518520E0
4.883566312E1,-2.078166962E0,-1.242830086E1,-6.282385349E0
4.883767728E1,-2.023100376E0,-1.228943729E1,-6.200982571E0
4.883963041E1,-1.980004787E0,-1.213142014E1,-6.136339188E0
4.884161405E1,-1.896207690E0,-1.196621990E1,-6.090848923E0
4.884359769E1,-1.774103403E0,-1.178426075E1,-6.042964935E0
4.884558134E1,-1.666364431E0,-1.158793640E1,-5.947196960E0
4.884753446E1,-1.565807939E0,-1.137245846E1,-5.758055210E0
4.884954862E1,-1.443703651E0,-1.113782597E1,-5.511452198E0
4.885153226E1,-1.328781962E0,-1.089122391E1,-5.236119270E0
4.885351591E1,-1.197100878E0,-1.062067890E1,-4.987122059E0
4.885546903E1,-1.015141487E0,-1.032619190E1,-4.771644115E0
4.885745267E1,-7.900865674E-1,-1.003170490E1,-4.548983097E0
4.885943632E1,-5.123591423E-1,-9.775525093E0,-4.259284973E0
4.886141996E1,-1.939303428E-1,-9.552865028E0,-3.919308186E0
4.886337308E1,1.316810995E-1,-9.354146004E0,-3.572149038E0
4.886538724E1,4.094084799E-1,-9.184157372E0,-3.186682463E0
4.886734037E1,7.206547260E-1,-9.076418877E0,-2.798821688E0
4.886929349E1,1.103726983E0,-9.011775017E0,-2.482787132E0
4.887127714E1,1.345541358E0,-8.923190117E0,-2.207453966E0
4.887326078E1,1.379060149E0,-8.796297073E0,-1.956062794E0
4.887521390E1,1.304839969E0,-8.707711220E0,-1.654393315E0
4.887719755E1,1.185129881E0,-8.757989883E0,-1.314416766E0
4.887918119E1,1.130063176E0,-8.889671326E0,-1.041477680E0
4.888113432E1,1.204283476E0,-9.038111687E0,-8.762778044E-1
4.888311796E1,1.472434044E0,-9.229647636E0,-7.972691655E-1
4.888513212E1,1.553836942E0,-9.473855972E0,-6.847416759E-1
4.888708524E1,1.314416766E0,-9.730035782E0,-4.932055473E-1
4.888906888E1,8.978256583E-1,-1.003888798E1,-5.267243832E-2
4.889105253E1,4.932055473E-1,-1.039562416E1,6.105214357E-1
4.889303617E1,2.154781520E-1,-1.073560047E1,1.333570361E0
4.889498930E1,-7.182605099E-3,-1.105163479E1,1.903390408E0
4.889697294E1,-1.915361285E-1,-1.134372807E1,2.336740971E0
4.889895658E1,-4.333505034E-1,-1.159033012E1,2.621650934E0
4.890094022E1,-6.512228847E-1,-1.176750088E1,2.691082716E0
4.890289335E1,-8.140285611E-1,-1.188481712E1,2.628833532E0
4.890490751E1,-9.720458984E-1,-1.198297977E1,2.626439333E0
4.890686063E1,-1.173158884E0,-1.207635307E1,2.717418909E0
4.890884428E1,-1.496376038E0,-1.218169785E1,2.449268341E0
4.891082792E1,-1.836352706E0,-1.224634171E1,1.723825216E0
4.891281156E1,-1.939303398E0,-1.228943729E1,1.189918280E0
4.891476469E1,-1.821987510E0,-1.235408115E1,1.230619669E0
4.891674833E1,-1.608903527E0,-1.238520527E1,1.647210717E0
4.891873197E1,-1.393425345E0,-1.234210968E1,2.018311977E0
4.892074613E1,-1.237802267E0,-1.222718811E1,2.099714994E0
4.892266874E1,-1.103726983E0,-1.209071827E1,1.958456993E0
4.892468290E1,-9.385270476E-1,-1.194467258E1,1.742978811E0
4.892663602E1,-8.379706144E-1,-1.186805820E1,1.618480325E0
4.892861967E1,-6.129156351E-1,-1.169567490E1,1.312022567E0
4.893057279E1,-4.381389022E-1,-1.149935055E1,9.624691010E-1
4.893255643E1,-3.423708379E-1,-1.130302620E1,6.320692301E-1
4.893454008E1,-2.370259613E-1,-1.113303757E1,3.423708379E-1
4.893655424E1,1.197100803E-2,-1.103008747E1,7.182605099E-3
4.893850736E1,3.950432837E-1,-1.092474270E1,-4.070142806E-1
4.894049100E1,8.164227605E-1,-1.073081207E1,-7.805097699E-1
4.894244413E1,1.177947283E0,-1.050096893E1,-1.029506683E0
4.894445829E1,1.448492050E0,-1.029267311E1,-1.204283476E0
4.894638090E1,1.594538331E0,-1.011789608E1,-1.374271750E0
4.894839506E1,1.642422318E0,-9.950302124E0,-1.534683347E0
4.895037870E1,1.640028119E0,-9.775525093E0,-1.678335428E0
4.895236234E1,1.647210717E0,-9.629479408E0,-1.841141105E0
4.895428495E1,1.707065821E0,-9.531316757E0,-2.011129379E0
4.895629911E1,1.783680320E0,-9.490615845E0,-2.147598982E0
4.895825224E1,1.819593310E0,-9.485827446E0,-2.209848166E0
4.896023588E1,1.793257117E0,-9.493009567E0,-2.197877169E0
4.896221952E1,1.723825216E0,-9.495404243E0,-2.176329374E0
4.896423368E1,1.589749932E0,-9.519346237E0,-2.171540976E0
4.896618680E1,1.446097851E0,-9.478644371E0,-2.128445387E0
4.896813993E1,1.367089152E0,-9.265560150E0,-1.948880196E0
4.897012357E1,1.321599364E0,-8.990227699E0,-1.644816518E0
4.897210722E1,1.264138460E0,-8.755595207E0,-1.369483352E0
4.897406034E1,1.185129881E0,-8.588001251E0,-1.201889277E0
4.897604398E1,1.091755986E0,-8.461109161E0,-1.091755986E0
4.897802762E1,9.840168953E-1,-8.353369713E0,-1.019929886E0
4.898001127E1,8.882488012E-1,-8.262390137E0,-9.864110947E-1
4.898199491E1,8.212111592E-1,-8.166622162E0,-9.457096457E-1
4.898400907E1,7.469909191E-1,-8.085219383E0,-9.050082564E-1
4.898596220E1,6.871358752E-1,-8.018181801E0,-8.786720037E-1
4.898794584E1,6.967126727E-1,-7.946355343E0,-8.643068075E-1
4.898992948E1,7.350199223E-1,-7.872135162E0,-8.714894056E-1
4.899191312E1,7.685387731E-1,-7.793126583E0,-8.930372596E-1
4.899383573E1,7.661445141E-1,-7.721300602E0,-9.145850539E-1
4.899584989E1,6.967126727E-1,-7.656657219E0,-9.217676520E-1
4.899783353E1,5.770025849E-1,-7.608773232E0,-8.738836050E-1
4.899981718E1,4.405331016E-1,-7.572859764E0,-7.637503147E-1
4.900180082E1,3.064578176E-1,-7.548917770E0,-6.248866320E-1
4.900381498E1,1.628057212E-1,-7.548917770E0,-5.315127969E-1
4.900576810E1,0.000000000E0,-7.551311970E0,-4.812345505E-1
4.900775175E1,-1.604115069E-1,-7.517793179E0,-4.429273009E-1
4.900973539E1,-3.112462163E-1,-7.455543995E0,-3.878606856E-1
4.901171903E1,-4.596867263E-1,-7.374141216E0,-3.399766386E-1
4.901367216E1,-6.248866320E-1,-7.297526836E0,-3.112462163E-1
4.901568632E1,-7.996633649E-1,-7.244854450E0,-3.016694188E-1
4.901763944E1,-9.959878922E-1,-7.261613846E0,-3.208230138E-1
4.901962308E1,-1.173158884E0,-7.271190643E0,-3.758896589E-1
4.902157621E1,-1.254561663E0,-7.170634270E0,-4.094084799E-1
4.902359037E1,-1.268926859E0,-7.000645638E0,-3.830722570E-1
4.902551298E1,-1.307234168E0,-6.833051682E0,-3.112462163E-1
4.902752714E1,-1.386242747E0,-6.687005520E0,-1.987187415E-1
4.902944974E1,-1.513135433E0,-6.586448669E0,-7.661445439E-2
4.903146390E1,-1.630451322E0,-6.514622688E0,-2.059013397E-1
4.903344755E1,-1.716642618E0,-6.438008308E0,-5.530605912E-1
4.903543119E1,-1.793257117E0,-6.351817131E0,-8.906430602E-1
4.903741483E1,-1.884236693E0,-6.265625954E0,-1.139639974E0
4.903939848E1,-1.980004787E0,-6.193799973E0,-1.304839969E0
4.904135160E1,-2.073378563E0,-6.133944988E0,-1.422155857E0
4.904333524E1,-2.159569979E0,-6.078877926E0,-1.515529633E0
4.904531888E1,-2.252943754E0,-6.030993938E0,-1.599326730E0
4.904730253E1,-2.343923569E0,-5.983109951E0,-1.678335428E0
4.904922514E1,-2.437297344E0,-5.942408562E0,-1.752555609E0
4.905123930E1,-2.528276920E0,-5.904101372E0,-1.738190413E0
4.905319242E1,-2.573766708E0,-5.863399982E0,-1.740584612E0
4.905517606E1,-2.573766708E0,-5.813121796E0,-1.795651317E0
4.905709867E1,-2.595314741E0,-5.762843609E0,-1.850717902E0
4.905911283E1,-2.698265314E0,-5.772420406E0,-1.855506301E0
4.906106596E1,-2.837129116E0,-5.805939198E0,-1.821987510E0
4.906304960E1,-2.817975283E0,-5.664681435E0,-1.776497602E0
4.906503324E1,-2.717418909E0,-5.418078423E0,-1.687912226E0
4.906701688E1,-2.655169725E0,-5.178658485E0,-1.577778935E0
4.906897001E1,-2.679111719E0,-5.001487255E0,-1.489193439E0
4.907098417E1,-2.803610086E0,-4.898536682E0,-1.429338455E0
4.907293729E1,-2.968810081E0,-4.841075897E0,-1.376665950E0
4.907492094E1,-3.141192675E0,-4.795586109E0,-1.326387763E0
4.907684354E1,-3.224989653E0,-4.776432514E0,-1.304839969E0
4.907885770E1,-3.457227230E0,-4.709394932E0,-1.266532660E0
4.908081083E1,-3.529053211E0,-4.680664539E0,-1.264138460E0
4.908279447E1,-3.660734415E0,-4.625597477E0,-1.261744261E0
4.908477811E1,-3.782838583E0,-4.570530891E0,-1.249773264E0
4.908676176E1,-3.885789394E0,-4.529829502E0,-1.242590666E0
4.908871488E1,-3.957615376E0,-4.491522312E0,-1.230619669E0
4.909072904E1,-4.010287762E0,-4.441244125E0,-1.189918280E0
4.909268217E1,-4.065354347E0,-4.400542736E0,-1.149216771E0
4.909466581E1,-4.129997730E0,-4.369418144E0,-1.127668977E0
4.909658842E1,-4.189853191E0,-4.338293552E0,-1.113303781E0
4.909860258E1,-4.218583584E0,-4.304774761E0,-1.089361787E0
4.910055570E1,-4.216189384E0,-4.268861771E0,-1.055842996E0
4.910253934E1,-4.194641590E0,-4.232948780E0,-1.019929886E0
4.910452299E1,-4.153939724E0,-4.187458992E0,-9.720458984E-1
4.910650663E1,-4.086902142E0,-4.132391930E0,-9.265560508E-1
4.910845975E1,-4.015076160E0,-4.094084740E0,-8.738836050E-1
4.911047391E1,-3.993528366E0,-4.089296341E0,-8.259995580E-1
4.911239652E1,-3.988739967E0,-4.115632534E0,-7.829039693E-1
4.911441068E1,-3.971980572E0,-4.137180328E0,-7.493851185E-1
4.911636381E1,-3.969586372E0,-4.161122322E0,-7.350199223E-1
4.911834745E1,-3.967192173E0,-4.194641590E0,-7.326257229E-1
4.912033109E1,-3.952826977E0,-4.230554581E0,-7.302315235E-1
4.912231474E1,-3.936067581E0,-4.266467571E0,-7.206547260E-1
4.912423734E1,-3.907337189E0,-4.297592163E0,-6.967126727E-1
4.912625150E1,-3.866635799E0,-4.314351559E0,-6.703764796E-1
4.912820463E1,-3.823540211E0,-4.319139957E0,-6.584054828E-1
4.913021879E1,-3.778050184E0,-4.331110954E0,-6.344634295E-1
4.913214140E1,-3.742137194E0,-4.352658749E0,-5.865794420E-1
4.913415556E1,-3.701435804E0,-4.376600742E0,-5.339069963E-1
4.913610868E1,-3.636792421E0,-4.405331135E0,-4.884171486E-1
4.913809232E1,-3.576937437E0,-4.429273129E0,-4.429273009E-1
4.914007596E1,-3.529053211E0,-4.443638325E0,-3.998316824E-1
4.914205961E1,-3.481169224E0,-4.477157116E0,-3.591302633E-1
4.914398222E1,-3.438073635E0,-4.532223701E0,-3.160346150E-1
4.914599638E1,-3.390189648E0,-4.580107689E0,-2.657563984E-1
4.914798002E1,-3.337517262E0,-4.625597477E0,-2.059013397E-1
4.914996366E1,-3.272873640E0,-4.668693542E0,-1.604115069E-1
4.915191679E1,-3.196259260E0,-4.718971729E0,-1.125274822E-1
4.915390043E1,-3.110068083E0,-4.771644115E0,-6.703764945E-2
4.915588407E1,-3.016694069E0,-4.836287498E0,-2.873042040E-2
4.915786771E1,-2.911349297E0,-4.908113480E0,-4.788403399E-3
4.915982084E1,-2.803610086E0,-4.972756863E0,0.000000000E0
4.916183500E1,-2.712630510E0,-5.039794445E0,7.182605099E-3
4.916378812E1,-2.643198729E0,-5.121197224E0,3.830722719E-2
4.916577177E1,-2.578555346E0,-5.204994678E0,1.053448766E-1
4.916775541E1,-2.477998734E0,-5.284003258E0,2.106897533E-1
4.916973905E1,-2.363077164E0,-5.372588634E0,3.495534360E-1
4.917169218E1,-2.264914751E0,-5.465962410E0,5.123591423E-1
4.917367582E1,-2.173935175E0,-5.559336185E0,6.871358752E-1
4.917565946E1,-2.102109194E0,-5.659893036E0,8.595184088E-1
4.917764310E1,-2.035071373E0,-5.779603004E0,1.036689281E0
4.917959623E1,-1.968033791E0,-5.906495571E0,1.206677675E0
4.918161039E1,-1.912967205E0,-6.040570736E0,1.343147159E0
4.918356351E1,-1.898601890E0,-6.179434776E0,1.462857246E0
4.918554716E1,-1.900996208E0,-6.337451935E0,1.604115129E0
4.918753080E1,-1.874659896E0,-6.509834290E0,1.786074519E0
4.918951444E1,-1.810016513E0,-6.677428722E0,2.006340981E0
4.919146757E1,-1.711854219E0,-6.837840080E0,2.269703150E0
4.919348173E1,-1.606509328E0,-7.003039837E0,2.588132143E0
4.919546537E1,-1.486799240E0,-7.165845871E0,2.954444885E0
4.919744901E1,-1.345541358E0,-7.345410824E0,3.356670856E0
4.919943266E1,-1.209071875E0,-7.556100368E0,3.770867586E0
4.920144682E1,-1.086967587E0,-7.785943985E0,4.168305397E0
4.920339994E1,-9.672574997E-1,-8.022970200E0,4.546588898E0
4.920538358E1,-8.619126081E-1,-8.274360657E0,4.915296078E0
4.920736723E1,-7.469909191E-1,-8.532935143E0,5.295974255E0
4.920935087E1,-6.129156351E-1,-8.805873871E0,5.710171223E0
4.921130399E1,-4.788403511E-1,-9.102754593E0,6.172252178E0
4.921331815E1,-3.208230138E-1,-9.421183586E0,6.675034523E0
4.921527128E1,-1.508347094E-1,-9.765948296E0,7.225700855E0
4.921725492E1,1.197100803E-2,-1.014183807E1,7.769184589E0
4.921923856E1,1.963245422E-1,-1.053688145E1,8.281543732E0
4.922122221E1,3.974374831E-1,-1.097023201E1,8.829815865E0
4.922314481E1,5.650315881E-1,-1.143710136E1,9.385271072E0
4.922515897E1,7.278373241E-1,-1.194227791E1,9.909601212E0
4.922711210E1,9.792284966E-1,-1.249055004E1,1.040041256E1
4.922909574E1,1.273715258E0,-1.306276417E1,1.088882923E1
4.923107938E1,1.561019540E0,-1.366370869E1,1.138921738E1
4.923309354E1,1.853112102E0,-1.430535507E1,1.187045193E1
4.923504667E1,2.008735180E0,-1.463575459E1,1.209071827E1
4.923703031E1,2.518700123E0,-1.566047287E1,1.264377880E1
4.923901395E1,2.693476915E0,-1.600763321E1,1.278024864E1
4.924099760E1,3.035847664E0,-1.671152878E1,1.299333286E1
4.924295072E1,3.359065056E0,-1.739866447E1,1.312501335E1
4.924496488E1,3.641580820E0,-1.806425095E1,1.318008041E1
4.924691801E1,3.888183594E0,-1.866280174E1,1.321120453E1
4.924890165E1,4.106055737E0,-1.918713188E1,1.322556973E1
4.925082426E1,4.271255970E0,-1.964203072E1,1.323514652E1
4.925283842E1,4.402936935E0,-1.999637222E1,1.323993587E1
4.925479154E1,4.534617901E0,-2.021663857E1,1.327824306E1
4.925677518E1,4.663905144E0,-2.028607178E1,1.335006905E1
4.925875883E1,4.769249916E0,-2.020466805E1,1.343386555E1
4.926074247E1,4.865017891E0,-1.995327759E1,1.350808620E1
4.926266508E1,4.975151062E0,-1.952710915E1,1.354399872E1
4.926467924E1,5.068524837E0,-1.893334770E1,1.350808620E1
4.926660184E1,5.099649429E0,-1.822705841E1,1.335725117E1
4.926861600E1,5.020640850E0,-1.745851898E1,1.311064816E1
4.927059965E1,4.809951305E0,-1.668040276E1,1.277785492E1
4.927258329E1,4.525041103E0,-1.591425896E1,1.234689808E1
4.927450590E1,4.197035789E0,-1.517444992E1,1.183214474E1
4.927652006E1,3.816357613E0,-1.445858383E1,1.125753593E1
4.927847318E1,3.406949043E0,-1.377384281E1,1.064462090E1
4.928045682E1,2.964021683E0,-1.313219643E1,1.001015759E1
4.928244047E1,2.463633537E0,-1.255040550E1,9.358934402E0
4.928442411E1,1.889025092E0,-1.203565216E1,8.698134422E0
4.928634672E1,1.259350061E0,-1.158793640E1,8.008605003E0
4.928836088E1,5.841852427E-1,-1.120725822E1,7.297526836E0
4.929034452E1,-1.053448766E-1,-1.090558910E1,6.586448669E0
4.929232816E1,-8.331822157E-1,-1.066377449E1,5.937620163E0
4.929431180E1,-1.577778935E0,-1.048899746E1,5.360617638E0
4.929629545E1,-2.291250944E0,-1.037407589E1,4.860229492E0
4.929824857E1,-2.923320293E0,-1.028549004E1,4.426878929E0
4.930023222E1,-3.450044632E0,-1.020648193E1,4.053383350E0
4.930221586E1,-3.876212597E0,-1.014183807E1,3.725377798E0
4.930423002E1,-4.223371983E0,-1.008198357E1,3.442862034E0
4.930618314E1,-4.481945515E0,-1.001494598E1,3.186682463E0
4.930816679E1,-4.637568474E0,-9.914389610E0,2.935291290E0
4.931015043E1,-4.697423935E0,-9.785101891E0,2.705447912E0
4.931213407E1,-4.656722069E0,-9.615114212E0,2.468421936E0
4.931411771E1,-4.529829502E0,-9.404424667E0,2.200271368E0
4.931613187E1,-4.333505154E0,-9.172186852E0,1.891419291E0
4.931805448E1,-4.096478939E0,-8.918401718E0,1.546654344E0
4.932006864E1,-3.845088005E0,-8.669404030E0,1.185129881E0
4.932205228E1,-3.579331636E0,-8.451532364E0,8.283938169E-1
4.932403593E1,-3.313575268E0,-8.264783859E0,4.668693244E-1
4.932598905E1,-3.083731890E0,-8.113949776E0,5.746084079E-2
4.932800321E1,-2.904166698E0,-8.032546997E0,-4.189853072E-1
4.932995634E1,-2.772485495E0,-8.042123795E0,-8.834604025E-1
4.933193998E1,-2.695871115E0,-8.147468567E0,-1.278503656E0
4.933389310E1,-2.674323320E0,-8.341399193E0,-1.659181833E0
4.933590726E1,-2.671929121E0,-8.602366447E0,-2.092532396E0
4.933782987E1,-2.693476915E0,-8.923190117E0,-2.590526342E0
4.933984403E1,-2.731784105E0,-9.299078941E0,-3.122039080E0
4.934182767E1,-2.765302896E0,-9.701305389E0,-3.629609823E0
4.934381132E1,-2.801215887E0,-1.013704967E1,-4.108449936E0
4.934579496E1,-2.822763920E0,-1.060631371E1,-4.596867085E0
4.934777860E1,-2.844311714E0,-1.111867237E1,-5.099649429E0
4.934976224E1,-2.834734917E0,-1.165018559E1,-5.554547787E0
4.935177640E1,-2.767697096E0,-1.217690945E1,-5.896918774E0
4.935372953E1,-2.691082716E0,-1.266532707E1,-6.088454723E0
4.935571317E1,-2.631227732E0,-1.309867764E1,-6.110002518E0
4.935769682E1,-2.580949545E0,-1.346977901E1,-6.004657745E0
4.935968046E1,-2.542642117E0,-1.379060173E1,-5.865794182E0
4.936163358E1,-2.523488522E0,-1.405635834E1,-5.714959621E0
4.936364774E1,-2.506729126E0,-1.425028896E1,-5.564124584E0
4.936563138E1,-2.528276920E0,-1.440830612E1,-5.363011837E0
4.936761503E1,-2.621650934E0,-1.453998661E1,-5.118803024E0
4.936953764E1,-2.767697096E0,-1.465490818E1,-4.831499100E0
4.937155180E1,-2.959233284E0,-1.474110031E1,-4.503493309E0
4.937350492E1,-3.167528868E0,-1.479137802E1,-4.141968727E0
4.937548856E1,-3.270479441E0,-1.477940750E1,-3.828328609E0
4.937747221E1,-3.303998232E0,-1.476504230E1,-3.426102638E0
4.937945585E1,-3.244143248E0,-1.474588871E1,-2.863465309E0
4.938143949E1,-3.047818661E0,-1.469561005E1,-2.219424963E0
4.938342313E1,-2.755726099E0,-1.463814926E1,-1.539471745E0
4.938540678E1,-2.377442360E0,-1.454477501E1,-8.954314590E-1
4.938739042E1,-1.946485996E0,-1.440351772E1,-3.399766386E-1
4.938931303E1,-1.467645645E0,-1.418803883E1,1.053448766E-1
4.939132719E1,-9.313444495E-1,-1.393904209E1,4.381389022E-1
4.939328031E1,-4.237737060E-1,-1.368046856E1,5.434837937E-1
4.939526395E1,2.394201607E-2,-1.339076996E1,4.094084799E-1
4.939724760E1,4.453215301E-1,-1.305079365E1,9.576806426E-2
4.939923124E1,8.714894056E-1,-1.264138508E1,-3.327940404E-1
4.940118436E1,1.261744261E0,-1.216972733E1,-7.805097699E-1
4.940319852E1,1.558625340E0,-1.167412758E1,-1.254561663E0
4.940515165E1,1.654393315E0,-1.143231297E1,-1.493981838E0
4.940716581E1,1.776497602E0,-1.095347309E1,-1.946485996E0
4.940911893E1,1.865083098E0,-1.046505547E1,-2.324769735E0
4.941110258E1,1.970427990E0,-9.967061996E0,-2.621650934E0
4.941302518E1,2.063801765E0,-9.478644371E0,-2.856282711E0
4.941503934E1,2.099714994E0,-8.997409821E0,-3.055001259E0
4.941699247E1,2.121262789E0,-8.544905663E0,-3.253720045E0
4.941897611E1,2.070984364E0,-8.140285492E0,-3.392583847E0
4.942095975E1,1.903390408E0,-7.769184589E0,-3.430891037E0
4.942294340E1,1.608903527E0,-7.414842606E0,-3.421314240E0
4.942486600E1,1.256955862E0,-7.086836815E0,-3.411737442E0
4.942688016E1,9.169792533E-1,-6.825869083E0,-3.426102638E0
4.942883329E1,5.626373887E-1,-6.607996464E0,-3.462015629E0
4.943081693E1,1.867477298E-1,-6.416460514E0,-3.509899616E0
4.943277006E1,-1.987187415E-1,-6.239289761E0,-3.567360640E0
4.943478422E1,-5.793967843E-1,-6.074089527E0,-3.612850428E0
4.943673734E1,-9.576807022E-1,-5.935225964E0,-3.629609823E0
4.943872098E1,-1.345541358E0,-5.820304394E0,-3.624821424E0
4.944070463E1,-1.704671621E0,-5.702988625E0,-3.660734415E0
4.944268827E1,-1.996764183E0,-5.600037575E0,-3.727771997E0
4.944461088E1,-2.233790159E0,-5.499481201E0,-3.778050184E0
4.944662504E1,-2.442085743E0,-5.422866821E0,-3.758896589E0
4.944857816E1,-2.655169725E0,-5.398924828E0,-3.670311213E0
4.945059232E1,-2.889801502E0,-5.446808815E0,-3.560178041E0
4.945254545E1,-3.138798475E0,-5.532999992E0,-3.447650433E0
4.945455961E1,-3.354276657E0,-5.578489780E0,-3.359065056E0
4.945651273E1,-3.502717018E0,-5.564124584E0,-3.320757866E0
4.945849638E1,-3.720589399E0,-5.662287235E0,-3.339911461E0
4.946048002E1,-4.007893562E0,-5.904101372E0,-3.409343243E0
4.946246366E1,-4.223371983E0,-6.193799973E0,-3.531447411E0
4.946438627E1,-4.316745758E0,-6.488286495E0,-3.718195200E0
4.946640043E1,-4.288015366E0,-6.754043102E0,-3.940855980E0
4.946835355E1,-4.134786129E0,-7.022193432E0,-4.132391930E0
4.947033720E1,-3.869029999E0,-7.331045628E0,-4.273650169E0
4.947229032E1,-3.495534420E0,-7.668628216E0,-4.390965939E0
4.947430448E1,-3.098097086E0,-8.030152321E0,-4.450820923E0
4.947622709E1,-2.750937700E0,-8.434772491E0,-4.398148537E0
4.947824125E1,-2.463633537E0,-8.853757858E0,-4.256890774E0
4.948022489E1,-2.190694571E0,-9.244012833E0,-4.034229755E0
4.948220853E1,-1.845929503E0,-9.581595421E0,-3.766079187E0
4.948416166E1,-1.470039845E0,-9.842563629E0,-3.459621429E0
4.948617582E1,-1.063025594E0,-1.001733971E1,-3.122039080E0
4.948812894E1,-5.985504389E-1,-1.012986755E1,-2.784456491E0
4.949011259E1,-8.140286058E-2,-1.018972206E1,-2.454056740E0
4.949203519E1,4.596867263E-1,-1.021845245E1,-2.142810583E0
4.949404935E1,9.816226959E-1,-1.024000072E1,-1.841141105E0
4.949597196E1,1.479616642E0,-1.024000072E1,-1.556231141E0
4.949798612E1,1.960851192E0,-1.023760605E1,-1.333570361E0
4.949993925E1,2.384624958E0,-1.026394272E1,-1.146822572E0
4.950189237E1,2.731784105E0,-1.029506683E1,-9.792284966E-1
4.950387601E1,3.033453465E0,-1.033576870E1,-8.547300100E-1
4.950585966E1,3.284844637E0,-1.038844109E1,-7.733271718E-1
4.950781278E1,3.502717018E0,-1.045787334E1,-7.398083210E-1
4.950979642E1,3.727771997E0,-1.055124664E1,-7.493851185E-1
4.951178007E1,3.940855980E0,-1.066377449E1,-7.541735172E-1
4.951379423E1,4.103661537E0,-1.078587818E1,-7.206547260E-1
4.951571683E1,4.225766182E0,-1.091516590E1,-6.584054828E-1
4.951773099E1,4.340687752E0,-1.104684639E1,-5.817909837E-1
4.951968412E1,4.434061527E0,-1.116895103E1,-4.908113480E-1
4.952166776E1,4.522646904E0,-1.127429581E1,-4.189853072E-1
4.952362089E1,4.642356873E0,-1.135330486E1,-3.615244627E-1
4.952560453E1,4.809951305E0,-1.140118885E1,-3.208230138E-1
4.952758817E1,4.982333660E0,-1.143231297E1,-2.873041928E-1
4.952960233E1,5.130774021E0,-1.143710136E1,-2.418143749E-1
4.953155546E1,5.274426460E0,-1.142034245E1,-1.795651317E-1
4.953353910E1,5.401319027E0,-1.136527538E1,-1.364694983E-1
4.953549223E1,5.451597214E0,-1.133175659E1,-1.268926859E-1
4.953747587E1,5.544970989E0,-1.124077702E1,-1.316810995E-1
4.953942899E1,5.669469833E0,-1.109473038E1,-1.532289088E-1
4.954144315E1,5.825092793E0,-1.090558910E1,-1.604115069E-1
4.954342680E1,5.973533154E0,-1.073560047E1,-1.412578970E-1
4.954541044E1,6.086060524E0,-1.059913063E1,-9.097966552E-2
4.954733304E1,6.093243122E0,-1.045069027E1,-1.436521020E-2
4.954934721E1,5.992686749E0,-1.030703831E1,1.101332754E-1
4.955133085E1,5.829881191E0,-1.017296314E1,2.561795712E-1
4.955331449E1,5.604825974E0,-1.004367638E1,4.118026793E-1
4.955529813E1,5.228936672E0,-9.914389610E0,6.200982332E-1
4.955731229E1,4.690241337E0,-9.787496567E0,9.097966552E-1
4.955926542E1,4.089296341E0,-9.660603523E0,1.268926859E0
4.956124906E1,3.471592426E0,-9.538499832E0,1.661576033E0
4.956323270E1,2.849100113E0,-9.425971985E0,2.049436569E0
4.956521635E1,2.224213362E0,-9.334992409E0,2.408566952E0
4.956713895E1,1.625662923E0,-9.265560150E0,2.657563925E0
4.956915311E1,1.122880578E0,-9.198522568E0,2.722207308E0
4.957113676E1,7.589619160E-1,-9.150638580E0,2.621650934E0
4.957312040E1,5.075707436E-1,-9.124302864E0,2.473210335E0
4.957510404E1,3.184288144E-1,-9.124302864E0,2.365471363E0
4.957711820E1,1.244984865E-1,-9.126696587E0,2.264914751E0
4.957907133E1,-1.101332754E-1,-9.124302864E0,2.176329374E0
4.958105497E1,-3.447650373E-1,-9.131484985E0,2.145204782E0
4.958303861E1,-5.171475410E-1,-9.167398453E0,2.178723574E0
4.958502225E1,-6.775590777E-1,-9.217676163E0,2.240972757E0
4.958694486E1,-9.552865028E-1,-9.308655739E0,2.312798738E0
4.958895902E1,-1.379060149E0,-9.447520256E0,2.398990154E0
4.959091215E1,-1.831564307E0,-9.639056206E0,2.513911724E0
4.959289579E1,-2.219424963E0,-9.823410034E0,2.633621931E0
4.959487943E1,-2.554613113E0,-9.974244118E0,2.748543501E0
4.959686308E1,-2.841917515E0,-1.010592556E1,2.865859509E0
4.959881620E1,-3.028665066E0,-1.022324085E1,2.925714493E0
4.960079984E1,-3.110068083E0,-1.033098030E1,2.901772499E0
4.960278348E1,-3.172317266E0,-1.042674828E1,2.810792685E0
4.960476713E1,-3.186682463E0,-1.050815105E1,2.662352324E0
4.960672025E1,-3.134010077E0,-1.056321812E1,2.475604534E0
4.960870390E1,-3.052607059E0,-1.057758331E1,2.298433542E0
4.961065702E1,-2.961627483E0,-1.056082344E1,2.118868589E0
4.961264066E1,-2.868253708E0,-1.052730465E1,1.972822189E0
4.961459379E1,-2.765302896E0,-1.048660374E1,1.855506301E0
4.961657743E1,-2.624045134E0,-1.044829655E1,1.726219416E0
4.961856107E1,-2.480392933E0,-1.043393135E1,1.575384736E0
4.962057523E1,-2.329558372E0,-1.046266174E1,1.422155857E0
4.962252836E1,-2.138022184E0,-1.050815105E1,1.244984865E0
4.962451200E1,-1.934514999E0,-1.054406452E1,1.067813993E0
4.962649564E1,-1.757344007E0,-1.055842972E1,9.074024558E-1
4.962850980E1,-1.592144132E0,-1.057518864E1,7.517793179E-1
4.963046293E1,-1.412579060E0,-1.058955383E1,5.985504389E-1
4.963244657E1,-1.221042871E0,-1.059913063E1,4.572925270E-1
4.963439970E1,-1.003170490E0,-1.059194851E1,3.184288144E-1
4.963641386E1,-7.757213712E-1,-1.055364132E1,1.723825186E-1
4.963836698E1,-5.363011956E-1,-1.049378586E1,2.394201607E-2
4.964038114E1,-2.801215947E-1,-1.041477776E1,-1.005564705E-1
4.964233427E1,-1.675941236E-2,-1.031900978E1,-1.891419291E-1
4.964431791E1,2.705447972E-1,-1.020169353E1,-2.681505978E-1
4.964630155E1,5.722141862E-1,-1.006282997E1,-3.567360640E-1
4.964831571E1,8.810662031E-1,-9.933543205E0,-4.572925270E-1
4.965026884E1,1.189918280E0,-9.832986832E0,-5.746083856E-1
4.965225248E1,1.482010841E0,-9.732429504E0,-7.278373241E-1
4.965423612E1,1.745373011E0,-9.636661530E0,-8.930372596E-1
4.965621976E1,1.987187386E0,-9.548076630E0,-1.072602391E0
4.965817289E1,2.193088770E0,-9.445125580E0,-1.244984865E0
4.966018705E1,2.348711967E0,-9.344569206E0,-1.383848548E0
4.966214017E1,2.449268341E0,-9.234436035E0,-1.474828243E0
4.966412382E1,2.535459518E0,-9.121908188E0,-1.565807939E0
4.966607694E1,2.595314741E0,-9.002198219E0,-1.640028119E0
4.966809110E1,2.647987127E0,-8.875306129E0,-1.678335428E0
4.967004423E1,2.693476915E0,-8.750806808E0,-1.687912226E0
4.967202787E1,2.717418909E0,-8.633491516E0,-1.671152830E0
4.967401151E1,2.717418909E0,-8.528146744E0,-1.630451322E0
4.967599516E1,2.679111719E0,-8.425195694E0,-1.558625340E0
4.967794828E1,2.607285738E0,-8.319850922E0,-1.467645645E0
4.967996244E1,2.545036316E0,-8.231265068E0,-1.347935557E0
4.968191557E1,2.492363930E0,-8.142680168E0,-1.225831270E0
4.968392973E1,2.446874142E0,-8.068459511E0,-1.127668977E0
4.968585233E1,2.398990154E0,-8.018181801E0,-1.043871999E0
4.968786649E1,2.341529369E0,-7.972691536E0,-9.624691010E-1
4.968981962E1,2.286462545E0,-7.960720539E0,-8.738836050E-1
4.969180326E1,2.226607561E0,-7.977479935E0,-7.996633649E-1
4.969378690E1,2.147598982E0,-7.999027729E0,-7.374141216E-1
4.969577054E1,2.044648170E0,-8.006210327E0,-6.799532771E-1
4.969769315E1,1.960851192E0,-8.025363922E0,-6.368576288E-1
4.969970731E1,1.898601890E0,-8.046912193E0,-6.009446383E-1
4.970166044E1,1.843535304E0,-8.080430984E0,-5.770025849E-1
4.970364408E1,1.776497602E0,-8.116343498E0,-5.793967843E-1
4.970562772E1,1.747767210E0,-8.128314972E0,-5.817909837E-1
4.970764188E1,1.711854219E0,-8.173804283E0,-5.889736414E-1
4.970959501E1,1.709460020E0,-8.214506149E0,-6.105214357E-1
4.971160917E1,1.733402014E0,-8.245630264E0,-6.416460276E-1
4.971356229E1,1.757344007E0,-8.267178535E0,-6.607996821E-1
4.971554594E1,1.817199111E0,-8.305485725E0,-6.967126727E-1
4.971752958E1,1.879448295E0,-8.322244644E0,-7.302315235E-1
4.971951322E1,1.956062794E0,-8.329427719E0,-7.637503147E-1
4.972146635E1,2.044648170E0,-8.336610794E0,-7.972691655E-1
4.972348051E1,2.133233786E0,-8.360552788E0,-8.212111592E-1
4.972543363E1,2.197877169E0,-8.377311707E0,-8.403648138E-1
4.972741727E1,2.240972757E0,-8.386888504E0,-8.499416113E-1
4.972937040E1,2.281674147E0,-8.398859978E0,-8.619126081E-1
4.973138456E1,2.327163935E0,-8.420407295E0,-8.834604025E-1
4.973333768E1,2.358288765E0,-8.456320763E0,-9.145850539E-1
4.973532133E1,2.372653961E0,-8.489839554E0,-9.481038451E-1
4.973730497E1,2.384624958E0,-8.506598473E0,-9.816226959E-1
4.973928861E1,2.398990154E0,-8.520963669E0,-1.022324085E0
4.974124174E1,2.394201756E0,-8.542511940E0,-1.074996591E0
4.974322538E1,2.387019157E0,-8.566453934E0,-1.134851575E0
4.974520902E1,2.387019157E0,-8.607154846E0,-1.189918280E0
4.974722318E1,2.398990154E0,-8.628703117E0,-1.230619669E0
4.974917631E1,2.387019157E0,-8.650250435E0,-1.264138460E0
4.975115995E1,2.348711967E0,-8.695740700E0,-1.297657371E0
4.975311308E1,2.296039343E0,-8.748413086E0,-1.328781962E0
4.975512724E1,2.238578558E0,-8.801085472E0,-1.364694953E0
4.975704984E1,2.164358377E0,-8.863334656E0,-1.405396342E0
4.975906400E1,2.097320795E0,-8.904036522E0,-1.438915253E0
4.976101713E1,2.047042370E0,-8.932766914E0,-1.460463047E0
4.976300077E1,2.027888775E0,-8.956708908E0,-1.453280449E0
4.976495390E1,2.015917778E0,-8.992621422E0,-1.436521053E0
4.976696806E1,2.011129379E0,-9.062053680E0,-1.403002143E0
4.976892118E1,1.989581585E0,-9.133879662E0,-1.352723956E0
4.977090482E1,1.972822189E0,-9.205705643E0,-1.314416766E0
4.977288846E1,1.939303398E0,-9.291896820E0,-1.302445769E0
4.977487211E1,1.886630893E0,-9.351752281E0,-1.307234168E0
4.977679472E1,1.814804912E0,-9.406818390E0,-1.302445769E0
4.977880888E1,1.719036818E0,-9.457097054E0,-1.271321058E0
4.978076200E1,1.587355733E0,-9.502586365E0,-1.230619669E0
4.978274564E1,1.443703651E0,-9.545681953E0,-1.173158884E0
4.978472929E1,1.309628367E0,-9.588777542E0,-1.096544385E0
4.978674345E1,1.192312479E0,-9.634267807E0,-1.043871999E0
4.978869657E1,1.046266198E0,-9.684545517E0,-1.007958889E0
4.979068021E1,8.403648138E-1,-9.746794701E0,-9.624691010E-1
4.979263334E1,5.961562395E-1,-9.794678688E0,-8.954314590E-1
4.979464750E1,3.280056417E-1,-9.821015358E0,-8.068459630E-1
4.979660062E1,3.351882473E-2,-9.837775230E0,-7.038952708E-1
4.979861478E1,-2.609679997E-1,-9.849745750E0,-5.889736414E-1
4.980056791E1,-5.578489900E-1,-9.866505623E0,-4.764461517E-1
4.980255155E1,-8.499416113E-1,-9.892841339E0,-3.806780577E-1
4.980453519E1,-1.134851575E0,-9.921571732E0,-2.777273953E-1
4.980651884E1,-1.407790542E0,-9.938331604E0,-1.843535304E-1
4.980847196E1,-1.666364431E0,-9.957485199E0,-1.077390760E-1
4.981048612E1,-1.891419291E0,-9.979032516E0,-4.070143029E-2
4.981243925E1,-2.099714994E0,-9.995792389E0,1.197100803E-2
4.981442289E1,-2.303221941E0,-1.000776291E1,5.985504389E-2
4.981640653E1,-2.475604534E0,-1.001494598E1,1.029506698E-1
4.981839017E1,-2.607285738E0,-1.002691650E1,1.364694983E-1
4.982034330E1,-2.693476915E0,-1.006043530E1,1.723825186E-1
4.982235746E1,-2.760514498E0,-1.011071396E1,2.106897533E-1
4.982431058E1,-2.817975283E0,-1.017056847E1,2.250549644E-1
4.982632474E1,-2.839523315E0,-1.023521233E1,2.346317619E-1
4.982827787E1,-2.815581083E0,-1.031182671E1,2.370259613E-1
4.983029203E1,-2.753331900E0,-1.038365269E1,2.489969730E-1
4.983221464E1,-2.662352324E0,-1.043632507E1,2.609679997E-1
4.983422880E1,-2.557007313E0,-1.046745014E1,2.633621991E-1
4.983621244E1,-2.446874142E0,-1.048420906E1,2.609679997E-1
4.983819608E1,-2.324769735E0,-1.049139214E1,2.418143749E-1
4.984011869E1,-2.171540976E0,-1.047702694E1,2.059013397E-1
4.984213285E1,-2.008735180E0,-1.043632507E1,1.388636976E-1
4.984408598E1,-1.829170108E0,-1.039801788E1,5.746084079E-2
4.984606962E1,-1.637633920E0,-1.035731697E1,-4.070143029E-2
4.984802274E1,-1.436521053E0,-1.031182671E1,-1.508347094E-1
4.985003690E1,-1.228225470E0,-1.026394272E1,-2.705447972E-1
4.985199003E1,-1.022324085E0,-1.024000072E1,-3.806780577E-1
4.985397367E1,-8.283938169E-1,-1.023042393E1,-4.764461517E-1
4.985595731E1,-6.512228847E-1,-1.024000072E1,-5.506663918E-1
4.985794096E1,-4.740519226E-1,-1.027112484E1,-6.153098345E-1
4.985986356E1,-3.040636182E-1,-1.031182671E1,-6.536170840E-1
4.986187772E1,-1.436520964E-1,-1.037647057E1,-6.536170840E-1
4.986383085E1,1.915361360E-2,-1.046026707E1,-6.296750307E-1
4.986581449E1,1.843535304E-1,-1.054406452E1,-5.793967843E-1
4.986776762E1,2.633621991E-1,-1.058476543E1,-5.434837937E-1
4.986978178E1,4.237737060E-1,-1.067335129E1,-4.764461517E-1
4.987173490E1,5.530605912E-1,-1.077869606E1,-4.548983276E-1
4.987371854E1,6.344634295E-1,-1.090319443E1,-5.075707436E-1
4.987570219E1,6.799532771E-1,-1.105163479E1,-6.105214357E-1
4.987768583E1,7.302315235E-1,-1.120725822E1,-7.398083210E-1
4.987960844E1,7.924807668E-1,-1.135330486E1,-8.930372596E-1
4.988162260E1,8.714894056E-1,-1.147301483E1,-1.029506683E0
4.988357572E1,9.696516991E-1,-1.158314800E1,-1.108515382E0
4.988555936E1,1.096544385E0,-1.169567490E1,-1.118092179E0
4.988751249E1,1.240196466E0,-1.182496262E1,-1.077390790E0
4.988952665E1,1.393425345E0,-1.195185471E1,-1.007958889E0
4.989147977E1,1.556231141E0,-1.206677628E1,-9.289502501E-1
4.989346342E1,1.721431017E0,-1.216733265E1,-8.762778044E-1
4.989544706E1,1.877054095E0,-1.225831223E1,-8.379706144E-1
4.989743070E1,2.035071373E0,-1.233013916E1,-8.020575643E-1
4.989938383E1,2.183511972E0,-1.237084007E1,-7.541735172E-1
4.990139799E1,2.308010340E0,-1.238281155E1,-6.967126727E-1
4.990335111E1,2.420537949E0,-1.238759995E1,-6.200982332E-1
4.990533475E1,2.525882721E0,-1.238999367E1,-5.147533417E-1
4.990731840E1,2.628833532E0,-1.237323475E1,-3.687070608E-1
4.990927152E1,2.722207308E0,-1.233492756E1,-1.987187415E-1
4.991125516E1,2.786850691E0,-1.228464890E1,-1.915361360E-2
4.991326932E1,2.803610086E0,-1.224155331E1,2.059013397E-1
4.991522245E1,2.791639090E0,-1.221521664E1,4.620809257E-1
4.991720609E1,2.760514498E0,-1.220085144E1,7.374141216E-1
4.991918974E1,2.712630510E0,-1.220563984E1,1.053448796E0
4.992117338E1,2.638410330E0,-1.222000504E1,1.400607944E0
4.992312650E1,2.552218914E0,-1.223915863E1,1.762132406E0
4.992511015E1,2.430114746E0,-1.226549530E1,2.147598982E0
4.992709379E1,2.296039343E0,-1.230140877E1,2.540247917E0
4.992907743E1,2.154781580E0,-1.234450436E1,2.908955097E0
4.993106107E1,2.001552582E0,-1.240675354E1,3.246537447E0
4.993307523E1,1.843535304E0,-1.247139645E1,3.560178041E0
4.993502836E1,1.690306425E0,-1.254561710E1,3.847482204E0
4.993701200E1,1.539471745E0,-1.262223148E1,4.106055737E0
4.993896512E1,1.376665950E0,-1.270363426E1,4.335899353E0
4.994097929E1,1.213860273E0,-1.278982544E1,4.560954094E0
4.994293241E1,1.060631394E0,-1.292150688E1,4.771644115E0
4.994491605E1,9.050082564E-1,-1.307712936E1,4.944026470E0
4.994686918E1,7.326257229E-1,-1.323754120E1,5.090072632E0
4.994888334E1,5.506663918E-1,-1.339316463E1,5.228936672E0
4.995083646E1,3.711012602E-1,-1.355597019E1,5.403713226E0
4.995282011E1,1.963245422E-1,-1.371398735E1,5.609614372E0
4.995480375E1,1.675941236E-2,-1.387439919E1,5.844246387E0
4.995678739E1,-1.604115069E-1,-1.403241634E1,6.090848923E0
4.995874052E1,-3.064578176E-1,-1.416888523E1,6.344634533E0
4.996075468E1,-4.189853072E-1,-1.427901936E1,6.593631268E0
4.996270780E1,-4.836287498E-1,-1.436281586E1,6.830657482E0
4.996472196E1,-5.003881454E-1,-1.444900703E1,7.048529625E0
4.996667509E1,-5.027823448E-1,-1.454477501E1,7.240066051E0
4.996868925E1,-5.027823448E-1,-1.465251446E1,7.410054207E0
4.997067289E1,-4.884171486E-1,-1.478658962E1,7.541735172E0
4.997265653E1,-4.812345505E-1,-1.495897198E1,7.620744228E0
4.997464017E1,-4.884171486E-1,-1.514811420E1,7.654263020E0
4.997659330E1,-5.195417404E-1,-1.532528496E1,7.635109425E0
4.997857694E1,-5.865794420E-1,-1.547851372E1,7.575253963E0
4.998059110E1,-6.727706790E-1,-1.561737728E1,7.508216381E0
4.998254423E1,-7.661445141E-1,-1.576342392E1,7.438784599E0
4.998452787E1,-8.475474119E-1,-1.589989376E1,7.352593422E0
4.998651151E1,-9.050082564E-1,-1.603396797E1,7.237671852E0
4.998852567E1,-9.457096457E-1,-1.616564941E1,7.098807812E0
4.999044828E1,-9.409212470E-1,-1.630212021E1,6.931213856E0
4.999246244E1,-8.954314590E-1,-1.644577217E1,6.732495308E0
4.999441557E1,-8.020575643E-1,-1.655590439E1,6.509834290E0
4.999636869E1,-6.440402865E-1,-1.663251877E1,6.234501362E0
4.999835233E1,-4.309563041E-1,-1.667800903E1,5.872976780E0
5.000036649E1,-1.819593310E-1,-1.668519211E1,5.415684223E0
5.000228910E1,1.029506698E-1,-1.664688492E1,4.900930882E0
5.000430326E1,4.189853072E-1,-1.659660530E1,4.331110954E0
5.000625638E1,7.493851185E-1,-1.652717400E1,3.711012602E0
5.000824003E1,1.086967587E0,-1.642422295E1,3.071760893E0
5.001022367E1,1.446097851E0,-1.629493713E1,2.439691544E0
5.001220731E1,1.812410712E0,-1.613452530E1,1.869871497E0
5.001412992E1,2.178723574E0,-1.593341255E1,1.369483352E0
5.001614408E1,2.499546528E0,-1.571553993E1,9.265560508E-1
5.001809721E1,2.741360903E0,-1.550724411E1,5.315127969E-1
5.002008085E1,2.935291290E0,-1.527979565E1,1.723825186E-1
5.002206449E1,3.057395458E0,-1.505952835E1,-1.268926859E-1
5.002407865E1,3.078943491E0,-1.487517548E1,-3.950432837E-1
5.002603178E1,3.021482468E0,-1.469561005E1,-6.631938815E-1
5.002801542E1,2.944868088E0,-1.455195808E1,-9.337386489E-1
5.002999906E1,2.827552319E0,-1.447294903E1,-1.173158884E0
5.003198270E1,2.688688517E0,-1.443943024E1,-1.393425345E0
5.003390531E1,2.614468336E0,-1.442506504E1,-1.505952835E0
5.003591947E1,2.461239338E0,-1.438675785E1,-1.740584612E0
5.003787260E1,2.300827742E0,-1.432211494E1,-1.987187386E0
5.003985624E1,2.116474390E0,-1.426225948E1,-2.224213362E0
5.004183988E1,1.898601890E0,-1.422874069E1,-2.446874142E0
5.004385404E1,1.716642618E0,-1.419282722E1,-2.647987127E0
5.004580717E1,1.563413739E0,-1.412818432E1,-2.832340717E0
5.004779081E1,1.424550056E0,-1.403002167E1,-3.014299870E0
5.004974393E1,1.338358760E0,-1.387439919E1,-3.258508444E0
5.005175809E1,1.309628367E0,-1.369004536E1,-3.581725836E0
5.005371122E1,1.343147159E0,-1.346020222E1,-3.943250179E0
5.005572538E1,1.340752959E0,-1.318726254E1,-4.240131378E0
5.005767850E1,1.364694953E0,-1.289038181E1,-4.465186119E0
5.005969266E1,1.429338455E0,-1.257913589E1,-4.666299343E0
5.006167631E1,1.484405041E0,-1.227746677E1,-4.898536682E0
5.006365995E1,1.472434044E0,-1.199973869E1,-5.161899090E0
5.006558256E1,1.465251446E0,-1.174834728E1,-5.413290024E0
5.006759672E1,1.477222443E0,-1.150413895E1,-5.631162167E0
5.006954984E1,1.414973259E0,-1.127190113E1,-5.825092793E0
5.007153348E1,1.240196466E0,-1.107078838E1,-5.961562157E0
5.007351713E1,9.983820915E-1,-1.089122391E1,-6.076483727E0
5.007553129E1,6.871358752E-1,-1.070926380E1,-6.150704384E0
5.007748441E1,3.615244627E-1,-1.050815105E1,-6.095637321E0
5.007946806E1,6.224924326E-2,-1.029506683E1,-5.882553577E0
5.008145170E1,-1.939303428E-1,-1.007480049E1,-5.559336185E0
5.008343534E1,-4.644751251E-1,-9.878476143E0,-5.185841084E0
5.008535795E1,-7.589619160E-1,-9.737217903E0,-4.845864296E0
5.008737211E1,-1.070208192E0,-9.646238327E0,-4.546588898E0
5.008932523E1,-1.438915253E0,-9.612719536E0,-4.273650169E0
5.009130888E1,-1.833958507E0,-9.629479408E0,-4.039018154E0
5.009329252E1,-2.178723574E0,-9.662998199E0,-3.813963413E0
5.009527616E1,-2.410961151E0,-9.655815125E0,-3.552995205E0
5.009719877E1,-2.513911724E0,-9.607931137E0,-3.253720045E0
5.009921293E1,-2.564189911E0,-9.555258751E0,-2.956839085E0
5.010116605E1,-2.624045134E0,-9.516951561E0,-2.662352324E0
5.010314970E1,-2.700659513E0,-9.521739960E0,-2.391807556E0
5.010513334E1,-2.774879694E0,-9.557653427E0,-2.181117773E0
5.010708646E1,-2.794033289E0,-9.569623947E0,-2.030282974E0
5.010907011E1,-2.765302896E0,-9.572018623E0,-1.881842494E0
5.011108427E1,-2.695871115E0,-9.586383820E0,-1.707065821E0
5.011303739E1,-2.580949545E0,-9.605537415E0,-1.486799240E0
5.011502103E1,-2.403778553E0,-9.598354340E0,-1.240196466E0
5.011700468E1,-2.159569979E0,-9.576807022E0,-1.012747288E0
5.011898832E1,-1.867477298E0,-9.552865028E0,-8.116343617E-1
5.012091093E1,-1.544260144E0,-9.524134636E0,-6.464344859E-1
5.012292509E1,-1.252167463E0,-9.516951561E0,-5.027823448E-1
5.012487821E1,-8.954314590E-1,-9.509769440E0,-3.591302633E-1
5.012686185E1,-3.998316824E-1,-9.509769440E0,-3.016694188E-1
5.012884550E1,-1.053448766E-1,-9.600749016E0,-2.035071403E-1
5.013085966E1,-9.576806426E-2,-9.761159897E0,1.101332754E-1
5.013281278E1,-1.149216816E-1,-9.902418137E0,3.950432837E-1
5.013476591E1,-6.703764945E-2,-1.006522369E1,3.303998411E-1
5.013674955E1,1.268926859E-1,-1.035252857E1,5.746084079E-2
5.013873319E1,3.495534360E-1,-1.078827286E1,-9.097966552E-2
5.014068632E1,3.351882398E-1,-1.130302620E1,-7.182605099E-3
5.014266996E1,0.000000000E0,-1.182017422E1,1.867477298E-1
5.014465360E1,-4.525041282E-1,-1.228225517E1,3.926490843E-1
5.014663724E1,-7.158663273E-1,-1.261744308E1,6.296750307E-1
5.014855985E1,-7.876923680E-1,-1.281137371E1,9.409212470E-1
5.015057401E1,-8.212111592E-1,-1.289038181E1,1.309628367E0
5.015252714E1,-8.283938169E-1,-1.286643982E1,1.663970232E0
5.015448026E1,-7.637503147E-1,-1.275391293E1,1.989581585E0
5.015646390E1,-7.254431248E-1,-1.256237602E1,2.308010340E0
5.015844755E1,-7.685387731E-1,-1.234689808E1,2.561795712E0
5.016056921E1,-8.451532125E-1,-1.216493893E1,2.698265314E0
5.016258337E1,-1.034295082E0,-1.202846909E1,2.741360903E0
5.016456702E1,-1.194706678E0,-1.193988419E1,2.640804529E0
5.016655066E1,-1.151610970E0,-1.181777954E1,2.394201756E0
5.016853430E1,-9.576807022E-1,-1.163103199E1,2.109291792E0
5.017054846E1,-6.512228847E-1,-1.138203526E1,1.879448295E0
5.017250159E1,-4.596867263E-1,-1.112585545E1,1.750161409E0
5.017448523E1,-4.453215301E-1,-1.089361763E1,1.628057122E0
5.017646887E1,-3.663128614E-1,-1.068292809E1,1.407790542E0
5.017845252E1,-1.891419291E-1,-1.048181534E1,1.175553083E0
5.018040564E1,1.915361360E-2,-1.030464458E1,1.053448796E0
5.018241980E1,2.657563984E-1,-1.015859795E1,1.055842996E0
5.018440344E1,4.525041282E-1,-1.004607010E1,1.067813993E0
5.018638708E1,6.248866320E-1,-9.943120003E0,1.034295082E0
5.018837073E1,7.757213712E-1,-9.864110947E0,9.217676520E-1
5.019038489E1,8.427590132E-1,-9.830592155E0,7.374141216E-1
5.019233801E1,8.212111592E-1,-9.828198433E0,4.740519226E-1
5.019432166E1,8.331822157E-1,-9.811438560E0,1.819593310E-1
5.019630530E1,9.050082564E-1,-9.765948296E0,-8.619125932E-2
5.019828894E1,9.169792533E-1,-9.725247383E0,-3.303998411E-1
5.020024207E1,9.121908545E-1,-9.689333916E0,-5.506663918E-1
5.020225623E1,8.978256583E-1,-9.622296333E0,-7.685387731E-1
5.020420935E1,9.145850539E-1,-9.528923035E0,-9.552865028E-1
5.020622351E1,9.121908545E-1,-9.447520256E0,-1.091755986E0
5.020817664E1,9.002198577E-1,-9.397241592E0,-1.158793569E0
5.021016028E1,8.667010069E-1,-9.184157372E0,-1.369483352E0
5.021214392E1,8.738836050E-1,-9.102754593E0,-1.446097851E0
5.021412756E1,9.624691010E-1,-8.906430244E0,-1.599326730E0
5.021608069E1,1.185129881E0,-8.671798706E0,-1.764526606E0
5.021806433E1,1.513135433E0,-8.406042099E0,-1.927332401E0
5.022001746E1,1.821987510E0,-8.128314972E0,-1.991975784E0
5.022203162E1,2.159569979E0,-7.790732384E0,-1.991975784E0
5.022398474E1,2.463633537E0,-7.398083210E0,-1.999158382E0
5.022596838E1,2.650381327E0,-7.000645638E0,-2.039859772E0
5.022795203E1,2.633621931E0,-6.722918510E0,-2.130839586E0
5.022993567E1,2.427720547E0,-6.596025467E0,-2.238578558E0
5.023188879E1,2.157175779E0,-6.526593685E0,-2.303221941E0
5.023390295E1,1.932120800E0,-6.435614109E0,-2.324769735E0
5.023585608E1,1.922544003E0,-6.289567947E0,-2.353500366E0
5.023783972E1,2.003946781E0,-6.150704384E0,-2.363077164E0
5.023982336E1,1.941697598E0,-6.100425720E0,-2.300827742E0
5.024183752E1,1.757344007E0,-6.133944988E0,-2.226607561E0
5.024379065E1,1.541865945E0,-6.229712963E0,-2.221819162E0
5.024577429E1,1.266532660E0,-6.375759125E0,-2.245761156E0
5.024775793E1,9.720458984E-1,-6.454767704E0,-2.236184359E0
5.024974158E1,6.248866320E-1,-6.502651691E0,-2.214636564E0
5.025166418E1,2.777273953E-1,-6.524199486E0,-2.214636564E0
5.025367835E1,-3.112462163E-2,-6.473921299E0,-2.260126352E0
5.025563147E1,-3.375824392E-1,-6.411672115E0,-2.310404539E0
5.025761511E1,-6.655880809E-1,-6.392518520E0,-2.355894566E0
5.025959876E1,-8.667010069E-1,-6.351817131E0,-2.384624958E0
5.026161292E1,-9.169792533E-1,-6.256049156E0,-2.365471363E0
5.026356604E1,-8.667010069E-1,-6.121973515E0,-2.276885748E0
5.026554968E1,-8.259995580E-1,-5.987898350E0,-2.135627985E0
5.026753332E1,-8.930372596E-1,-5.918466568E0,-1.996764183E0
5.026951697E1,-1.048660398E0,-5.940014362E0,-1.915361404E0
5.027143958E1,-1.046266198E0,-5.923254967E0,-1.862688899E0
5.027345374E1,-8.954314590E-1,-5.844246387E0,-1.798045516E0
5.027540686E1,-7.972691655E-1,-5.789179802E0,-1.699883223E0
5.027739050E1,-8.307880163E-1,-5.793968201E0,-1.565807939E0
5.027937415E1,-9.241618514E-1,-5.839457989E0,-1.434126854E0
5.028138831E1,-9.983820915E-1,-5.887341976E0,-1.316810966E0
5.028334143E1,-1.055842996E0,-5.911283970E0,-1.230619669E0
5.028532507E1,-1.223437071E0,-5.971138954E0,-1.156399369E0
5.028730872E1,-1.455674648E0,-6.083666325E0,-1.051054597E0
5.028929236E1,-1.640028119E0,-6.155492783E0,-9.816226959E-1
5.029121497E1,-1.905784607E0,-6.157886982E0,-9.576807022E-1
5.029322913E1,-2.224213362E0,-6.095637321E0,-9.816226959E-1
5.029515173E1,-2.537853718E0,-6.050147533E0,-1.003170490E0
5.029716589E1,-2.877830505E0,-6.083666325E0,-9.792284966E-1
5.029914954E1,-3.222595453E0,-6.167463779E0,-9.385270476E-1
5.030113318E1,-3.385401249E0,-6.186617374E0,-9.193734527E-1
5.030311682E1,-3.380612850E0,-6.117185116E0,-8.954314590E-1
5.030513098E1,-3.402160645E0,-6.054935932E0,-8.044517636E-1
5.030705359E1,-3.495534420E0,-5.992686749E0,-7.206547260E-1
5.030906775E1,-3.462015629E0,-5.863399982E0,-7.900865674E-1
5.031102087E1,-3.373430252E0,-5.722142220E0,-9.265560508E-1
5.031297400E1,-3.306392431E0,-5.635950565E0,-1.043871999E0
5.031495764E1,-3.263296843E0,-5.564124584E0,-1.175553083E0
5.031694128E1,-3.165134668E0,-5.463568211E0,-1.233013868E0
5.031889441E1,-3.064578056E0,-5.365406036E0,-1.192312479E0
5.032087805E1,-3.052607059E0,-5.262455463E0,-1.266532660E0
5.032286169E1,-2.928108692E0,-5.118803024E0,-1.371877551E0
5.032484534E1,-2.762908697E0,-4.960785866E0,-1.405396342E0
5.032679846E1,-2.710236311E0,-4.850652695E0,-1.438915253E0
5.032881262E1,-2.645592928E0,-4.730942726E0,-1.561019540E0
5.033076575E1,-2.473210335E0,-4.620809078E0,-1.778891921E0
5.033274939E1,-2.293645144E0,-4.534617901E0,-2.068590164E0
5.033470252E1,-2.138022184E0,-4.462791920E0,-2.365471363E0
5.033671668E1,-2.078166962E0,-4.400542736E0,-2.609679937E0
5.033866980E1,-2.087743998E0,-4.359841347E0,-2.827552319E0
5.034068396E1,-2.030282974E0,-4.307168961E0,-2.975992680E0
5.034263708E1,-1.960851192E0,-4.240131378E0,-3.086126089E0
5.034465124E1,-1.917755604E0,-4.189853191E0,-3.100491285E0
5.034660437E1,-2.051830769E0,-4.158728123E0,-3.172317266E0
5.034858801E1,-2.255337954E0,-4.137180328E0,-3.416525841E0
5.035057166E1,-2.291250944E0,-4.058171749E0,-3.689464808E0
5.035255530E1,-2.219424963E0,-3.914519787E0,-3.948038578E0
5.035450842E1,-2.097320795E0,-3.744531393E0,-4.132391930E0
5.035652258E1,-2.075772762E0,-3.620033026E0,-4.254496574E0
5.035847571E1,-2.305616140E0,-3.598485231E0,-4.383783340E0
5.036048987E1,-2.566584110E0,-3.627215624E0,-4.498704910E0
5.036244299E1,-2.750937700E0,-3.667917013E0,-4.383783340E0
5.036445715E1,-3.026270866E0,-3.732560396E0,-4.000710964E0
5.036641028E1,-3.385401249E0,-3.804386616E0,-3.442862034E0
5.036839392E1,-3.727771997E0,-3.921702385E0,-2.736572504E0
5.037037756E1,-4.094084740E0,-4.096478939E0,-2.018311977E0
5.037233069E1,-4.364629745E0,-4.252102375E0,-1.403002143E0
5.037431433E1,-4.419696331E0,-4.307168961E0,-1.149216771E0
5.037632849E1,-4.326322556E0,-4.371812344E0,-4.692635238E-1
5.037828162E1,-4.271255970E0,-4.390965939E0,-2.250549644E-1
5.038026526E1,-4.256890774E0,-4.472368717E0,3.112462163E-1
5.038224890E1,-4.364629745E0,-4.599261284E0,8.355764151E-1
5.038423254E1,-4.374206543E0,-4.702212334E0,1.307234168E0
5.038618567E1,-4.266467571E0,-4.754884720E0,1.608903527E0
5.038819983E1,-4.134786129E0,-4.781220913E0,1.661576033E0
5.039015295E1,-4.034229755E0,-4.819528103E0,1.620874524E0
5.039210608E1,-3.897760391E0,-4.843470097E0,1.802833915E0
5.039408972E1,-3.746925592E0,-4.867412090E0,2.080561161E0
5.039607336E1,-3.617638826E0,-4.948814869E0,2.422932148E0
5.039802649E1,-3.509899616E0,-5.102043629E0,2.827552319E0
5.040004065E1,-3.394978046E0,-5.260061264E0,3.083731890E0
5.040199377E1,-3.210624456E0,-5.377377033E0,3.301604033E0
5.040397742E1,-3.102885485E0,-5.566518784E0,3.543418407E0
5.040593054E1,-3.074155092E0,-5.822698593E0,3.857059002E0
5.040791418E1,-3.074155092E0,-6.098031521E0,4.060565948E0
5.040986731E1,-3.167528868E0,-6.354211330E0,4.060565948E0
5.041188147E1,-3.296815634E0,-6.536170483E0,3.960009575E0
5.041383460E1,-3.514688015E0,-6.715735912E0,3.861847401E0
5.041581824E1,-3.835511208E0,-6.888118267E0,3.706224203E0
5.041780188E1,-4.158728123E0,-7.019799232E0,3.428496838E0
5.041981604E1,-4.513070107E0,-7.177816868E0,3.050212860E0
5.042176916E1,-4.802768707E0,-7.319074631E0,2.559401512E0
5.042375281E1,-5.037400246E0,-7.460332394E0,2.140416384E0
5.042573645E1,-5.274426460E0,-7.642292023E0,1.874659896E0
5.042772009E1,-5.439626217E0,-7.800309181E0,1.587355733E0
5.042967322E1,-5.549759388E0,-7.908048153E0,1.297657371E0
5.043168738E1,-5.679046631E0,-8.008605003E0,1.060631394E0
5.043364050E1,-5.772420406E0,-8.101978302E0,9.433154464E-1
5.043562415E1,-5.832275391E0,-8.183381081E0,9.050082564E-1
5.043760779E1,-5.918466568E0,-8.293514252E0,8.786720037E-1
5.043962195E1,-6.016628742E0,-8.415618896E0,8.403648138E-1
5.044157507E1,-6.062118530E0,-8.544905663E0,8.140285611E-1
5.044355872E1,-6.009446144E0,-8.686163902E0,8.068459630E-1
5.044554236E1,-5.935225964E0,-8.882488251E0,9.026140571E-1
5.044752600E1,-5.882553577E0,-9.145850182E0,1.173158884E0
5.044944861E1,-5.822698593E0,-9.440337181E0,1.477222443E0
5.045146277E1,-5.786785603E0,-9.749189377E0,1.831564307E0
5.045341589E1,-5.781997204E0,-1.008916569E1,2.248155355E0
5.045539954E1,-5.758055210E0,-1.046026707E1,2.683900118E0
5.045738318E1,-5.616796970E0,-1.079545593E1,3.131615877E0
5.045939734E1,-5.453991413E0,-1.112824917E1,3.615244627E0
5.046135046E1,-5.384559631E0,-1.150653362E1,4.118026733E0
5.046333411E1,-5.420472622E0,-1.191594219E1,4.568136692E0
5.046531775E1,-5.521028996E0,-1.231337929E1,5.013458252E0
5.046730139E1,-5.647922039E0,-1.272278786E1,5.609614372E0
5.046922400E1,-5.793968201E0,-1.320402241E1,6.411672115E0
5.047123816E1,-5.956773758E0,-1.371398735E1,7.280767441E0
5.047319128E1,-6.114790916E0,-1.416649151E1,8.104372978E0
5.047520544E1,-6.222530365E0,-1.458308220E1,8.920795441E0
5.047712805E1,-6.301538944E0,-1.499009705E1,9.718064308E0
5.047914221E1,-6.363788128E0,-1.532767963E1,1.040520096E1
5.048109534E1,-6.414066315E0,-1.561977196E1,1.103966427E1
5.048307898E1,-6.476315498E0,-1.594298935E1,1.174595356E1
5.048506262E1,-6.418854713E0,-1.619677544E1,1.245703125E1
5.048704627E1,-6.315904140E0,-1.635479164E1,1.304839897E1
5.048896887E1,-6.126761913E0,-1.640746498E1,1.348414421E1
5.049098303E1,-5.803544998E0,-1.635239792E1,1.384566879E1
5.049293616E1,-5.425261021E0,-1.620156288E1,1.414015484E1
5.049491980E1,-5.027823448E0,-1.594298935E1,1.430056667E1
5.049690344E1,-4.608838081E0,-1.559822369E1,1.436521053E1
5.049891760E1,-4.158728123E0,-1.522472858E1,1.445619011E1
5.050087073E1,-3.672705412E0,-1.481771469E1,1.453759289E1
5.050288489E1,-3.117250681E0,-1.430535507E1,1.448970890E1
5.050483801E1,-2.626439333E0,-1.372116947E1,1.432211494E1
5.050682166E1,-2.298433542E0,-1.312740803E1,1.409945393E1
5.050880530E1,-2.044648170E0,-1.250491524E1,1.380736160E1
5.051078894E1,-1.908178806E0,-1.189439392E1,1.345541382E1
5.051271155E1,-1.948880196E0,-1.133175659E1,1.310825443E1
5.051472571E1,-2.092532396E0,-1.079066753E1,1.273475838E1
5.051667883E1,-2.315192938E0,-1.028309631E1,1.236365795E1
5.051866248E1,-2.600103140E0,-9.837775230E0,1.199255657E1
5.052061560E1,-2.916137695E0,-9.457097054E0,1.157596493E1
5.052262976E1,-3.265691042E0,-9.143456459E0,1.108515358E1
5.052458289E1,-3.641580820E0,-8.927978516E0,1.056561184E1
5.052656653E1,-3.979163170E0,-8.791508675E0,9.998186111E0
5.052855017E1,-4.268861771E0,-8.698134422E0,9.390059471E0
5.053053381E1,-4.539406300E0,-8.664615631E0,8.815450668E0
5.053245642E1,-4.675876141E0,-8.671798706E0,8.554482460E0
5.053447058E1,-4.929661274E0,-8.693346024E0,8.013393402E0
5.053642371E1,-5.111620426E0,-8.707711220E0,7.331045628E0
5.053840735E1,-5.245696068E0,-8.736441612E0,6.555324078E0
5.054032996E1,-5.396530628E0,-8.817844391E0,5.832275391E0
5.054234412E1,-5.561730385E0,-8.978256226E0,5.269638062E0
5.054429724E1,-5.746084213E0,-9.208099365E0,4.876988888E0
5.054628088E1,-5.951985359E0,-9.466673851E0,4.544194698E0
5.054826453E1,-6.174646378E0,-9.753977776E0,4.240131378E0
5.055024817E1,-6.409277916E0,-1.006282997E1,3.892971992E0
5.055220129E1,-6.615179062E0,-1.035013390E1,3.409343243E0
5.055418494E1,-6.687005520E0,-1.061110210E1,2.829946518E0
5.055616858E1,-6.540958881E0,-1.076672459E1,2.159569979E0
5.055818274E1,-6.191405773E0,-1.081939793E1,1.398213744E0
5.056013586E1,-5.741295815E0,-1.088643551E1,6.679822803E-1
5.056211951E1,-5.269638062E0,-1.104684639E1,7.182605099E-3
5.056407263E1,-4.843470097E0,-1.133415127E1,-6.129156351E-1
5.056605627E1,-4.501099110E0,-1.179144382E1,-1.173158884E0
5.056803992E1,-4.247313976E0,-1.238759995E1,-1.742978811E0
5.057005408E1,-4.034229755E0,-1.306276417E1,-2.394201756E0
5.057200720E1,-3.821146011E0,-1.377623653E1,-3.129221678E0
5.057399085E1,-3.538630009E0,-1.446097851E1,-3.950432777E0
5.057597449E1,-3.162740469E0,-1.506910515E1,-4.812345505E0
5.057795813E1,-2.726995707E0,-1.557428169E1,-5.621585369E0
5.057994177E1,-2.291250944E0,-1.599087334E1,-6.253654957E0
5.058192542E1,-1.872265697E0,-1.630212021E1,-6.655880928E0
5.058387854E1,-1.501164436E0,-1.647210693E1,-6.782773495E0
5.058586218E1,-1.077390790E0,-1.645295334E1,-6.734889507E0
5.058784582E1,-5.530605912E-1,-1.631169701E1,-6.557718277E0
5.058985999E1,-8.140286058E-2,-1.611776543E1,-6.076483727E0
5.059181311E1,2.537853718E-1,-1.588074017E1,-5.255272865E0
5.059379675E1,5.027823448E-1,-1.551203251E1,-4.326322556E0
5.059578040E1,8.379706144E-1,-1.501882744E1,-3.483563423E0
5.059776404E1,1.292868972E0,-1.446816063E1,-2.798821688E0
5.059974768E1,1.812410712E0,-1.383130360E1,-2.214636564E0
5.060176184E1,2.319981337E0,-1.314177322E1,-1.702277422E0
5.060368445E1,2.806004286E0,-1.240435886E1,-1.283292055E0
5.060569861E1,3.272873640E0,-1.161906052E1,-1.063025594E0
5.060768225E1,3.725377798E0,-1.077390766E1,-1.113303781E0
5.060966589E1,4.055777550E0,-9.979032516E0,-1.376665950E0
5.061161902E1,4.039018154E0,-9.416395187E0,-1.728613615E0
5.061363318E1,3.526659012E0,-9.133879662E0,-2.138022184E0
5.061558630E1,2.545036316E0,-9.040505409E0,-2.573766708E0
5.061756995E1,1.297657371E0,-9.059659004E0,-2.992752075E0
5.061952307E1,1.364694983E-1,-9.124302864E0,-3.476380825E0
5.062153723E1,-8.571242094E-1,-9.200917244E0,-4.005499363E0
5.062345984E1,-1.702277422E0,-9.232041359E0,-4.477157116E0
5.062547400E1,-2.513911724E0,-9.241618156E0,-4.754884720E0
5.062745764E1,-3.234566450E0,-9.239224434E0,-4.891354084E0
5.062944128E1,-3.778050184E0,-9.229647636E0,-5.011064053E0
5.063139441E1,-4.197035789E0,-9.234436035E0,-5.070919037E0
5.063340857E1,-4.575319290E0,-9.241618156E0,-4.984727859E0
5.063536169E1,-4.908113480E0,-9.198522568E0,-4.723760128E0
5.063737585E1,-5.149928093E0,-9.095572472E0,-4.297592163E0
5.063932898E1,-5.233725071E0,-8.961497307E0,-3.790021181E0
5.064134314E1,-5.173870087E0,-8.815450668E0,-3.349488258E0
5.064326575E1,-4.994304657E0,-8.655038834E0,-2.997540474E0
5.064527991E1,-4.781220913E0,-8.530540466E0,-2.679111719E0
5.064726355E1,-4.649539471E0,-8.499416351E0,-2.389413357E0
5.064924719E1,-4.678270340E0,-8.530540466E0,-2.188300371E0
5.065120032E1,-4.764461517E0,-8.564059258E0,-2.087743998E0
5.065321448E1,-4.812345505E0,-8.556877136E0,-2.008735180E0
5.065516760E1,-4.833893299E0,-8.518569946E0,-1.881842494E0
5.065718176E1,-4.795586109E0,-8.434772491E0,-1.728613615E0
5.065913489E1,-4.687847137E0,-8.281543732E0,-1.628057122E0
5.066114905E1,-4.548983097E0,-8.087613106E0,-1.594538331E0
5.066307166E1,-4.434061527E0,-7.876923561E0,-1.584961534E0
5.066508582E1,-4.393360138E0,-7.637503624E0,-1.628057122E0
5.066706946E1,-4.479551315E0,-7.364564419E0,-1.783680320E0
5.066905310E1,-4.730942726E0,-7.065289021E0,-1.963245392E0
5.067100623E1,-5.058948040E0,-6.749254704E0,-2.094926596E0
5.067302039E1,-5.391742229E0,-6.426037312E0,-2.286462545E0
5.067497351E1,-5.650316238E0,-6.107608318E0,-2.425326347E0
5.067698767E1,-5.635950565E0,-5.851428986E0,-2.334346771E0
5.067894080E1,-5.094861031E0,-5.650316238E0,-1.994369984E0
5.068095496E1,-3.912125587E0,-5.420472622E0,-1.407790542E0
5.068293860E1,-2.375048161E0,-5.243301868E0,-5.650315881E-1
5.068492224E1,-9.983820915E-1,-5.300762653E0,3.016694188E-1
5.068690588E1,-6.943184882E-2,-5.614402771E0,9.337386489E-1
5.068885901E1,4.165911078E-1,-6.102819920E0,1.288080573E0
5.069084265E1,5.243301988E-1,-6.675034523E0,1.441309452E0
5.069282629E1,5.171475410E-1,-7.218518257E0,1.534683347E0
5.069477942E1,5.889736414E-1,-7.682993412E0,1.556231141E0
5.069676306E1,4.333505034E-1,-8.092401505E0,1.424550056E0
5.069874670E1,-8.858546615E-2,-8.391676903E0,1.268926859E0
5.070076086E1,-3.208230138E-1,-8.516175270E0,1.201889277E0
5.070271399E1,-2.944868207E-1,-8.501810074E0,1.264138460E0
5.070472815E1,-2.873041928E-1,-8.420407295E0,1.403002143E0
5.070671179E1,-4.572925270E-1,-8.334216118E0,1.510741234E0
5.070869543E1,-8.403648138E-1,-8.293514252E0,1.558625340E0
5.071064856E1,-1.316810966E0,-8.264783859E0,1.582567334E0
5.071263220E1,-1.833958507E0,-8.233659744E0,1.637633920E0
5.071461585E1,-2.317587137E0,-8.180987358E0,1.656787634E0
5.071663001E1,-2.681505919E0,-8.109161377E0,1.659181833E0
5.071858313E1,-2.918531895E0,-8.082824707E0,1.568202138E0
5.072056677E1,-3.090914488E0,-8.116343498E0,1.352723956E0
5.072255042E1,-3.153163671E0,-8.178592682E0,9.744400978E-1
5.072453406E1,-3.138798475E0,-8.236053467E0,5.626373887E-1
5.072645666E1,-3.138798475E0,-8.238448143E0,3.926490843E-1
5.072847082E1,-3.198653460E0,-8.243236542E0,5.985504389E-2
5.073045447E1,-3.306392431E0,-8.336610794E0,-3.160346150E-1
5.073243811E1,-3.356670856E0,-8.482656479E0,-6.823474765E-1
5.073439124E1,-3.296815634E0,-8.566453934E0,-9.097966552E-1
5.073637488E1,-3.186682463E0,-8.571242332E0,-9.864110947E-1
5.073835852E1,-3.031059265E0,-8.564059258E0,-9.576807022E-1
5.074031165E1,-2.834734917E0,-8.626308441E0,-9.193734527E-1
5.074229529E1,-2.659958124E0,-8.717288017E0,-7.924807668E-1
5.074430945E1,-2.497152328E0,-8.817844391E0,-6.919242740E-1
5.074626257E1,-2.331952572E0,-8.884882927E0,-5.865794420E-1
5.074824622E1,-2.169146776E0,-8.911218643E0,-5.554547906E-1
5.075022986E1,-2.018311977E0,-8.916007042E0,-5.506663918E-1
5.075221350E1,-1.838746905E0,-8.875306129E0,-5.027823448E-1
5.075419714E1,-1.651999116E0,-8.813055992E0,-4.596867263E-1
5.075618079E1,-1.572990537E0,-8.798690796E0,-4.022258818E-1
5.075816443E1,-1.525106430E0,-8.813055992E0,-4.165911078E-1
5.076011755E1,-1.467645645E0,-8.755595207E0,-4.979939461E-1
5.076210120E1,-1.453280449E0,-8.655038834E0,-5.961562395E-1
5.076411536E1,-1.458068848E0,-8.573636055E0,-7.278373241E-1
5.076606848E1,-1.438915253E0,-8.441955566E0,-8.379706144E-1
5.076805212E1,-1.424550056E0,-8.348581314E0,-9.744400978E-1
5.077003577E1,-1.465251446E0,-8.204929352E0,-1.053448796E0
5.077201941E1,-1.534683347E0,-8.030152321E0,-1.077390790E0
5.077397253E1,-1.589749932E0,-7.979874134E0,-1.084573388E0
5.077595618E1,-1.625662923E0,-7.915230751E0,-1.000776291E0
5.077793982E1,-1.644816518E0,-7.884106159E0,-1.000776291E0
5.077989294E1,-1.721431017E0,-7.869740963E0,-9.911994934E-1
5.078187659E1,-1.833958507E0,-7.857769966E0,-1.053448796E0
5.078389075E1,-1.924938202E0,-7.809885979E0,-1.194706678E0
5.078584387E1,-2.032677174E0,-7.781155586E0,-1.288080573E0
5.078782752E1,-2.164358377E0,-7.809885979E0,-1.374271750E0
5.078981116E1,-2.245761156E0,-7.750030994E0,-1.529894829E0
5.079179480E1,-2.319981337E0,-7.706935406E0,-1.702277422E0
5.079374793E1,-2.451662540E0,-7.759607792E0,-1.924938202E0
5.079576208E1,-2.624045134E0,-7.850587368E0,-2.059013367E0
5.079771521E1,-2.774879694E0,-8.006210327E0,-2.111685991E0
5.079969885E1,-2.822763920E0,-8.231265068E0,-2.138022184E0
5.080168250E1,-2.786850691E0,-8.535328865E0,-2.193088770E0
5.080366614E1,-2.631227732E0,-8.875306129E0,-2.207453966E0
5.080561926E1,-2.319981337E0,-9.148244858E0,-2.070984364E0
5.080763342E1,-1.795651317E0,-9.275136948E0,-1.707065821E0
5.080958655E1,-1.218648672E0,-9.375694275E0,-1.017535686E0
5.081157019E1,-6.919242740E-1,-9.550470352E0,-1.963245422E-1
5.081355383E1,-1.699883193E-1,-9.694122314E0,5.075707436E-1
5.081556799E1,4.548983276E-1,-9.746794701E0,1.000776291E0
5.081752112E1,9.504981041E-1,-9.844957352E0,1.513135433E0
5.081950476E1,1.247379065E0,-9.998186111E0,1.948880196E0
5.082148840E1,1.482010841E0,-1.019451046E1,2.080561161E0
5.082347205E1,1.611297727E0,-1.042674828E1,1.996764183E0
5.082542517E1,1.587355733E0,-1.071405220E1,1.862688899E0
5.082743933E1,1.489193439E0,-1.104684639E1,1.630451322E0
5.082939246E1,1.556231141E0,-1.128866100E1,1.290474772E0
5.083137610E1,1.716642618E0,-1.141555405E1,1.007958889E0
5.083332922E1,1.776497602E0,-1.150892735E1,7.613561153E-1
5.083534338E1,1.812410712E0,-1.152089882E1,5.171475410E-1
5.083729651E1,1.810016513E0,-1.147301483E1,3.543418646E-1
5.083928015E1,1.606509328E0,-1.146104336E1,3.208230138E-1
5.084126379E1,1.395819545E0,-1.140837097E1,3.184288144E-1
5.084324744E1,1.400607944E0,-1.117373943E1,2.753331959E-1
5.084517004E1,1.379060149E0,-1.087207031E1,3.327940404E-1
5.084718420E1,1.307234168E0,-1.062067890E1,2.394201756E-1
5.084913733E1,1.300051570E0,-1.039562416E1,4.070143029E-2
5.085112097E1,1.223437071E0,-1.019929886E1,3.830722719E-2
5.085310461E1,1.144428372E0,-1.000536919E1,9.097966552E-2
5.085511877E1,1.173158884E0,-9.811438560E0,2.130839527E-1
5.085707190E1,1.039083481E0,-9.701305389E0,5.746083856E-1
5.085905554E1,8.283938169E-1,-9.636661530E0,8.451532125E-1
5.086103918E1,5.554547906E-1,-9.598354340E0,1.156399369E0
5.086302283E1,2.561795712E-1,-9.600749016E0,1.539471745E0
5.086494543E1,5.027823523E-2,-9.569623947E0,1.814804912E0
5.086695960E1,-1.819593310E-1,-9.555258751E0,2.078166962E0
5.086891272E1,-3.447650373E-1,-9.562441826E0,2.272097349E0
5.087089636E1,-4.309563041E-1,-9.610325813E0,2.343923569E0
5.087284949E1,-5.410895944E-1,-9.689333916E0,2.331952572E0
5.087486365E1,-4.740519226E-1,-9.665391922E0,2.245761156E0
5.087681677E1,-2.537853718E-1,-9.555258751E0,2.178723574E0
5.087880042E1,-3.112462163E-2,-9.502586365E0,2.126051188E0
5.088078406E1,9.816227108E-2,-9.557653427E0,2.090138197E0
5.088276770E1,3.016694188E-1,-9.545681953E0,1.972822189E0
5.088469031E1,5.746083856E-1,-9.457097054E0,1.836352706E0
5.088670447E1,7.709329724E-1,-9.380482674E0,1.800439715E0
5.088865759E1,8.762778044E-1,-9.323021889E0,1.764526606E0
5.089064124E1,1.029506683E0,-9.167398453E0,1.683123827E0
5.089262488E1,1.101332784E0,-9.033323288E0,1.656787634E0
5.089463904E1,1.149216771E0,-8.930372238E0,1.561019540E0
5.089659216E1,1.218648672E0,-8.803479195E0,1.419761658E0
5.089860632E1,1.304839969E0,-8.707711220E0,1.192312479E0
5.090052893E1,1.163581967E0,-8.714894295E0,9.241618514E-1
5.090254309E1,9.888052940E-1,-8.714894295E0,6.200982332E-1
5.090449622E1,9.409212470E-1,-8.700529099E0,3.303998411E-1
5.090644934E1,9.600749016E-1,-8.731653214E0,1.221042871E-1
5.090843298E1,8.092401624E-1,-8.904036522E0,-4.788403213E-2
5.091044714E1,7.469909191E-1,-9.138668060E0,-3.184288144E-1
5.091240027E1,8.355764151E-1,-9.323021889E0,-5.410895944E-1
5.091441443E1,9.983820915E-1,-9.414001465E0,-6.081272364E-1
5.091636755E1,1.142034173E0,-9.526528358E0,-7.422025204E-1
5.091838171E1,1.173158884E0,-9.718064308E0,-9.672574997E-1
5.092033484E1,1.010353088E0,-1.001494598E1,-1.233013868E0
5.092231848E1,8.020575643E-1,-1.026873112E1,-1.553836942E0
5.092430212E1,7.158663273E-1,-1.040759468E1,-1.855506301E0
5.092628577E1,6.057330370E-1,-1.056800652E1,-2.133233786E0
5.092820837E1,4.094084799E-1,-1.074996567E1,-2.367865562E0
5.093022253E1,1.316810995E-1,-1.090558910E1,-2.643198729E0
5.093220618E1,-1.939303428E-1,-1.104684639E1,-3.007117271E0
5.093418982E1,-5.458779931E-1,-1.113543224E1,-3.330334663E0
5.093614294E1,-9.169792533E-1,-1.111627865E1,-3.617638826E0
5.093812659E1,-1.240196466E0,-1.101572227E1,-3.907337189E0
5.094007971E1,-1.383848548E0,-1.084094524E1,-4.079719543E0
5.094206335E1,-1.443703651E0,-1.054645824E1,-4.156333923E0
5.094404700E1,-1.534683347E0,-1.023521233E1,-4.050989151E0
5.094606116E1,-1.570596337E0,-9.945513725E0,-3.665522814E0
5.094801428E1,-1.675941229E0,-9.758766174E0,-2.949656487E0
5.094999793E1,-1.599326730E0,-9.861717224E0,-2.715024710E0
5.095195105E1,-1.283292055E0,-9.916783333E0,-2.772485495E0
5.095396521E1,-8.738836050E-1,-9.722852707E0,-2.597708941E0
5.095591834E1,-4.237737060E-1,-9.323021889E0,-2.102109194E0
5.095790198E1,4.070143029E-2,-8.875306129E0,-1.620874524E0
5.095985510E1,5.865794420E-1,-8.516175270E0,-1.223437071E0
5.096186926E1,1.204283476E0,-8.279149055E0,-8.044517636E-1
5.096382239E1,1.924938202E0,-8.133103371E0,-3.806780577E-1
5.096583655E1,2.647987127E0,-7.972691536E0,-1.101332754E-1
5.096778967E1,3.119644880E0,-7.886500359E0,1.101332754E-1
5.096977332E1,3.294421434E0,-7.922413349E0,3.232172430E-1
5.097175696E1,3.222595453E0,-8.070854187E0,4.022258818E-1
5.097377112E1,2.973598480E0,-8.279149055E0,3.303998411E-1
5.097572424E1,2.643198729E0,-8.468291283E0,3.232172430E-1
5.097770789E1,2.396595955E0,-8.494627953E0,4.094084799E-1
5.097969153E1,2.327163935E0,-8.331821442E0,6.392518282E-1
5.098167517E1,2.248155355E0,-8.188169479E0,7.948749661E-1
5.098359778E1,2.063801765E0,-8.142680168E0,9.145850539E-1
5.098561194E1,1.678335428E0,-8.192957878E0,1.247379065E0
5.098756506E1,1.249773264E0,-8.240841866E0,1.640028119E0
5.098954871E1,8.595184088E-1,-8.269572258E0,1.855506301E0
5.099153235E1,4.453215301E-1,-8.446743965E0,1.836352706E0
5.099351599E1,-2.154781483E-2,-8.748413086E0,1.620874524E0
5.099546912E1,-4.620809257E-1,-8.973467827E0,1.182735682E0
5.099748328E1,-9.050082564E-1,-9.181763649E0,7.589619160E-1
5.099943640E1,-1.288080573E0,-9.390059471E0,5.195417404E-1
5.100142004E1,-1.276109457E0,-9.354146004E0,3.471592367E-1
5.100340369E1,-9.026140571E-1,-9.136273384E0,1.460463107E-1
5.100538733E1,-4.261679053E-1,-8.954314232E0,-1.101332754E-1
5.100730994E1,3.591302410E-2,-8.925583839E0,-4.141969085E-1
5.100932410E1,4.740519226E-1,-9.062053680E0,-7.972691655E-1
5.101127722E1,1.005564690E0,-9.093177795E0,-1.077390790E0
5.101329138E1,1.517923832E0,-9.102754593E0,-1.058237195E0
5.101524451E1,2.001552582E0,-9.093177795E0,-8.164227605E-1
5.101725867E1,2.403778553E0,-8.966285706E0,-4.955997467E-1
5.101921179E1,2.724601507E0,-8.836998940E0,-1.675941199E-1
5.102119543E1,2.887407303E0,-8.817844391E0,1.364694983E-1
5.102317908E1,2.873042107E0,-8.856152534E0,3.064578176E-1
5.102516272E1,2.782062292E0,-8.846575737E0,4.189853072E-1
5.102708533E1,2.700659513E0,-8.748413086E0,5.363011956E-1
5.102909949E1,2.683900118E0,-8.561665535E0,5.267243981E-1
5.103105261E1,2.719813108E0,-8.358158112E0,5.147533417E-1
5.103306677E1,2.655169725E0,-8.322244644E0,5.363011956E-1
5.103501990E1,2.518700123E0,-8.350975990E0,5.219359994E-1
5.103703406E1,2.394201756E0,-8.374917984E0,5.363011956E-1
5.103895666E1,2.288856745E0,-8.396465302E0,5.722141862E-1
5.104097082E1,2.178723574E0,-8.482656479E0,5.434837937E-1
5.104295447E1,2.106897593E0,-8.604761124E0,4.932055473E-1
5.104493811E1,2.109291792E0,-8.755595207E0,4.764461517E-1
5.104689124E1,2.161964178E0,-8.937555313E0,4.979939461E-1
5.104890540E1,2.267308950E0,-9.112331390E0,5.291185975E-1
5.105085852E1,2.322375536E0,-9.308655739E0,5.865794420E-1
5.105284216E1,2.322375536E0,-9.423578262E0,5.841852427E-1
5.105479529E1,2.327163935E0,-9.662998199E0,5.195417404E-1
5.105680945E1,2.410961151E0,-9.847352028E0,4.572925270E-1
5.105876257E1,2.602497339E0,-9.976638794E0,3.878606856E-1
5.106074622E1,2.822763920E0,-1.008437729E1,2.920926213E-1
5.106272986E1,3.066972494E0,-1.011550236E1,1.364694983E-1
5.106471350E1,3.289633036E0,-1.009395409E1,9.097966552E-2
5.106666663E1,3.457227230E0,-1.011310768E1,1.197100878E-1
5.106868079E1,3.622427225E0,-1.013226128E1,2.801215947E-1
5.107063391E1,3.744531393E0,-1.014423275E1,4.118026793E-1
5.107264807E1,3.859453201E0,-1.010113716E1,6.584054828E-1
5.107460120E1,3.931279182E0,-1.010592556E1,1.084573388E0
5.107661536E1,3.744531393E0,-1.020887566E1,1.592144132E0
5.107856848E1,3.454833031E0,-1.023281765E1,2.049436569E0
5.108055212E1,3.301604033E0,-1.023042393E1,2.382230759E0
5.108253577E1,3.327940464E0,-1.017775154E1,2.688688517E0
5.108448889E1,3.351882458E0,-1.004607010E1,3.110068083E0
5.108647253E1,3.246537447E0,-9.888052940E0,3.545812607E0
5.108848669E1,3.066972494E0,-9.792284966E0,3.806780815E0
5.109040930E1,2.918531895E0,-9.734824181E0,3.988739967E0
5.109242346E1,2.813186884E0,-9.631873131E0,4.223371983E0
5.109437659E1,2.777273893E0,-9.538499832E0,4.359841347E0
5.109636023E1,2.916137695E0,-9.526528358E0,4.276044369E0
5.109834387E1,3.155557871E0,-9.493009567E0,4.209006786E0
5.110032752E1,3.435679436E0,-9.437943459E0,4.019864559E0
5.110228064E1,3.732560396E0,-9.349357605E0,3.677493811E0
5.110429480E1,3.902548790E0,-9.248801231E0,3.287238836E0
5.110624793E1,3.967192173E0,-9.224859238E0,2.908955097E0
5.110823157E1,4.122815132E0,-9.373299599E0,2.274491549E0
5.111018469E1,4.280832767E0,-9.399636269E0,1.728613615E0
5.111219885E1,4.316745758E0,-9.308655739E0,1.424550056E0
5.111415198E1,4.283226967E0,-9.303867340E0,1.142034173E0
5.111613562E1,4.242525578E0,-9.361329079E0,8.858546019E-1
5.111811926E1,4.235342979E0,-9.461885452E0,7.230489254E-1
5.112010290E1,4.283226967E0,-9.576807022E0,6.177040339E-1
5.112202551E1,4.434061527E0,-9.849745750E0,3.878606856E-1
5.112403967E1,4.666299343E0,-1.010353088E1,2.154781520E-1
5.112602332E1,4.999093056E0,-1.033098030E1,3.591302410E-2
5.112800696E1,5.336675644E0,-1.054406452E1,-1.077390760E-1
5.112996008E1,5.638344765E0,-1.081700325E1,-1.436520964E-1
5.113194373E1,6.038176537E0,-1.128147888E1,-2.873041928E-1
5.113392737E1,6.442796707E0,-1.174834728E1,-4.453215301E-1
5.113591101E1,6.631938934E0,-1.202368069E1,-3.950432837E-1
5.113783362E1,6.564900875E0,-1.220563984E1,-1.771709323E-1
5.113984778E1,6.426037312E0,-1.245224285E1,-9.576806799E-3
5.114180090E1,6.294356346E0,-1.282095051E1,5.027823523E-2
5.114378455E1,6.181828976E0,-1.323993587E1,3.830722719E-2
5.114576819E1,5.983109951E0,-1.353681660E1,5.985504389E-2
5.114775183E1,5.679046631E0,-1.348893261E1,4.932055473E-1
5.114970496E1,5.322310448E0,-1.319683933E1,1.283292055E0
5.115168860E1,5.056553841E0,-1.297178459E1,2.109291792E0
5.115367224E1,4.929661274E0,-1.290714169E1,2.784456491E0
5.115565588E1,4.865017891E0,-1.291671848E1,3.308786631E0
5.115760901E1,4.829104900E0,-1.294066048E1,3.696647406E0
5.115962317E1,4.829104900E0,-1.296220779E1,4.022258759E0
5.116157629E1,4.800374508E0,-1.293587208E1,4.434061527E0
5.116355994E1,4.671087742E0,-1.288080502E1,4.845864296E0
5.116554358E1,4.472368717E0,-1.280658531E1,5.197812080E0
5.116752722E1,4.223371983E0,-1.263180828E1,5.597643375E0
5.116951086E1,3.971980572E0,-1.234450436E1,6.078877926E0
5.117149451E1,3.737348795E0,-1.200931549E1,6.605602264E0
5.117347815E1,3.521870613E0,-1.163103199E1,7.211335659E0
5.117543127E1,3.394978046E0,-1.121204662E1,7.970297337E0
5.117741492E1,3.471592426E0,-1.084094524E1,8.793902397E0
5.117942908E1,3.799597979E0,-1.066137981E1,9.461885452E0
5.118138220E1,4.371812344E0,-1.074757099E1,9.856928825E0
5.118336585E1,5.121197224E0,-1.105881786E1,9.959878922E0
5.118534949E1,5.961562157E0,-1.150413895E1,9.864110947E0
5.118733313E1,6.739677906E0,-1.202846909E1,9.655815125E0
5.118928626E1,7.345410824E0,-1.260068321E1,9.373299599E0
5.119130042E1,7.793126583E0,-1.317529202E1,9.100360870E0
5.119325354E1,8.032546997E0,-1.372116947E1,8.865729332E0
5.119523718E1,8.066065788E0,-1.422874069E1,8.655038834E0
5.119719031E1,7.941566944E0,-1.467406178E1,8.453926086E0
5.119920447E1,7.694964409E0,-1.506910515E1,8.274360657E0
5.120115759E1,7.378929615E0,-1.541626453E1,8.066065788E0
5.120317175E1,6.986280441E0,-1.577778912E1,7.857769966E0
5.120512488E1,6.517016888E0,-1.606030464E1,7.615955830E0
5.120710852E1,5.995080948E0,-1.622550583E1,7.390900612E0
5.120909216E1,5.482721806E0,-1.631887817E1,7.237671852E0
5.121110632E1,5.056553841E0,-1.636676216E1,7.196970463E0
5.121305945E1,4.752490520E0,-1.636197472E1,7.201758862E0
5.121504309E1,4.529829502E0,-1.633803177E1,7.273584843E0
5.121702673E1,4.426878929E0,-1.635000420E1,7.460332394E0
5.121901038E1,4.438849926E0,-1.641704178E1,7.673416615E0
5.122096350E1,4.537012100E0,-1.652956772E1,7.876923561E0
5.122297766E1,4.697423935E0,-1.665646172E1,8.025363922E0
5.122493079E1,4.783615112E0,-1.671631622E1,8.068459511E0
5.122691443E1,4.975151062E0,-1.677856636E1,8.025363922E0
5.122889807E1,5.200206280E0,-1.670195198E1,7.735665798E0
5.123091223E1,5.497087002E0,-1.638591576E1,6.945579052E0
5.123286536E1,5.530605793E0,-1.627099419E1,6.643909931E0
5.123484900E1,5.521028996E0,-1.612015915E1,5.896918774E0
5.123683264E1,5.602431774E0,-1.615367889E1,4.517858505E0
5.123881628E1,5.870582581E0,-1.638831139E1,2.492363930E0
5.124076941E1,6.279991150E0,-1.675941277E1,3.040636182E-1
5.124278357E1,6.459556103E0,-1.705389786E1,-1.127668977E0
5.124473669E1,6.057330132E0,-1.704432106E1,-1.288080573E0
5.124672034E1,5.293580055E0,-1.677856636E1,-8.020575643E-1
5.124870398E1,4.702212334E0,-1.650083733E1,-7.350199223E-1
5.125068762E1,4.462791920E0,-1.636915779E1,-1.326387763E0
5.125264075E1,4.429273129E0,-1.628296661E1,-2.140416384E0
5.125462439E1,4.335899353E0,-1.621592903E1,-2.698265314E0
5.125657752E1,4.074931145E0,-1.618719864E1,-2.887407303E0
5.125856116E1,3.758896589E0,-1.618959236E1,-2.887407303E0
5.126054480E1,3.524264812E0,-1.617283249E1,-2.880224705E0
5.126255896E1,3.351882458E0,-1.607945824E1,-2.964021683E0
5.126451208E1,3.177105665E0,-1.588792229E1,-3.102885485E0
5.126649573E1,3.064578056E0,-1.566765594E1,-3.268085241E0
5.126847937E1,3.055001259E0,-1.542584133E1,-3.464409828E0
5.127049353E1,3.064578056E0,-1.516487312E1,-3.670311213E0
5.127244666E1,3.064578056E0,-1.493024158E1,-3.801992416E0
5.127443030E1,3.114856482E0,-1.470039845E1,-3.857059002E0
5.127638342E1,3.251325846E0,-1.448252583E1,-3.837905407E0
5.127839758E1,3.445256233E0,-1.426704788E1,-3.730166197E0
5.128035071E1,3.655946016E0,-1.404438686E1,-3.552995205E0
5.128236487E1,3.945644379E0,-1.384566879E1,-3.397372246E0
5.128431799E1,4.343081951E0,-1.369483376E1,-3.349488258E0
5.128630164E1,4.754884720E0,-1.360145950E1,-3.299209833E0
5.128825476E1,5.137956619E0,-1.353921032E1,-3.272873640E0
5.129026892E1,5.446808815E0,-1.351526833E1,-3.270479441E0
5.129222205E1,5.619191170E0,-1.347935581E1,-3.246537447E0
5.129420569E1,5.700594425E0,-1.339795303E1,-3.184288263E0
5.129618933E1,5.753266811E0,-1.329260826E1,-3.098097086E0
5.129817297E1,5.734113216E0,-1.318726254E1,-2.918531895E0
5.130009558E1,5.552153587E0,-1.313698483E1,-2.650381327E0
5.130210974E1,5.257667065E0,-1.313937855E1,-2.358288765E0
5.130406287E1,4.920084476E0,-1.315853214E1,-2.126051188E0
5.130607703E1,4.558559895E0,-1.318008041E1,-1.970427990E0
5.130803015E1,4.156333923E0,-1.323754120E1,-1.771709204E0
5.131004431E1,3.706224203E0,-1.330218506E1,-1.532289028E0
5.131199744E1,3.277662039E0,-1.334288597E1,-1.292868972E0
5.131401160E1,2.851494312E0,-1.332133865E1,-1.122880578E0
5.131596472E1,2.473210335E0,-1.326148319E1,-1.012747288E0
5.131794836E1,2.159569979E0,-1.322078133E1,-8.690952063E-1
5.131993201E1,1.889025092E0,-1.320162773E1,-6.009446383E-1
5.132191565E1,1.661576033E0,-1.319683933E1,-3.351882398E-1
5.132383826E1,1.477222443E0,-1.320402241E1,-9.337386489E-2
5.132585242E1,1.367089152E0,-1.325669479E1,1.125274822E-1
5.132783606E1,1.333570361E0,-1.331894398E1,1.963245422E-1
5.132981970E1,1.333570361E0,-1.339076996E1,1.843535304E-1
5.133177283E1,1.256955862E0,-1.352484512E1,1.843535304E-1
5.133375647E1,1.213860273E0,-1.363258457E1,1.292868853E-1
5.133570960E1,1.225831270E0,-1.369004536E1,-2.633621916E-2
5.133769324E1,1.209071875E0,-1.373074722E1,-1.292868853E-1
5.133967688E1,1.233013868E0,-1.375229454E1,-1.412578970E-1
5.134166052E1,1.331176162E0,-1.376905441E1,-1.053448766E-1
5.134358313E1,1.431732655E0,-1.374511242E1,-9.097966552E-2
5.134559729E1,1.587355733E0,-1.367807388E1,-3.830722719E-2
5.134758093E1,1.872265697E0,-1.359427738E1,3.351882473E-2
5.134956458E1,2.195482969E0,-1.346977901E1,8.379705995E-2
5.135148718E1,2.525882721E0,-1.331655025E1,8.858546615E-2
5.135350134E1,2.885013103E0,-1.320162773E1,7.900865376E-2
5.135545447E1,3.260902643E0,-1.310585976E1,1.077390760E-1
5.135743811E1,3.679888010E0,-1.301009178E1,7.900865376E-2
5.135942175E1,4.027047157E0,-1.291193008E1,1.580173075E-1
5.136140540E1,4.338293552E0,-1.278743172E1,4.141969085E-1
5.136332800E1,4.596867085E0,-1.262223148E1,6.272808313E-1
5.136534216E1,4.711789131E0,-1.243308926E1,7.685387731E-1
5.136729529E1,4.821922302E0,-1.225831223E1,8.882488012E-1
5.136930945E1,4.948814869E0,-1.203804588E1,1.072602391E0
5.137126257E1,5.020640850E0,-1.177947235E1,1.309628367E0
5.137327673E1,5.111620426E0,-1.155920601E1,1.395819545E0
5.137522986E1,5.190629482E0,-1.142273617E1,1.288080573E0
5.137721350E1,5.190629482E0,-1.133893967E1,1.122880578E0
5.137919714E1,5.087678432E0,-1.129344940E1,8.619126081E-1
5.138118079E1,4.927267075E0,-1.125514221E1,4.381389022E-1
5.138310339E1,4.843470097E0,-1.123598862E1,2.106897533E-1
5.138511755E1,4.651933670E0,-1.115937424E1,-2.657563984E-1
5.138704016E1,4.558559895E0,-1.112346077E1,-3.447650373E-1
5.138905432E1,4.285621166E0,-1.102769279E1,-4.405331016E-1
5.139103796E1,4.017470360E0,-1.090319443E1,-4.932055473E-1
5.139305212E1,3.849876404E0,-1.073081207E1,-5.602431893E-1
5.139500525E1,3.713406801E0,-1.050575733E1,-4.955997467E-1
5.139701941E1,3.550601006E0,-1.028309631E1,-4.237737060E-1
5.139897253E1,3.428496838E0,-1.010353088E1,-5.386953950E-1
5.140092566E1,3.397372246E0,-9.950302124E0,-7.445967197E-1
5.140290930E1,3.299209833E0,-9.768342972E0,-1.089361787E0
5.140489294E1,3.014299870E0,-9.576807022E0,-1.489193439E0
5.140684607E1,2.585737944E0,-9.428366661E0,-1.565807939E0
5.140882971E1,2.149993181E0,-9.308655739E0,-1.359906554E0
5.141081335E1,1.769315004E0,-9.277531624E0,-1.247379065E0
5.141279700E1,1.438915253E0,-9.277531624E0,-1.331176162E0
5.141475012E1,1.089361787E0,-9.205705643E0,-1.278503656E0
5.141676428E1,7.302315235E-1,-9.097966194E0,-1.122880578E0
5.141871741E1,3.687070608E-1,-9.040505409E0,-9.026140571E-1
5.142070105E1,7.422025502E-2,-8.983044624E0,-4.955997467E-1
5.142268469E1,-2.394201700E-3,-8.935160637E0,-2.394201756E-1
5.142466834E1,1.484405100E-1,-8.911218643E0,-1.771709323E-1
5.142662146E1,3.208230138E-1,-8.882488251E0,-1.867477298E-1
5.142860510E1,3.016694188E-1,-8.774748802E0,-1.173158810E-1
5.143058874E1,8.619125932E-2,-8.573636055E0,1.651999205E-1
5.143257239E1,-1.987187415E-1,-8.432378769E0,5.458779931E-1
5.143455603E1,-4.405331016E-1,-8.389283180E0,8.212111592E-1
5.143657019E1,-6.871358752E-1,-8.437167168E0,1.031900883E0
5.143852332E1,-1.022324085E0,-8.506598473E0,1.132457376E0
5.144050696E1,-1.793257117E0,-8.121131897E0,1.000776291E0
5.144249060E1,-2.659958124E0,-7.496245384E0,7.422025204E-1
5.144447424E1,-3.033453465E0,-7.240066051E0,4.165911078E-1
5.144642737E1,-3.045424461E0,-7.474697590E0,-1.675941199E-1
5.144841101E1,-2.978386879E0,-7.826645374E0,-8.236053586E-1
5.145039465E1,-2.949656487E0,-7.943961143E0,-1.118092179E0
5.145237830E1,-2.940079689E0,-7.852981567E0,-1.101332784E0
5.145433142E1,-2.952050686E0,-7.738059998E0,-8.475474119E-1
5.145634558E1,-3.167528868E0,-7.623138428E0,-3.974374831E-1
5.145829871E1,-3.529053211E0,-7.632715225E0,-1.532289088E-1
5.146025183E1,-3.900154591E0,-7.738059998E0,-6.703764945E-2
5.146223547E1,-4.180276394E0,-7.750030994E0,-6.943184882E-2
5.146421912E1,-4.438849926E0,-7.445967197E0,-1.939303428E-1
5.146617224E1,-4.187458992E0,-7.026981831E0,-1.096544385E0
5.146815588E1,-3.564966440E0,-7.225700855E0,-2.729389906E0
5.147013953E1,-3.462015629E0,-7.644686222E0,-2.796427488E0
5.147212317E1,-3.667917013E0,-7.647080421E0,-1.917755604E0
5.147407629E1,-4.465186119E0,-6.895300865E0,4.644751251E-1
5.147609045E1,-5.944802761E0,-6.045359135E0,2.489969730E0
5.147804358E1,-7.290344238E0,-5.777208805E0,2.267308950E0
5.147999670E1,-8.032546997E0,-5.559336185E0,1.233013868E0
5.148198035E1,-7.979874134E0,-5.425261021E0,2.394201607E-2
5.148396399E1,-7.273584843E0,-5.561730385E0,-1.012747288E0
5.148591711E1,-6.141127586E0,-6.035782337E0,-1.833958507E0
5.148793127E1,-4.958391666E0,-6.835445881E0,-2.537853718E0
5.148988440E1,-3.835511208E0,-7.884106159E0,-3.186682463E0
5.149186804E1,-2.916137695E0,-8.808267593E0,-2.908955097E0
5.149382117E1,-2.051830769E0,-9.358934402E0,-2.319981337E0
5.149583533E1,-1.094150186E0,-9.449913979E0,-2.185906172E0
5.149778845E1,-1.867477298E-1,-9.251194954E0,-2.121262789E0
5.149980261E1,4.764461517E-1,-8.877699852E0,-1.934514999E0
5.150175574E1,7.374141216E-1,-8.248024940E0,-1.546654344E0
5.150373938E1,7.230489254E-1,-7.410054207E0,-7.709329724E-1
5.150572302E1,5.099649429E-1,-6.713341713E0,8.140286058E-2
5.150773718E1,2.370259613E-1,-6.246472359E0,-7.661445439E-2
5.150969031E1,-2.154781483E-2,-6.009446144E0,-1.072602391E0
5.151167395E1,-3.016694188E-1,-6.059724331E0,-1.896207690E0
5.151365759E1,-1.364694983E-1,-6.229712963E0,-2.803610086E0
5.151564124E1,2.226607651E-1,-6.313509941E0,-3.342305660E0
5.151759436E1,5.075707436E-1,-6.308721542E0,-3.196259260E0
5.151960852E1,9.911994934E-1,-6.263231754E0,-2.815581083E0
5.152159216E1,1.577778935E0,-6.100425720E0,-2.166752577E0
5.152357581E1,2.434903145E0,-5.913678169E0,-2.336740971E0
5.152552893E1,3.438073635E0,-5.892130375E0,-2.782062292E0
5.152751257E1,3.866635799E0,-6.234501362E0,-2.415749550E0
5.152949622E1,3.526659012E0,-6.821080685E0,-1.572990537E0
5.153147986E1,2.992752075E0,-7.429207802E0,-7.374141216E-1
5.153343298E1,2.918531895E0,-7.788338184E0,1.388636976E-1
5.153544714E1,3.476380825E0,-7.627926826E0,9.888052940E-1
5.153740027E1,4.187458992E0,-7.161057472E0,1.477222443E0
5.153935339E1,4.548983097E0,-6.631938934E0,1.838746905E0
5.154133704E1,4.541800499E0,-6.133944988E0,2.339135170E0
5.154332068E1,4.264073372E0,-5.655104637E0,2.918531895E0
5.154527380E1,4.048594952E0,-5.398924828E0,3.193865061E0
5.154725745E1,3.579331636E0,-4.869806290E0,3.794809580E0
5.154924109E1,3.292027235E0,-4.362235546E0,4.522646904E0
5.155122473E1,3.179499865E0,-3.948038578E0,5.219359875E0
5.155317786E1,3.081337690E0,-3.576937437E0,5.753266811E0
5.155519202E1,2.904166698E0,-3.232172251E0,6.208165169E0
5.155714514E1,2.679111719E0,-2.887407303E0,6.639121532E0
5.155912878E1,2.580949545E0,-2.473210335E0,7.230489254E0
5.156111243E1,2.449268341E0,-2.209848166E0,7.819462776E0
5.156309607E1,2.152387381E0,-2.197877169E0,8.090007782E0
5.156501868E1,1.707065821E0,-2.260126352E0,8.068459511E0
5.156703284E1,1.307234168E0,-2.209848166E0,7.833827972E0
5.156901648E1,1.027112484E0,-2.068590164E0,7.419631004E0
5.157100012E1,7.445967197E-1,-1.968033791E0,7.038952827E0
5.157298377E1,4.596867263E-1,-1.994369984E0,6.715735912E0
5.157499793E1,1.460463107E-1,-2.135627985E0,6.378153324E0
5.157695105E1,-1.053448766E-1,-2.343923569E0,6.054935932E0
5.157893469E1,-2.657563984E-1,-2.580949545E0,5.679046631E0
5.158091834E1,-4.189853072E-1,-2.815581083E0,5.231330872E0
5.158290198E1,-5.027823448E-1,-3.004723072E0,4.649539471E0
5.158485510E1,-5.219359994E-1,-3.162740469E0,3.952826977E0
5.158683874E1,-5.770025849E-1,-3.270479441E0,3.217807055E0
5.158882239E1,-6.009446383E-1,-3.385401249E0,2.552218914E0
5.159083655E1,-5.291185975E-1,-3.538630009E0,2.070984364E0
5.159275916E1,-4.118026793E-1,-3.632004023E0,1.721431017E0
5.159477332E1,-3.902548850E-1,-3.718195200E0,1.592144132E0
5.159675696E1,-4.118026793E-1,-3.830722809E0,1.386242747E0
5.159874060E1,-1.843535304E-1,-3.852270603E0,1.352723956E0
5.160069373E1,2.705447972E-1,-3.840299606E0,1.484405041E0
5.160267737E1,7.182605267E-1,-3.950432777E0,1.644816518E0
5.160466101E1,1.146822572E0,-4.230554581E0,1.601720929E0
5.160667517E1,1.589749932E0,-4.599261284E0,1.278503656E0
5.160862830E1,1.884236693E0,-5.066130638E0,8.427590132E-1
5.161061194E1,2.027888775E0,-5.580883980E0,4.118026793E-1
5.161259558E1,2.114080191E0,-6.047753334E0,7.422025502E-2
5.161457922E1,2.006340981E0,-6.548141479E0,-2.130839527E-1
5.161650183E1,1.582567334E0,-7.139509678E0,-5.410895944E-1
5.161851599E1,9.337386489E-1,-7.769184589E0,-8.331822157E-1
5.162046912E1,1.029506698E-1,-8.391676903E0,-9.481038451E-1
5.162245276E1,-1.070208192E0,-9.107542992E0,-9.313444495E-1
5.162443640E1,-2.600103140E0,-9.964667320E0,-8.044517636E-1
5.162645056E1,-4.364629745E0,-1.089361763E1,-6.105214357E-1
5.162840369E1,-6.481103897E0,-1.186087513E1,-6.943184733E-1
5.163038733E1,-8.880094528E0,-1.276348972E1,-1.278503656E0
5.163237097E1,-1.149935055E1,-1.367328548E1,-2.178723574E0
5.163435461E1,-1.428141308E1,-1.438675785E1,-3.294421434E0
5.163627722E1,-1.621353340E1,-1.407790565E1,-4.314351559E0
5.163829138E1,-1.613452530E1,-1.249055004E1,-5.353435040E0
5.164027502E1,-1.408748245E1,-1.052491093E1,-6.256049156E0
5.164225867E1,-1.063264942E1,-9.229647636E0,-6.672640324E0
5.164424231E1,-7.086836815E0,-8.887276649E0,-6.576871872E0
5.164625647E1,-4.244919777E0,-9.232041359E0,-6.071695328E0
5.164820960E1,-2.078166962E0,-9.907206535E0,-5.245696068E0
5.165019324E1,-4.141969085E-1,-1.068532181E1,-3.931279182E0
5.165214636E1,8.092401624E-1,-1.142991924E1,-2.240972757E0
5.165416052E1,1.805228114E0,-1.199016190E1,-5.458779931E-1
5.165611365E1,2.726995707E0,-1.227507210E1,1.043871999E0
5.165812781E1,3.646369219E0,-1.227267838E1,2.458845139E0
5.166008093E1,4.606443882E0,-1.197340298E1,3.634398222E0
5.166206458E1,5.492298603E0,-1.151850414E1,4.857835293E0
5.166404822E1,6.239289761E0,-1.097502041E1,6.253654957E0
5.166606238E1,6.897695065E0,-1.040041256E1,7.881711960E0
5.166801550E1,7.520187378E0,-9.844957352E0,9.493009567E0
5.166999915E1,8.094796181E0,-9.311050415E0,1.098459721E1
5.167198279E1,8.580819130E0,-8.810662270E0,1.237802315E1
5.167396643E1,8.951920509E0,-8.374917984E0,1.361582470E1
5.167591956E1,9.179368973E0,-8.034940720E0,1.467885017E1
5.167790320E1,9.251194954E0,-7.778761387E0,1.555033970E1
5.167988684E1,9.208099365E0,-7.592013359E0,1.618480301E1
5.168187048E1,9.064447403E0,-7.467514992E0,1.658702850E1
5.168385413E1,8.803479195E0,-7.376535416E0,1.689588165E1
5.168586829E1,8.422801971E0,-7.311892033E0,1.710896492E1
5.168782141E1,7.955932140E0,-7.275979042E0,1.713769531E1
5.168983557E1,7.424419403E0,-7.259219646E0,1.696770668E1
5.169178870E1,6.835445881E0,-7.228095055E0,1.656308746E1
5.169377234E1,6.200982571E0,-7.161057472E0,1.599087334E1
5.169572546E1,5.509057999E0,-7.031770229E0,1.545936012E1
5.169770911E1,4.738125324E0,-6.835445881E0,1.505234623E1
5.169969275E1,3.931279182E0,-6.624756336E0,1.464772606E1
5.170167639E1,3.090914488E0,-6.409277916E0,1.431972027E1
5.170359900E1,2.231395960E0,-6.227318764E0,1.408508873E1
5.170561316E1,1.429338455E0,-6.133944988E0,1.384806252E1
5.170756628E1,7.086837292E-1,-6.138733387E0,1.358709431E1
5.170954993E1,7.661445439E-2,-6.268020153E0,1.329260826E1
5.171156409E1,-4.333505034E-1,-6.490680695E0,1.294066048E1
5.171354773E1,-7.948749661E-1,-6.763619900E0,1.254801083E1
5.171553137E1,-1.034295082E0,-7.060500622E0,1.215536213E1
5.171751502E1,-1.206677675E0,-7.354987621E0,1.181299114E1
5.171949866E1,-1.328781962E0,-7.647080421E0,1.147062016E1
5.172148230E1,-1.419761658E0,-7.931990147E0,1.109951878E1
5.172346594E1,-1.455674648E0,-8.204929352E0,1.066856289E1
5.172544958E1,-1.403002143E0,-8.382100105E0,1.025915432E1
5.172740271E1,-1.460463047E0,-8.643068314E0,9.844957352E0
5.172941687E1,-1.608903527E0,-8.980650902E0,9.404424667E0
5.173137000E1,-1.671152830E0,-9.205705643E0,9.088389397E0
5.173335364E1,-1.623268723E0,-9.378087997E0,8.671798706E0
5.173533728E1,-1.649604917E0,-9.720458984E0,7.941566944E0
5.173729040E1,-1.709460020E0,-9.931148529E0,7.596801758E0
5.173930457E1,-1.903390408E0,-1.040759468E1,6.828263283E0
5.174128821E1,-1.944091797E0,-1.050815105E1,6.636727333E0
5.174327185E1,-1.956062794E0,-1.068053341E1,6.325480938E0
5.174525549E1,-1.857900500E0,-1.083136845E1,6.136339188E0
5.174723914E1,-1.635239720E0,-1.097502041E1,6.019022942E0
5.174922278E1,-1.304839969E0,-1.110909557E1,5.975927353E0
5.175117590E1,-9.002198577E-1,-1.125035381E1,5.992686749E0
5.175319006E1,-4.884171486E-1,-1.140837097E1,6.083666325E0
5.175514319E1,-2.944868207E-1,-1.156638813E1,5.992686749E0
5.175712683E1,-3.830722719E-2,-1.175792408E1,5.767632008E0
5.175904944E1,4.716577232E-1,-1.197100830E1,5.676652431E0
5.176106360E1,1.182735682E0,-1.220324612E1,5.758055210E0
5.176304724E1,1.893813491E0,-1.246660805E1,6.083666325E0
5.176503088E1,2.418143749E0,-1.270842266E1,6.648698330E0
5.176698401E1,2.990357876E0,-1.284010410E1,7.223306656E0
5.176899817E1,3.670311213E0,-1.284010410E1,7.747636795E0
5.177098181E1,4.508281708E0,-1.269166279E1,8.506598473E0
5.177296545E1,5.465962410E0,-1.244984913E1,9.540893555E0
5.177494910E1,6.141127586E0,-1.224634171E1,1.048899746E1
5.177693274E1,6.447585106E0,-1.213860226E1,1.116655636E1
5.177885535E1,6.584054470E0,-1.209550667E1,1.164539719E1
5.178086951E1,6.643909931E0,-1.207156467E1,1.203086376E1
5.178282263E1,6.615179062E0,-1.207395935E1,1.241393566E1
5.178480627E1,6.454767704E0,-1.213381386E1,1.279461384E1
5.178682043E1,6.177040577E0,-1.227267838E1,1.312740803E1
5.178883460E1,5.844246387E0,-1.246181965E1,1.338598156E1
5.179078772E1,5.470750809E0,-1.264617348E1,1.355118179E1
5.179277136E1,5.044582844E0,-1.278024864E1,1.363976669E1
5.179472449E1,4.553771496E0,-1.285446930E1,1.367328548E1
5.179667761E1,4.024652958E0,-1.288080502E1,1.365892029E1
5.179866126E1,3.493140221E0,-1.289995861E1,1.359667110E1
5.180067542E1,2.947262287E0,-1.294544888E1,1.353921032E1
5.180262854E1,2.430114746E0,-1.304121685E1,1.351287460E1
5.180461218E1,2.020706177E0,-1.319683933E1,1.349372101E1
5.180659582E1,1.752555609E0,-1.341231823E1,1.346977901E1
5.180854895E1,1.654393315E0,-1.364694977E1,1.345301914E1
5.181053259E1,1.731007814E0,-1.385045719E1,1.345062542E1
5.181254675E1,1.953668594E0,-1.398932076E1,1.345780754E1
5.181449988E1,2.310404539E0,-1.403241634E1,1.350329781E1
5.181648352E1,2.736572504E0,-1.399889755E1,1.362061310E1
5.181843665E1,3.162740469E0,-1.395101357E1,1.379778481E1
5.182045081E1,3.562572241E0,-1.395340729E1,1.399410915E1
5.182240393E1,3.909731388E0,-1.402523327E1,1.416409683E1
5.182438757E1,4.201824188E0,-1.415452003E1,1.427183628E1
5.182637122E1,4.446032524E0,-1.428620148E1,1.431972027E1
5.182838538E1,4.697423935E0,-1.437239265E1,1.434366226E1
5.183030798E1,5.030217648E0,-1.439872932E1,1.433648014E1
5.183232214E1,5.473145008E0,-1.438675785E1,1.426944256E1
5.183427527E1,5.995080948E0,-1.436281586E1,1.415930843E1
5.183625891E1,6.550535679E0,-1.434605694E1,1.405875206E1
5.183821204E1,7.113173485E0,-1.434605694E1,1.398932076E1
5.184022620E1,7.630321026E0,-1.437478733E1,1.393664837E1
5.184217932E1,8.082824707E0,-1.444182491E1,1.389834118E1
5.184419348E1,8.465897560E0,-1.454956341E1,1.387439919E1
5.184614661E1,8.774748802E0,-1.468842697E1,1.385763931E1
5.184816077E1,9.014169693E0,-1.483686829E1,1.383369732E1
5.185011389E1,9.184157372E0,-1.498052025E1,1.380496693E1
5.185209753E1,9.306262016E0,-1.508107662E1,1.376665974E1
5.185408118E1,9.452308655E0,-1.505234623E1,1.371398735E1
5.185606482E1,9.605537415E0,-1.487996387E1,1.369722748E1
5.185798743E1,9.576807022E0,-1.482968521E1,1.362061310E1
5.186000159E1,9.504981041E0,-1.488714600E1,1.349132633E1
5.186195471E1,9.514557838E0,-1.495178986E1,1.335725117E1
5.186396887E1,9.653421402E0,-1.498291397E1,1.320162773E1
5.186592200E1,9.938331604E0,-1.498530865E1,1.304121685E1
5.186793616E1,1.032858658E1,-1.498052025E1,1.290714169E1
5.186988928E1,1.075714779E1,-1.496854877E1,1.286165142E1
5.187187293E1,1.117613316E1,-1.492545319E1,1.298136139E1
5.187385657E1,1.157357121E1,-1.485123348E1,1.324711800E1
5.187587073E1,1.195424938E1,-1.474588871E1,1.356554699E1
5.187779334E1,1.230140877E1,-1.459984207E1,1.391270638E1
5.187980750E1,1.259589481E1,-1.442027664E1,1.428859615E1
5.188176062E1,1.283292103E1,-1.421676922E1,1.466687965E1
5.188377478E1,1.300769806E1,-1.398692608E1,1.501164436E1
5.188572790E1,1.312501335E1,-1.374990082E1,1.533246803E1
5.188774207E1,1.319444561E1,-1.352484512E1,1.560540676E1
5.188972571E1,1.325190639E1,-1.328542519E1,1.581370258E1
5.189170935E1,1.328303146E1,-1.301488018E1,1.596214294E1
5.189369299E1,1.324232960E1,-1.274433517E1,1.610100555E1
5.189564612E1,1.312740803E1,-1.250252151E1,1.627578354E1
5.189762976E1,1.296699619E1,-1.228225517E1,1.651280975E1
5.189964392E1,1.284728622E1,-1.208114147E1,1.678814316E1
5.190159705E1,1.280419064E1,-1.191594219E1,1.702277374E1
5.190358069E1,1.282095051E1,-1.176510715E1,1.726219368E1
5.190556433E1,1.285925770E1,-1.160230160E1,1.756865120E1
5.190754797E1,1.286643982E1,-1.143470764E1,1.793735886E1
5.190947058E1,1.283770943E1,-1.129344940E1,1.831564331E1
5.191148474E1,1.278982544E1,-1.119768143E1,1.866280174E1
5.191343787E1,1.272757626E1,-1.114261436E1,1.895968246E1
5.191542151E1,1.265096188E1,-1.110670185E1,1.919670868E1
5.191734412E1,1.259828949E1,-1.109473038E1,1.929008293E1
5.191935828E1,1.246421432E1,-1.107318306E1,1.940500450E1
5.192131140E1,1.230140877E1,-1.106599998E1,1.942176437E1
5.192332556E1,1.209071827E1,-1.108275986E1,1.933078384E1
5.192527869E1,1.185369301E1,-1.110909557E1,1.913206673E1
5.192729285E1,1.164060879E1,-1.116176796E1,1.883997345E1
5.192924597E1,1.149695683E1,-1.126232433E1,1.845450592E1
5.193122961E1,1.144428444E1,-1.142273617E1,1.798045540E1
5.193324377E1,1.150413895E1,-1.164060879E1,1.747288322E1
5.193522742E1,1.163821411E1,-1.187045193E1,1.698686028E1
5.193721106E1,1.177229023E1,-1.207395935E1,1.656787491E1
5.193919470E1,1.185369301E1,-1.224394703E1,1.621353340E1
5.194117835E1,1.187763500E1,-1.235647488E1,1.589031696E1
5.194316199E1,1.186326981E1,-1.241872406E1,1.555752277E1
5.194508460E1,1.178665543E1,-1.245224285E1,1.517684460E1
5.194709876E1,1.166215611E1,-1.249533844E1,1.468603325E1
5.194905188E1,1.153526402E1,-1.255998230E1,1.408030033E1
5.195103552E1,1.140837097E1,-1.264856720E1,1.338119316E1
5.195301916E1,1.126711273E1,-1.274672985E1,1.263659668E1
5.195497229E1,1.109233665E1,-1.284010410E1,1.189439392E1
5.195695593E1,1.086967564E1,-1.293587208E1,1.121444035E1
5.195897009E1,1.061589050E1,-1.302924538E1,1.060870743E1
5.196092322E1,1.032140350E1,-1.312740803E1,1.004128170E1
5.196293738E1,9.986215591E0,-1.322796440E1,9.500192642E0
5.196489050E1,9.600749016E0,-1.332373238E1,8.971074104E0
5.196690466E1,9.186552048E0,-1.340752983E1,8.465897560E0
5.196885779E1,8.767566681E0,-1.346977901E1,7.994239330E0
5.197084143E1,8.355764389E0,-1.348414421E1,7.536946774E0
5.197282507E1,7.953537941E0,-1.343626022E1,7.105990410E0
5.197480872E1,7.563282967E0,-1.334767437E1,6.756437302E0
5.197673132E1,7.175422668E0,-1.323035812E1,6.517016888E0
5.197874548E1,6.787561893E0,-1.309867764E1,6.409277916E0
5.198069861E1,6.411672115E0,-1.294305420E1,6.399701118E0
5.198268225E1,6.062118530E0,-1.275151825E1,6.483498096E0
5.198463538E1,5.753266811E0,-1.257195282E1,6.655880928E0
5.198664954E1,5.516240597E0,-1.242111874E1,6.801927090E0
5.198860266E1,5.322310448E0,-1.224873543E1,6.986280441E0
5.199058630E1,5.133168221E0,-1.205719948E1,7.311892033E0
5.199256995E1,4.951209068E0,-1.184890461E1,7.776367188E0
5.199455359E1,4.778826714E0,-1.162624359E1,8.362946510E0
5.199647620E1,4.508281708E0,-1.149935055E1,8.999804497E0
5.199849036E1,4.194641590E0,-1.144907284E1,9.617507935E0
5.200044348E1,3.885789394E0,-1.141076565E1,1.021845245E1
5.200242712E1,3.574543238E0,-1.134372807E1,1.078587818E1
5.200438025E1,3.270479441E0,-1.124317074E1,1.129105568E1
5.200639441E1,2.952050686E0,-1.111388397E1,1.175074196E1
5.200831702E1,2.609679937E0,-1.097980881E1,1.216972733E1
5.201033118E1,2.260126352E0,-1.089122391E1,1.253125191E1
5.201231482E1,1.963245392E0,-1.085531044E1,1.281855583E1
5.201426794E1,1.790862918E0,-1.088882923E1,1.301009178E1
5.201625159E1,1.783680320E0,-1.101332760E1,1.312022495E1
5.201826575E1,1.936909199E0,-1.122162342E1,1.320881081E1
5.202021887E1,2.178723574E0,-1.146822643E1,1.331415558E1
5.202220252E1,2.425326347E0,-1.170764637E1,1.346738434E1
5.202412512E1,2.628833532E0,-1.192551899E1,1.366849709E1
5.202613928E1,2.806004286E0,-1.210508347E1,1.390073490E1
5.202809241E1,2.973598480E0,-1.226070690E1,1.410663605E1
5.203007605E1,3.138798475E0,-1.241154194E1,1.422634697E1
5.203205969E1,3.313575268E0,-1.255998230E1,1.422874069E1
5.203404334E1,3.478775024E0,-1.270842266E1,1.412339592E1
5.203599646E1,3.567360640E0,-1.283770943E1,1.393425369E1
5.203798010E1,3.588908434E0,-1.297896767E1,1.363018990E1
5.203993323E1,3.586514235E0,-1.317050362E1,1.314416695E1
5.204194739E1,3.550601006E0,-1.344104862E1,1.245224285E1
5.204390051E1,3.459621429E0,-1.378581333E1,1.156878281E1
5.204588416E1,3.342305660E0,-1.415212631E1,1.052491093E1
5.204786780E1,3.229778051E0,-1.446576691E1,9.358934402E0
5.204985144E1,3.165134668E0,-1.469082165E1,8.118738174E0
5.205180457E1,3.155557871E0,-1.482010841E1,6.854599476E0
5.205381873E1,3.162740469E0,-1.485362720E1,5.638344765E0
5.205577185E1,3.150769472E0,-1.482250309E1,4.613626480E0
5.205775549E1,3.088520288E0,-1.473631191E1,3.895366192E0
5.205973914E1,2.987963676E0,-1.453759289E1,3.210624456E0
5.206175330E1,2.901772499E0,-1.413057804E1,2.255337954E0
5.206370642E1,2.937685490E0,-1.346020222E1,1.300051570E0
5.206569006E1,2.889801502E0,-1.281376743E1,7.709329724E-1
5.206767371E1,2.750937700E0,-1.221761131E1,5.291185975E-1
5.206965735E1,2.559401512E0,-1.183453941E1,2.585737705E-1
5.207161047E1,2.248155355E0,-1.168130970E1,-6.464344263E-2
5.207362463E1,1.936909199E0,-1.156878281E1,-3.136404157E-1
5.207557776E1,1.678335428E0,-1.141555405E1,-5.171475410E-1
5.207756140E1,1.424550056E0,-1.121204662E1,-6.536170840E-1
5.207954504E1,1.173158884E0,-1.098938560E1,-6.823474765E-1
5.208155920E1,9.457096457E-1,-1.072841740E1,-5.889736414E-1
5.208351233E1,8.499416113E-1,-1.057997704E1,-5.099649429E-1
5.208549597E1,6.655880809E-1,-1.025436592E1,-2.920926213E-1
5.208747961E1,4.860229492E-1,-9.895236015E0,-3.112462163E-2
5.208946326E1,3.136404157E-1,-9.540893555E0,2.274491638E-1
5.209138586E1,1.173158810E-1,-9.186552048E0,5.195417404E-1
5.209340002E1,-1.077390760E-1,-8.810662270E0,9.217676520E-1
5.209535315E1,-3.782838583E-1,-8.415618896E0,1.424550056E0
5.209733679E1,-6.536170840E-1,-8.037335396E0,1.975216389E0
5.209932043E1,-9.026140571E-1,-7.673416615E0,2.602497339E0
5.210133460E1,-1.132457376E0,-7.311892033E0,3.344699860E0
5.210328772E1,-1.345541358E0,-6.981492043E0,4.187458992E0
5.210527136E1,-1.549048543E0,-6.689399719E0,5.080495834E0
5.210725501E1,-1.731007814E0,-6.430825710E0,5.980715752E0
5.210923865E1,-1.903390408E0,-6.198588371E0,6.842628479E0
5.211116126E1,-2.080561161E0,-6.007051945E0,7.642292023E0
5.211317542E1,-2.276885748E0,-5.875370979E0,8.362946510E0
5.211512854E1,-2.525882721E0,-5.801150799E0,8.954314232E0
5.211714270E1,-2.834734917E0,-5.803544998E0,9.394847870E0
5.211909582E1,-3.201047659E0,-5.849034786E0,9.665391922E0
5.212107947E1,-3.598485231E0,-5.911283970E0,9.765948296E0
5.212306311E1,-3.988739967E0,-5.973533154E0,9.713275909E0
5.212501624E1,-4.331110954E0,-6.028599739E0,9.516951561E0
5.212699988E1,-4.522646904E0,-6.095637321E0,9.174580574E0
5.212901404E1,-4.498704910E0,-6.210559368E0,8.650250435E0
5.213096716E1,-4.276044369E0,-6.399701118E0,7.989450932E0
5.213295081E1,-3.916913986E0,-6.655880928E0,7.256825447E0
5.213490393E1,-3.457227230E0,-6.947973251E0,6.488286495E0
5.213688757E1,-2.911349297E0,-7.261613846E0,5.707777023E0
5.213887122E1,-2.331952572E0,-7.568071365E0,4.963180065E0
5.214088538E1,-1.781286120E0,-7.850587368E0,4.302380562E0
5.214283850E1,-1.316810966E0,-8.061277390E0,3.761290789E0
5.214482214E1,-9.720458984E-1,-8.152256966E0,3.385401249E0
5.214677527E1,-7.517793179E-1,-8.087613106E0,3.236960649E0
5.214875891E1,-5.578489900E-1,-7.867346764E0,3.095702887E0
5.215074255E1,-3.016694188E-1,-7.524975777E0,2.686294317E0
5.215275671E1,-2.154781483E-2,-7.089231014E0,2.097320795E0
5.215470984E1,2.130839527E-1,-6.591237068E0,1.527500629E0
5.215669348E1,3.495534360E-1,-6.078877926E0,1.098938584E0
5.215867712E1,4.022258818E-1,-5.578489780E0,8.379706144E-1
5.216069128E1,3.926490843E-1,-5.133168221E0,7.661445141E-1
5.216264441E1,4.309563041E-1,-4.786009312E0,6.488286853E-1
5.216462805E1,5.410895944E-1,-4.479551315E0,3.543418646E-1
5.216658118E1,6.560112834E-1,-4.204218388E0,5.506663769E-2
5.216859534E1,7.517793179E-1,-4.036623955E0,-1.364694983E-1
5.217054846E1,8.212111592E-1,-3.952826977E0,-2.370259613E-1
5.217256262E1,8.930372596E-1,-3.892971992E0,-3.016694188E-1
5.217451575E1,9.792284966E-1,-3.818751812E0,-3.088520169E-1
5.217649939E1,1.079784989E0,-3.713406801E0,-2.442085743E-1
5.217845252E1,1.189918280E0,-3.581725836E0,-1.292868853E-1
5.218046668E1,1.266532660E0,-3.428496838E0,5.985504389E-2
5.218241980E1,1.300051570E0,-3.258508444E0,2.585737705E-1
5.218440344E1,1.261744261E0,-3.071760893E0,4.884171486E-1
5.218638708E1,1.154005170E0,-2.868253708E0,7.709329724E-1
5.218837073E1,9.768342972E-1,-2.633621931E0,1.127668977E0
5.219032385E1,7.158663273E-1,-2.415749550E0,1.539471745E0
5.219233801E1,3.758896589E-1,-2.274491549E0,1.898601890E0
5.219429114E1,-3.112462163E-2,-2.224213362E0,2.178723574E0
5.219627478E1,-5.291185975E-1,-2.219424963E0,2.458845139E0
5.219825842E1,-1.125274777E0,-2.197877169E0,2.767697096E0
5.220027258E1,-1.788468719E0,-2.145204782E0,3.117250681E0
5.220222571E1,-2.480392933E0,-2.044648170E0,3.490746021E0
5.220420935E1,-3.134010077E0,-1.893813491E0,3.806780815E0
5.220619299E1,-3.718195200E0,-1.759738207E0,4.043806553E0
5.220817664E1,-4.211400986E0,-1.649604917E0,4.132391930E0
5.221012976E1,-4.661510944E0,-1.599326730E0,4.115632534E0
5.221214392E1,-5.082890034E0,-1.594538331E0,4.098873138E0
5.221409705E1,-5.418078423E0,-1.594538331E0,4.089296341E0
5.221611121E1,-5.645527840E0,-1.606509328E0,4.106055737E0
5.221806433E1,-5.774814606E0,-1.620874524E0,4.175487995E0
5.222004797E1,-5.770026207E0,-1.620874524E0,4.244919777E0
5.222203162E1,-5.607220173E0,-1.592144132E0,4.283226967E0
5.222401526E1,-5.334281445E0,-1.549048543E0,4.314351559E0
5.222596838E1,-4.972756863E0,-1.496376038E0,4.340687752E0
5.222798254E1,-4.546588898E0,-1.458068848E0,4.343081951E0
5.222993567E1,-4.091690540E0,-1.441309452E0,4.319139957E0
5.223191931E1,-3.655946016E0,-1.448492050E0,4.283226967E0
5.223384192E1,-3.248931646E0,-1.477222443E0,4.240131378E0
5.223585608E1,-2.844311714E0,-1.498770237E0,4.144362926E0
5.223783972E1,-2.430114746E0,-1.510741234E0,3.971980572E0
5.223982336E1,-1.989581585E0,-1.551442742E0,3.720589399E0
5.224180701E1,-1.503558636E0,-1.613691926E0,3.390189648E0
5.224379065E1,-9.313444495E-1,-1.666364431E0,2.968810081E0
5.224574377E1,-3.160346150E-1,-1.721431017E0,2.492363930E0
5.224775793E1,2.729389966E-1,-1.776497602E0,2.013523579E0
5.224971106E1,8.020575643E-1,-1.786074519E0,1.568202138E0
5.225172522E1,1.228225470E0,-1.697489023E0,1.218648672E0
5.225367835E1,1.517923832E0,-1.484405041E0,1.031900883E0
5.225566199E1,1.651999116E0,-1.182735682E0,1.015141487E0
5.225764563E1,1.673547029E0,-7.996633649E-1,1.098938584E0
5.225965979E1,1.637633920E0,-3.615244627E-1,1.213860273E0
5.226161292E1,1.604115129E0,-1.316810995E-1,1.266532660E0
5.226359656E1,1.400607944E0,5.410895944E-1,1.434126854E0
5.226554968E1,1.278503656E0,7.422025204E-1,1.520318031E0
5.226756384E1,9.337386489E-1,1.082179189E0,1.745373011E0
5.226951697E1,4.908113480E-1,1.345541358E0,2.023100376E0
5.227153113E1,2.394201700E-3,1.537077546E0,2.348711967E0
5.227345374E1,-5.171475410E-1,1.656787634E0,2.729389906E0
5.227546790E1,-1.043871999E0,1.709460020E0,3.174711466E0
5.227745154E1,-1.561019540E0,1.711854219E0,3.691859007E0
5.227943518E1,-2.059013367E0,1.675941229E0,4.235342979E0
5.228135779E1,-2.530671120E0,1.613691926E0,4.786009312E0
5.228337195E1,-2.959233284E0,1.556231141E0,5.339069843E0
5.228532507E1,-3.347094059E0,1.515529633E0,5.837063789E0
5.228730872E1,-3.687070608E0,1.482010841E0,6.258443356E0
5.228929236E1,-3.979163170E0,1.460463047E0,6.596025467E0
5.229130652E1,-4.235342979E0,1.462857246E0,6.828263283E0
5.229325964E1,-4.446032524E0,1.486799240E0,6.979097843E0
5.229524329E1,-4.604049683E0,1.529894829E0,7.072471619E0
5.229722693E1,-4.707000732E0,1.582567334E0,7.125144482E0
5.229924109E1,-4.759673119E0,1.647210717E0,7.139509678E0
5.230119421E1,-4.774038315E0,1.721431017E0,7.137115479E0
5.230317786E1,-4.745307922E0,1.814804912E0,7.141903877E0
5.230516150E1,-4.683058739E0,1.915361404E0,7.156269073E0
5.230714514E1,-4.572925091E0,2.006340981E0,7.156269073E0
5.230906775E1,-4.412513733E0,2.085349798E0,7.132327080E0
5.231108191E1,-4.223371983E0,2.152387381E0,7.086836815E0
5.231303503E1,-3.998316765E0,2.207453966E0,7.043741226E0
5.231501868E1,-3.734954596E0,2.231395960E0,7.012616634E0
5.231697180E1,-3.438073635E0,2.229001760E0,6.993463039E0
5.231895544E1,-3.102885485E0,2.243366957E0,6.976703644E0
5.232093909E1,-2.729389906E0,2.264914751E0,6.940790653E0
5.232295325E1,-2.339135170E0,2.296039343E0,6.885724068E0
5.232490637E1,-1.932120800E0,2.348711967E0,6.828263283E0
5.232692053E1,-1.556231141E0,2.432508945E0,6.782773495E0
5.232887366E1,-1.237802267E0,2.497152328E0,6.768408298E0
5.233085730E1,-9.911994934E-1,2.552218914E0,6.766014099E0
5.233284094E1,-7.685387731E-1,2.619256735E0,6.780379295E0
5.233482458E1,-5.267243981E-1,2.662352324E0,6.799532890E0
5.233680823E1,-2.825157940E-1,2.683900118E0,6.801927090E0
5.233882239E1,-6.943184882E-2,2.710236311E0,6.809109688E0
5.234077551E1,1.149216816E-1,2.734178305E0,6.837840080E0
5.234275916E1,2.777273953E-1,2.753331900E0,6.885724068E0
5.234471228E1,4.141969085E-1,2.755726099E0,6.969521046E0
5.234672644E1,5.075707436E-1,2.765302896E0,7.074865818E0
5.234867957E1,5.554547906E-1,2.782062292E0,7.192182064E0
5.235069373E1,5.722141862E-1,2.806004286E0,7.290344238E0
5.235261633E1,5.841852427E-1,2.841917515E0,7.366958618E0
5.235463049E1,5.985504389E-1,2.889801502E0,7.438784599E0
5.235658362E1,5.985504389E-1,2.947262287E0,7.520187378E0
5.235856726E1,5.793967843E-1,3.007117271E0,7.623138428E0
5.236048987E1,5.410895944E-1,3.069366693E0,7.742848396E0
5.236250403E1,4.764461517E-1,3.129221678E0,7.893682957E0
5.236445715E1,3.974374831E-1,3.179499865E0,8.068459511E0
5.236644080E1,3.136404157E-1,3.210624456E0,8.248024940E0
5.236842444E1,2.274491638E-1,3.213018656E0,8.415618896E0
5.237040808E1,1.891419291E-1,3.196259260E0,8.566453934E0
5.237233069E1,2.274491638E-1,3.172317266E0,8.662221909E0
5.237434485E1,4.118026793E-1,3.184288263E0,8.700529099E0
5.237629797E1,7.134721279E-1,3.265691042E0,8.669404030E0
5.237828162E1,9.959878922E-1,3.383007050E0,8.604761124E0
5.238020422E1,1.113303781E0,3.430891037E0,8.549694061E0
5.238221838E1,9.983820915E-1,3.375824451E0,8.571242332E0
5.238417151E1,6.799532771E-1,3.277662039E0,8.712499619E0
5.238615515E1,2.609679997E-1,3.198653460E0,8.956708908E0
5.238813879E1,-1.364694983E-1,3.181894064E0,9.210494041E0
5.239012244E1,-4.525041282E-1,3.239354849E0,9.346963882E0
5.239204504E1,-6.703764796E-1,3.373430252E0,9.334992409E0
5.239405920E1,-8.140285611E-1,3.543418407E0,9.198522568E0
5.239604285E1,-8.978256583E-1,3.732560396E0,9.011775017E0
5.239802649E1,-9.313444495E-1,3.904942989E0,8.825027466E0
5.239997961E1,-1.022324085E0,4.055777550E0,9.050082207E0
5.240199377E1,-1.407790542E0,4.223371983E0,1.093910789E1
5.240394690E1,-1.963245392E0,4.393360138E0,1.323754120E1
5.240593054E1,-2.221819162E0,4.441244125E0,1.363976669E1
5.240791418E1,-2.116474390E0,4.371812344E0,1.270123959E1
5.240992835E1,-1.944091797E0,4.242525578E0,1.169567490E1
5.241185095E1,-1.948880196E0,4.050989151E0,1.123598862E1
5.241386511E1,-2.166752577E0,3.801992416E0,1.130302620E1
5.241584876E1,-2.272097349E0,3.636792421E0,1.129344940E1
5.241786292E1,-2.262520552E0,3.555389643E0,1.107318306E1
5.241981604E1,-2.260126352E0,3.488351822E0,1.076193619E1
5.242179968E1,-2.252943754E0,3.418920040E0,1.039801788E1
5.242378332E1,-2.207453966E0,3.342305660E0,9.940725327E0
5.242576697E1,-2.157175779E0,3.308786631E0,9.684545517E0
5.242768958E1,-2.008735180E0,3.287238836E0,9.150638580E0
5.242967322E1,-1.702277422E0,3.361459255E0,8.449137688E0
5.243165686E1,-1.106121182E0,3.552995205E0,7.149086475E0
5.243367102E1,-3.974374831E-1,3.778050184E0,5.078101635E0
5.243562415E1,3.950432837E-1,4.041412354E0,2.717418909E0
5.243763831E1,7.493851185E-1,4.247313976E0,1.371877551E0
5.243959143E1,1.484405100E-1,4.264073372E0,2.245761156E0
5.244160559E1,-8.906430602E-1,4.189853191E0,4.314351559E0
5.244355872E1,-1.786074519E0,4.108449936E0,5.983109951E0
5.244554236E1,-2.128445387E0,4.137180328E0,6.739677906E0
5.244752600E1,-1.932120800E0,4.285621166E0,6.600813866E0
5.244950964E1,-1.391031146E0,4.484339714E0,5.868188381E0
5.245146277E1,-7.469909191E-1,4.630385876E0,4.848258495E0
5.245347693E1,-1.604115069E-1,4.695029736E0,3.948038578E0
5.245543005E1,2.992752194E-1,4.697423935E0,3.344699860E0
5.245741370E1,5.985504389E-1,4.663905144E0,3.126827478E0
5.245933630E1,8.020575643E-1,4.611232281E0,3.227383852E0
5.246135046E1,9.600749016E-1,4.532223701E0,3.428496838E0
5.246330359E1,1.041477680E0,4.395754337E0,3.665522814E0
5.246528723E1,1.082179189E0,4.228160381E0,3.993528366E0
5.246724036E1,1.165976286E0,4.055777550E0,4.357447147E0
5.246925452E1,1.376665950E0,3.904942989E0,4.604049683E0
5.247120764E1,1.678335428E0,3.782838583E0,4.663905144E0
5.247322180E1,2.025494576E0,3.682282209E0,4.659116745E0
5.247517493E1,2.396595955E0,3.610456228E0,4.659116745E0
5.247715857E1,2.770091295E0,3.576937437E0,4.683058739E0
5.247908118E1,3.134010077E0,3.574543238E0,4.718971729E0
5.248109534E1,3.488351822E0,3.586514235E0,4.829104900E0
5.248304846E1,3.775655985E0,3.579331636E0,5.044582844E0
5.248503210E1,3.869029999E0,3.445256233E0,5.348646641E0
5.248701575E1,3.883395195E0,3.284844637E0,5.736507416E0
5.248899939E1,3.916913986E0,3.196259260E0,6.184223175E0
5.249092200E1,3.979163170E0,3.172317266E0,6.667851925E0
5.249293616E1,4.074931145E0,3.203441858E0,7.082048416E0
5.249488928E1,4.173093796E0,3.253720045E0,7.450755596E0
5.249687293E1,4.261679173E0,3.325546265E0,7.848193169E0
5.249882605E1,4.359841347E0,3.428496838E0,8.288725853E0
5.250084021E1,4.481945515E0,3.562572241E0,8.798690796E0
5.250279334E1,4.666299343E0,3.732560396E0,9.337387085E0
5.250477698E1,4.869806290E0,3.904942989E0,9.861717224E0
5.250676062E1,5.025429249E0,3.964797974E0,1.029985619E1
5.250874426E1,4.975151062E0,3.957615376E0,1.074757099E1
5.251066687E1,4.314351559E0,4.304774761E0,1.243548393E1
5.251268103E1,3.780444384E0,4.683058739E0,1.403959846E1
5.251463416E1,3.684676409E0,4.893748283E0,1.471715832E1
5.251661780E1,3.734954596E0,4.975151062E0,1.503079796E1
5.251857092E1,3.706224203E0,4.984727859E0,1.532289124E1
5.252058508E1,3.641580820E0,5.006275654E0,1.559343529E1
5.252253821E1,3.591302633E0,5.078101635E0,1.587355709E1
5.252452185E1,3.452438831E0,5.125985622E0,1.624226379E1
5.252650549E1,3.124433279E0,5.090072632E0,1.666364288E1
5.252848914E1,2.657563925E0,4.984727859E0,1.698207283E1
5.253047278E1,2.171540976E0,4.857835293E0,1.719276237E1
5.253245642E1,1.740584612E0,4.735731125E0,1.731726074E1
5.253440955E1,1.381454349E0,4.627991676E0,1.728613663E1
5.253639319E1,1.079784989E0,4.541800499E0,1.715684891E1
5.253837683E1,7.972691655E-1,4.460397720E0,1.700840950E1
5.254036047E1,5.386953950E-1,4.390965939E0,1.684081459E1
5.254231360E1,3.064578176E-1,4.316745758E0,1.663730812E1
5.254432776E1,9.337386489E-2,4.228160381E0,1.643140602E1
5.254628088E1,-9.337386489E-2,4.146757126E0,1.623029327E1
5.254823401E1,-2.561795712E-1,4.074931145E0,1.601960373E1
5.255021765E1,-3.926490843E-1,4.027047157E0,1.578497219E1
5.255220129E1,-4.908113480E-1,3.986345768E0,1.551921558E1
5.255415442E1,-5.554547906E-1,3.938461781E0,1.520078659E1
5.255613806E1,-5.674257874E-1,3.940855980E0,1.478180122E1
5.255812170E1,-5.099649429E-1,4.029441357E0,1.423352909E1
5.256010535E1,-4.141969085E-1,4.168305397E0,1.360864258E1
5.256205847E1,-3.064578176E-1,4.295197964E0,1.296699619E1
5.256407263E1,-2.130839527E-1,4.378994942E0,1.236605167E1
5.256602576E1,-1.795651317E-1,4.398148537E0,1.209071827E1
5.256797888E1,-1.604115069E-1,4.364629745E0,1.160230160E1
5.256996252E1,-1.580173075E-1,4.264073372E0,1.118810463E1
5.257194617E1,-1.604115069E-1,4.134786129E0,1.081700325E1
5.257389929E1,-1.460463107E-1,3.986345768E0,1.044350815E1
5.257588293E1,-1.556231081E-1,3.813963413E0,1.011550236E1
5.257786658E1,-1.795651317E-1,3.655946016E0,9.804255486E0
5.257985022E1,-1.843535304E-1,3.505111217E0,9.485827446E0
5.258180335E1,-1.580173075E-1,3.373430252E0,9.160215378E0
5.258381751E1,-6.703764945E-2,3.263296843E0,8.846575737E0
5.258577063E1,5.746084079E-2,3.148375273E0,8.568847656E0
5.258772376E1,5.985504389E-2,3.009511471E0,8.437167168E0
5.258970740E1,-1.364694983E-1,2.817975283E0,8.487444878E0
5.259169104E1,-3.375824392E-1,2.628833532E0,8.576030731E0
5.259364416E1,-4.572925270E-1,2.482787132E0,8.669404030E0
5.259562781E1,-5.291185975E-1,2.377442360E0,8.774748802E0
5.259761145E1,-6.224924326E-1,2.300827742E0,8.892065048E0
5.259956458E1,-7.781155705E-1,2.245761156E0,9.023746490E0
5.260154822E1,-9.792284966E-1,2.214636564E0,9.169792175E0
5.260356238E1,-1.233013868E0,2.190694571E0,9.296685219E0
5.260551550E1,-1.565807939E0,2.173935175E0,9.399636269E0
5.260749915E1,-1.987187386E0,2.152387381E0,9.485827446E0
5.260948279E1,-2.468421936E0,2.114080191E0,9.569623947E0
5.261146643E1,-2.956839085E0,2.082955360E0,9.653421402E0
5.261412146E1,-3.655946016E0,2.118868589E0,9.797073364E0
5.261543372E1,-3.847482204E0,2.176329374E0,9.837775230E0
5.261738684E1,-4.127603531E0,2.346317768E0,9.837775230E0
5.261937048E1,-4.283226967E0,2.547430515E0,9.737217903E0
5.262135413E1,-4.343081951E0,2.834734917E0,9.581595421E0
5.262333777E1,-4.355052948E0,3.172317266E0,9.394847870E0
5.262532141E1,-4.417302132E0,3.454833031E0,9.251194954E0
5.262730505E1,-4.520252705E0,3.643975019E0,9.167398453E0
5.262925818E1,-4.644751072E0,3.761290789E0,9.114726067E0
5.263127234E1,-4.774038315E0,3.823540211E0,9.090784073E0
5.263398840E1,-4.948814869E0,3.818751812E0,9.057265282E0
5.263520911E1,-4.994304657E0,3.792415380E0,9.035717010E0
5.263719275E1,-5.073313236E0,3.715801001E0,8.983044624E0
5.263917639E1,-5.135562420E0,3.603273630E0,8.923190117E0
5.264112952E1,-5.204994678E0,3.473986626E0,8.846575737E0
5.264314368E1,-5.255272865E0,3.323152065E0,8.743624687E0
5.264509680E1,-5.262455463E0,3.157952070E0,8.633491516E0
5.264708044E1,-5.255272865E0,2.978386879E0,8.523358345E0
5.264903357E1,-5.240907669E0,2.786850691E0,8.422801971E0
5.265101721E1,-5.147533417E0,2.566584110E0,8.305485725E0
5.265300085E1,-4.692635536E0,2.348711967E0,8.020575523E0
5.265498450E1,-3.969586372E0,2.171540976E0,7.565677166E0
5.265690710E1,-3.399766445E0,2.037465572E0,7.184999466E0
5.265892127E1,-3.124433279E0,1.891419291E0,6.986280441E0
5.266093543E1,-3.023876667E0,1.752555609E0,6.945579052E0
5.266291907E1,-2.937685490E0,1.625662923E0,6.971915245E0
5.266490271E1,-2.803610086E0,1.517923832E0,7.024587631E0
5.266691687E1,-2.633621931E0,1.422155857E0,7.101202011E0
5.266890051E1,-2.463633537E0,1.343147159E0,7.218518257E0
5.267088416E1,-2.303221941E0,1.278503656E0,7.364564419E0
5.267280676E1,-2.164358377E0,1.233013868E0,7.546523571E0
5.267482092E1,-2.035071373E0,1.213860273E0,7.747636795E0
5.267677405E1,-1.912967205E0,1.197100878E0,7.970297337E0
5.267875769E1,-1.800439715E0,1.187524080E0,8.209717751E0
5.268074133E1,-1.678335428E0,1.173158884E0,8.449137688E0
5.268275549E1,-1.539471745E0,1.170764685E0,8.674192429E0
5.268470862E1,-1.391031146E0,1.175553083E0,8.894459724E0
5.268669226E1,-1.249773264E0,1.197100878E0,9.112331390E0
5.268867590E1,-1.127668977E0,1.221042871E0,9.339780807E0
5.269069006E1,-1.031900883E0,1.244984865E0,9.598354340E0
5.269267371E1,-9.672574997E-1,1.268926859E0,9.888052940E0
5.269465735E1,-9.169792533E-1,1.295263171E0,1.020408726E1
5.269664099E1,-8.714894056E-1,1.326387763E0,1.052969933E1
5.269862463E1,-8.403648138E-1,1.352723956E0,1.086488724E1
5.270057776E1,-8.092401624E-1,1.391031146E0,1.118570995E1
5.270259192E1,-7.829039693E-1,1.429338455E0,1.149456215E1
5.270454504E1,-7.589619160E-1,1.465251446E0,1.179383755E1
5.270655920E1,-7.038952708E-1,1.515529633E0,1.205959415E1
5.270848181E1,-6.057330370E-1,1.575384736E0,1.228464890E1
5.271049597E1,-4.596867263E-1,1.654393315E0,1.248336792E1
5.271244910E1,-2.777273953E-1,1.764526606E0,1.265096188E1
5.271443274E1,-6.703764945E-2,1.910573006E0,1.278503704E1
5.271644690E1,1.604115069E-1,2.063801765E0,1.290953541E1
5.271846106E1,3.758896589E-1,2.212242365E0,1.300290966E1
5.272041418E1,5.506663918E-1,2.346317768E0,1.305797577E1
5.272239783E1,6.895300746E-1,2.461239338E0,1.308670616E1
5.272435095E1,7.996633649E-1,2.564189911E0,1.306276417E1
5.272633460E1,8.834604025E-1,2.664746523E0,1.298614979E1
5.272825720E1,9.409212470E-1,2.765302896E0,1.288080502E1
5.273027136E1,9.864110947E-1,2.863465309E0,1.274912453E1
5.273222449E1,1.022324085E0,2.964021683E0,1.259828949E1
5.273420813E1,1.063025594E0,3.055001259E0,1.243787766E1
5.273619177E1,1.098938584E0,3.148375273E0,1.226788998E1
5.273817542E1,1.130063176E0,3.222595453E0,1.206917095E1
5.274012854E1,1.144428372E0,3.251325846E0,1.195903778E1
5.274214270E1,1.177947283E0,3.349488258E0,1.157357121E1
5.274415686E1,1.197100878E0,3.409343243E0,1.128387260E1
5.274610999E1,1.218648672E0,3.469198227E0,1.095347309E1
5.274812415E1,1.249773264E0,3.517082214E0,1.059673691E1
5.275010779E1,1.288080573E0,3.560178041E0,1.024000072E1
5.275212195E1,1.328781962E0,3.610456228E0,9.883264542E0
5.275410559E1,1.364694953E0,3.655946016E0,9.538499832E0
5.275608923E1,1.383848548E0,3.703830004E0,9.208099365E0
5.275810339E1,1.376665950E0,3.746925592E0,8.877699852E0
5.276008704E1,1.333570361E0,3.770867586E0,8.542511940E0
5.276207068E1,1.244984865E0,3.778050184E0,8.207323074E0
5.276405432E1,1.103726983E0,3.773261786E0,7.850587368E0
5.276603796E1,9.289502501E-1,3.737348795E0,7.536946774E0
5.276796057E1,8.331822157E-1,3.711012602E0,7.374141216E0
5.276997473E1,6.272808313E-1,3.667917013E0,7.022193432E0
5.277198889E1,2.944868207E-1,3.584120035E0,6.579266071E0
5.277400305E1,3.830722719E-2,3.509899616E0,6.330269337E0
5.277598669E1,-2.346317619E-1,3.426102638E0,6.074089527E0
5.277797034E1,-5.027823448E-1,3.342305660E0,5.853823185E0
5.277998450E1,-7.517793179E-1,3.270479441E0,5.662287235E0
5.278196814E1,-9.744400978E-1,3.201047659E0,5.480327606E0
5.278395178E1,-1.168370485E0,3.155557871E0,5.315127850E0
5.278596594E1,-1.328781962E0,3.134010077E0,5.142745018E0
5.278791907E1,-1.458068848E0,3.124433279E0,4.972756863E0
5.278990271E1,-1.546654344E0,3.122039080E0,4.821922302E0
5.279188635E1,-1.606509328E0,3.141192675E0,4.685452938E0
5.279387000E1,-1.623268723E0,3.153163671E0,4.620809078E0
5.279579260E1,-1.644816518E0,3.181894064E0,4.501099110E0
5.279780676E1,-1.642422318E0,3.232172251E0,4.371812344E0
5.279975989E1,-1.594538331E0,3.296815634E0,4.244919777E0
5.280177405E1,-1.503558636E0,3.378218651E0,4.158728123E0
5.280372717E1,-1.371877551E0,3.464409828E0,4.089296341E0
5.280574133E1,-1.225831270E0,3.555389643E0,4.031835556E0
5.280769446E1,-1.070208192E0,3.639186621E0,4.005499363E0
5.280967810E1,-9.169792533E-1,3.732560396E0,4.029441357E0
5.281166174E1,-7.829039693E-1,3.830722809E0,4.091690540E0
5.281367590E1,-6.560112834E-1,3.916913986E0,4.177882195E0
5.281562903E1,-5.315127969E-1,4.007893562E0,4.292803764E0
5.281761267E1,-4.046200812E-1,4.098873138E0,4.448426723E0
5.281959631E1,-2.777273953E-1,4.180276394E0,4.618414879E0
5.282161047E1,-1.484405100E-1,4.252102375E0,4.788403511E0
5.282356360E1,-7.182605099E-3,4.321534157E0,4.960785866E0
5.282554724E1,1.244984865E-1,4.388571739E0,5.128379822E0
5.282750037E1,2.633621991E-1,4.469974518E0,5.288791656E0
5.282951453E1,4.189853072E-1,4.558559895E0,5.456385612E0
5.283146765E1,5.865794420E-1,4.644751072E0,5.619191170E0
5.283348181E1,7.565677166E-1,4.718971729E0,5.777208805E0
5.283543494E1,9.337386489E-1,4.802768707E0,5.925649166E0
5.283741858E1,1.101332784E0,4.903325081E0,6.081272125E0
5.283940222E1,1.247379065E0,5.006275654E0,6.275202751E0
5.284138586E1,1.357512355E0,5.094861031E0,6.528987885E0
5.284333899E1,1.441309452E0,5.178658485E0,6.806715488E0
5.284532263E1,1.508347034E0,5.252878666E0,7.079654217E0
5.284730627E1,1.544260144E0,5.317522049E0,7.364564419E0
5.284928992E1,1.558625340E0,5.365406036E0,7.656657219E0
5.285121252E1,1.549048543E0,5.389348030E0,7.929595947E0
5.285322668E1,1.477222443E0,5.396530628E0,8.185775757E0
5.285517981E1,1.374271750E0,5.389348030E0,8.413225174E0
5.285716345E1,1.254561663E0,5.370194435E0,8.604761124E0
5.285914710E1,1.125274777E0,5.351040840E0,8.765172005E0
5.286116126E1,1.041477680E0,5.343858242E0,8.906430244E0
5.286311438E1,1.005564690E0,5.365406036E0,9.004592896E0
5.286509802E1,1.010353088E0,5.394136429E0,9.045293808E0
5.286708166E1,1.039083481E0,5.403713226E0,9.042900085E0
5.286906531E1,1.070208192E0,5.403713226E0,8.992621422E0
5.287098792E1,1.096544385E0,5.396530628E0,8.913613319E0
5.287300208E1,1.101332784E0,5.379771233E0,8.836998940E0
5.287495520E1,1.089361787E0,5.348646641E0,8.777143478E0
5.287693884E1,1.072602391E0,5.315127850E0,8.724471092E0
5.287892249E1,1.055842996E0,5.279214859E0,8.664615631E0
5.288093665E1,1.024718285E0,5.238513470E0,8.573636055E0
5.288288977E1,9.816226959E-1,5.193023682E0,8.470685959E0
5.288490393E1,9.193734527E-1,5.135562420E0,8.372523308E0
5.288685706E1,8.379706144E-1,5.068524837E0,8.274360657E0
5.288884070E1,7.541735172E-1,4.984727859E0,8.169015884E0
5.289082434E1,6.344634295E-1,4.874594688E0,8.090007782E0
5.289280798E1,4.525041282E-1,4.738125324E0,8.063671112E0
5.289476111E1,2.322375625E-1,4.563348293E0,8.075642586E0
5.289674475E1,7.182605099E-3,4.359841347E0,8.109161377E0
5.289869788E1,-1.843535304E-1,4.170699596E0,8.133103371E0
5.290068152E1,-3.303998411E-1,4.024652958E0,8.133103371E0
5.290260413E1,-4.189853072E-1,3.924096584E0,8.075642586E0
5.290461829E1,-4.405331016E-1,3.871424198E0,7.943961143E0
5.290660193E1,-4.333505034E-1,3.864241600E0,7.764396191E0
5.290858557E1,-4.261679053E-1,3.883395195E0,7.582436562E0
5.291053870E1,-4.525041282E-1,3.943250179E0,7.450755596E0
5.291255286E1,-4.668693244E-1,4.036623955E0,7.273584843E0
5.291450598E1,-4.189853072E-1,4.132391930E0,7.146692276E0
5.291648962E1,-3.543418646E-1,4.232948780E0,7.115567684E0
5.291847327E1,-3.136404157E-1,4.357447147E0,7.108384609E0
5.292048743E1,-2.896983922E-1,4.486733913E0,7.086836815E0
5.292244055E1,-2.609679997E-1,4.611232281E0,7.046135426E0
5.292439368E1,-2.298433632E-1,4.733336926E0,7.017405033E0
5.292637732E1,-1.915361285E-1,4.826710701E0,6.988674641E0
5.292839148E1,-1.388636976E-1,4.876988888E0,7.101202011E0
5.293034460E1,-7.900865376E-2,4.915296078E0,7.285555840E0
5.293232825E1,-1.675941236E-2,4.965574265E0,7.407660007E0
5.293431189E1,7.661445439E-2,5.020640850E0,7.400477409E0
5.293629553E1,1.987187415E-1,5.087678432E0,7.275979042E0
5.293821814E1,3.208230138E-1,5.173870087E0,7.108384609E0
5.294023230E1,4.405331016E-1,5.274426460E0,6.928819656E0
5.294218543E1,5.602431893E-1,5.374982834E0,6.734889507E0
5.294413855E1,6.751648784E-1,5.456385612E0,6.562506676E0
5.294612219E1,7.852981687E-1,5.511452198E0,6.416460514E0
5.294813635E1,8.690952063E-1,5.544970989E0,6.294356346E0
5.295008948E1,9.145850539E-1,5.559336185E0,6.205770969E0
5.295207312E1,9.457096457E-1,5.535394192E0,6.136339188E0
5.295405676E1,9.840168953E-1,5.489904404E0,6.057330132E0
5.295604040E1,1.000776291E0,5.468356609E0,6.016628742E0
5.295796301E1,1.031900883E0,5.422866821E0,5.951985359E0
5.295997717E1,1.063025594E0,5.386953831E0,5.925649166E0
5.296193030E1,1.091755986E0,5.343858242E0,5.928043365E0
5.296388342E1,1.122880578E0,5.298368454E0,5.935225964E0
5.296586707E1,1.156399369E0,5.252878666E0,5.942408562E0
5.296788123E1,1.177947283E0,5.204994678E0,5.961562157E0
5.296983435E1,1.185129881E0,5.157110691E0,5.983109951E0
5.297181799E1,1.185129881E0,5.116408825E0,6.023811340E0
5.297380164E1,1.177947283E0,5.073313236E0,6.095637321E0
5.297578528E1,1.132457376E0,5.015852451E0,6.198588371E0
5.297773840E1,1.041477680E0,4.939238071E0,6.315904140E0
5.297972205E1,9.217676520E-1,4.841075897E0,6.445190907E0
5.298164465E1,7.637503147E-1,4.738125324E0,6.552929878E0
5.298365881E1,5.770025849E-1,4.639962673E0,6.651092529E0
5.298561194E1,3.663128614E-1,4.539406300E0,6.761225700E0
5.298762610E1,1.532289088E-1,4.446032524E0,6.854599476E0
5.298957922E1,-4.070143029E-2,4.364629745E0,6.955155849E0
5.299159338E1,-1.532289088E-1,4.314351559E0,7.223306656E0
5.299354651E1,-1.987187415E-1,4.297592163E0,7.678205013E0
5.299553015E1,-2.250549644E-1,4.295197964E0,8.161833763E0
5.299751379E1,-2.561795712E-1,4.295197964E0,8.595184326E0
5.299952795E1,-3.160346150E-1,4.297592163E0,8.966285706E0
5.300148108E1,-4.070142806E-1,4.311957359E0,9.205705643E0
5.300346472E1,-5.099649429E-1,4.323928356E0,9.313444138E0
5.300544836E1,-6.009446383E-1,4.343081951E0,9.387664795E0
5.300743201E1,-6.607996821E-1,4.362235546E0,9.478644371E0
5.300935461E1,-6.536170840E-1,4.398148537E0,9.576807022E0
5.301136877E1,-5.722141862E-1,4.443638325E0,9.691728592E0
5.301332190E1,-4.285621047E-1,4.496310711E0,9.830592155E0
5.301530554E1,-2.346317619E-1,4.556165695E0,9.988609314E0
5.301728918E1,4.788403399E-3,4.616020679E0,1.014902115E1
5.301930335E1,2.681505978E-1,4.668693542E0,1.030464458E1
5.302125647E1,5.506663918E-1,4.723760128E0,1.041956615E1
5.302324011E1,8.355764151E-1,4.774038315E0,1.050096893E1
5.302519324E1,1.115697980E0,4.821922302E0,1.055124664E1
5.302720740E1,1.381454349E0,4.869806290E0,1.057758331E1
5.302916052E1,1.628057122E0,4.920084476E0,1.059194851E1
5.303114416E1,1.843535304E0,4.955997467E0,1.057518864E1
5.303312781E1,2.032677174E0,4.977545261E0,1.053209305E1
5.303514197E1,2.183511972E0,4.991910458E0,1.047702694E1
5.303709509E1,2.315192938E0,5.013458252E0,1.041238308E1
5.303907874E1,2.415749550E0,5.027823448E0,1.035252857E1
5.304106238E1,2.482787132E0,5.027823448E0,1.028070164E1
5.304304602E1,2.506729126E0,5.042188644E0,1.019211674E1
5.304496863E1,2.506729126E0,5.056553841E0,1.009874249E1
5.304698279E1,2.499546528E0,5.063736439E0,9.995792389E0
5.304893591E1,2.473210335E0,5.063736439E0,9.890447617E0
5.305091956E1,2.415749550E0,5.066130638E0,9.789890289E0
5.305290320E1,2.329558372E0,5.066130638E0,9.701305389E0
5.305491736E1,2.233790159E0,5.049371243E0,9.631873131E0
5.305687048E1,2.128445387E0,5.027823448E0,9.574412346E0
5.305885413E1,1.968033791E0,4.996698856E0,9.557653427E0
5.306083777E1,1.774103403E0,4.975151062E0,9.569623947E0
5.306282141E1,1.568202138E0,4.955997467E0,9.564835548E0
5.306477454E1,1.352723956E0,4.924872875E0,9.562441826E0
5.306678870E1,1.180341482E0,4.917690277E0,9.545681953E0
5.306874182E1,1.027112484E0,4.915296078E0,9.502586365E0
5.307072546E1,9.145850539E-1,4.920084476E0,9.421183586E0
5.307270911E1,8.499416113E-1,4.955997467E0,9.265560150E0
5.307472327E1,7.972691655E-1,4.979939461E0,9.064447403E0
5.307667639E1,7.469909191E-1,5.008669853E0,8.844181061E0
5.307869055E1,6.440402865E-1,5.049371243E0,8.669404030E0
5.308064368E1,5.626373887E-1,5.085284233E0,8.554482460E0
5.308262732E1,6.129156351E-1,5.128379822E0,8.346187592E0
5.308461096E1,7.158663273E-1,5.169081688E0,8.090007782E0
5.308659460E1,8.259995580E-1,5.209783077E0,7.833827972E0
5.308851721E1,8.906430602E-1,5.190629482E0,7.580042362E0
5.309053137E1,8.451532125E-1,5.106832027E0,7.393294811E0
5.309248450E1,6.631938815E-1,4.999093056E0,7.371747017E0
5.309446814E1,4.189853072E-1,4.886565685E0,7.493851185E0
5.309645178E1,2.106897533E-1,4.788403511E0,7.697358608E0
5.309846594E1,6.703764945E-2,4.714183331E0,7.948749542E0
5.310041907E1,-4.070143029E-2,4.656722069E0,8.240841866E0
5.310240271E1,-1.460463107E-1,4.572925091E0,8.564059258E0
5.310435584E1,-2.585737705E-1,4.474762917E0,8.875306129E0
5.310637000E1,-3.399766386E-1,4.402936935E0,9.105149269E0
5.310832312E1,-3.734954596E-1,4.374206543E0,9.253589630E0
5.311030676E1,-3.734954596E-1,4.347870350E0,9.339780807E0
5.311229040E1,-3.734954596E-1,4.297592163E0,9.414001465E0
5.311430457E1,-3.758896589E-1,4.256890774E0,9.519346237E0
5.311625769E1,-3.687070608E-1,4.218583584E0,9.646238327E0
5.311824133E1,-3.280056417E-1,4.185064793E0,9.777919769E0
5.312022498E1,-2.609679997E-1,4.161122322E0,9.907206535E0
5.312220862E1,-1.867477298E-1,4.141968727E0,1.003409958E1
5.312413123E1,-1.484405100E-1,4.137180328E0,1.008677197E1
5.312614539E1,-6.703764945E-2,4.129997730E0,1.019929886E1
5.312809851E1,2.394201607E-2,4.120420933E0,1.030224991E1
5.313008215E1,1.436520964E-1,4.125209332E0,1.036449909E1
5.313206580E1,2.777273953E-1,4.141968727E0,1.040041256E1
5.313407996E1,4.237737060E-1,4.168305397E0,1.043393135E1
5.313603308E1,5.865794420E-1,4.204218388E0,1.046505547E1
5.313801672E1,7.637503147E-1,4.240131378E0,1.049378586E1
5.314000037E1,9.169792533E-1,4.256890774E0,1.053209305E1
5.314198401E1,1.024718285E0,4.256890774E0,1.057758331E1
5.314390662E1,1.110909581E0,4.254496574E0,1.064222622E1
5.314592078E1,1.185129881E0,4.254496574E0,1.072841740E1
5.314787390E1,1.244984865E0,4.232948780E0,1.084333992E1
5.314988806E1,1.292868972E0,4.182670593E0,1.099656868E1
5.315184119E1,1.328781962E0,4.118026733E0,1.119049835E1
5.315385535E1,1.367089152E0,4.043806553E0,1.141315937E1
5.315580847E1,1.403002143E0,3.967192173E0,1.165018559E1
5.315779211E1,1.450886250E0,3.890577793E0,1.188481712E1
5.315977576E1,1.520318031E0,3.804386616E0,1.211705494E1
5.316175940E1,1.575384736E0,3.706224203E0,1.236844635E1
5.316368201E1,1.599326730E0,3.605667830E0,1.264856720E1
5.316569617E1,1.618480325E0,3.500322819E0,1.291432381E1
5.316764929E1,1.644816518E0,3.404554844E0,1.313937855E1
5.316966345E1,1.656787634E0,3.315969467E0,1.335725117E1
5.317161658E1,1.649604917E0,3.215412855E0,1.360624790E1
5.317363074E1,1.640028119E0,3.126827478E0,1.385763931E1
5.317558386E1,1.623268723E0,3.057395458E0,1.406832886E1
5.317756751E1,1.577778935E0,2.971204281E0,1.427423096E1
5.317955115E1,1.527500629E0,2.873042107E0,1.448252583E1
5.318156531E1,1.508347034E0,2.806004286E0,1.462857246E1
5.318354895E1,1.489193439E0,2.743755102E0,1.473631191E1
5.318553259E1,1.410184860E0,2.657563925E0,1.489432907E1
5.318748572E1,1.302445769E0,2.561795712E0,1.505952835E1
5.318949988E1,1.228225470E0,2.468421936E0,1.510501862E1
5.319148352E1,1.149216771E0,2.377442360E0,1.510262394E1
5.319343665E1,1.067813993E0,2.284068346E0,1.509304714E1
5.319538977E1,1.060631394E0,2.212242365E0,1.495418358E1
5.319740393E1,1.122880578E0,2.161964178E0,1.462138939E1
5.319935706E1,1.127668977E0,2.097320795E0,1.425028896E1
5.320131018E1,1.039083481E0,2.032677174E0,1.395340729E1
5.320329382E1,8.978256583E-1,1.980004787E0,1.366610336E1
5.320527747E1,7.398083210E-1,1.927332401E0,1.333809757E1
5.320720007E1,5.650315881E-1,1.860294700E0,1.297417927E1
5.320921423E1,3.734954596E-1,1.786074519E0,1.257195282E1
5.321119788E1,1.819593310E-1,1.738190413E0,1.219127464E1
5.321321204E1,-7.182605099E-3,1.704671621E0,1.188721180E1
5.321513464E1,-1.292868853E-1,1.644816518E0,1.150413895E1
5.321714880E1,-1.460463107E-1,1.561019540E0,1.089601231E1
5.321910193E1,-1.125274822E-1,1.513135433E0,1.018972206E1
5.322105505E1,-1.580173075E-1,1.498770237E0,9.653421402E0
5.322303870E1,-3.184288144E-1,1.537077546E0,9.255983353E0
5.322505286E1,-5.099649429E-1,1.592144132E0,8.858546257E0
5.322700598E1,-6.584054828E-1,1.632845521E0,8.451532364E0
5.322898962E1,-7.829039693E-1,1.656787634E0,8.085219383E0
5.323097327E1,-9.074024558E-1,1.659181833E0,7.805097580E0
5.323295691E1,-9.983820915E-1,1.663970232E0,7.551311970E0
5.323487952E1,-1.007958889E0,1.697489023E0,7.244854450E0
5.323689368E1,-9.864110947E-1,1.750161409E0,6.964732647E0
5.323887732E1,-9.672574997E-1,1.800439715E0,6.763619900E0
5.324083044E1,-9.504981041E-1,1.831564307E0,6.581660271E0
5.324281409E1,-9.337386489E-1,1.857900500E0,6.430825710E0
5.324482825E1,-8.906430602E-1,1.889025092E0,6.306327343E0
5.324678137E1,-8.044517636E-1,1.934514999E0,6.148310184E0
5.324876502E1,-6.847416759E-1,1.999158382E0,5.949591160E0
5.325074866E1,-5.506663918E-1,2.075772762E0,5.743690014E0
5.325273230E1,-4.213795066E-1,2.157175779E0,5.559336185E0
5.325465491E1,-3.016694188E-1,2.243366957E0,5.420472622E0
5.325666907E1,-2.202665508E-1,2.308010340E0,5.363011837E0
5.325865271E1,-1.436520964E-1,2.360682964E0,5.339069843E0
5.326063635E1,-2.873042040E-2,2.427720547E0,5.269638062E0
5.326258948E1,1.244984865E-1,2.509123325E0,5.145139217E0
5.326460364E1,2.681505978E-1,2.578555346E0,5.037400246E0
5.326655676E1,3.974374831E-1,2.636016130E0,4.972756863E0
5.326854040E1,5.219359994E-1,2.674323320E0,4.955997467E0
5.327052405E1,6.464344859E-1,2.698265314E0,4.991910458E0
5.327253821E1,7.493851185E-1,2.712630510E0,5.080495834E0
5.327449133E1,8.427590132E-1,2.724601507E0,5.212177277E0
5.327647498E1,9.504981041E-1,2.726995707E0,5.377377033E0
5.327845862E1,1.048660398E0,2.722207308E0,5.592854977E0
5.328047278E1,1.089361787E0,2.703053713E0,5.880159378E0
5.328245642E1,1.086967587E0,2.662352324E0,6.210559368E0
5.328444006E1,1.082179189E0,2.604891539E0,6.526593685E0
5.328636267E1,1.096544385E0,2.552218914E0,6.806715488E0
5.328837683E1,1.137245774E0,2.494758129E0,7.034164429E0
5.329036047E1,1.189918280E0,2.439691544E0,7.232883453E0
5.329234412E1,1.240196466E0,2.398990154E0,7.393294811E0
5.329429724E1,1.266532660E0,2.363077164E0,7.544129372E0
5.329631140E1,1.256955862E0,2.324769735E0,7.721300602E0
5.329826453E1,1.233013868E0,2.298433542E0,7.826645374E0
5.330024817E1,1.158793569E0,2.238578558E0,8.090007782E0
5.330217078E1,1.094150186E0,2.181117773E0,8.343792915E0
5.330418494E1,1.084573388E0,2.142810583E0,8.535328865E0
5.330613806E1,1.149216771E0,2.130839586E0,8.690952301E0
5.330812170E1,1.237802267E0,2.133233786E0,8.834604263E0
5.331010535E1,1.314416766E0,2.142810583E0,9.006986618E0
5.331211951E1,1.371877551E0,2.154781580E0,9.191340446E0
5.331407263E1,1.436521053E0,2.173935175E0,9.342175484E0
5.331605627E1,1.532289028E0,2.207453966E0,9.425971985E0
5.331803992E1,1.644816518E0,2.252943754E0,9.497797966E0
5.332002356E1,1.735796213E0,2.296039343E0,9.607931137E0
5.332194617E1,1.795651317E0,2.336740971E0,9.732429504E0
5.332396033E1,1.833958507E0,2.379836559E0,9.861717224E0
5.332591345E1,1.872265697E0,2.410961151E0,9.974244118E0
5.332792761E1,1.924938202E0,2.442085743E0,1.004846478E1
5.332988074E1,1.987187386E0,2.487575531E0,1.007240677E1
5.333189490E1,2.039859772E0,2.516305923E0,1.002691650E1
5.333384802E1,2.104503393E0,2.530671120E0,9.945513725E0
5.333583166E1,2.161964178E0,2.571372509E0,9.916783333E0
5.333781531E1,2.171540976E0,2.650381327E0,9.974244118E0
5.333982947E1,2.142810583E0,2.738966703E0,1.004128170E1
5.334178259E1,2.094926596E0,2.815581083E0,1.006282997E1
5.334376624E1,2.035071373E0,2.882618904E0,1.001733971E1
5.334574988E1,1.970427990E0,2.944868088E0,9.935936928E0
5.334773352E1,1.910573006E0,2.964021683E0,9.804255486E0
5.334965613E1,1.960851192E0,2.839523315E0,9.447520256E0
5.335167029E1,2.133233786E0,2.734178305E0,8.968679428E0
5.335362341E1,2.190694571E0,2.770091295E0,8.798690796E0
5.335560706E1,2.087743998E0,2.863465309E0,8.882488251E0
5.335756018E1,1.917755604E0,2.935291290E0,8.961497307E0
5.335957434E1,1.735796213E0,2.968810081E0,8.904036522E0
5.336152747E1,1.568202138E0,2.999934673E0,8.798690796E0
5.336351111E1,1.426944256E0,3.038241863E0,8.724471092E0
5.336549475E1,1.312022567E0,3.074155092E0,8.674192429E0
5.336747839E1,1.221042871E0,3.107673883E0,8.607154846E0
5.336940100E1,1.163581967E0,3.134010077E0,8.516175270E0
5.337141516E1,1.110909581E0,3.150769472E0,8.444349289E0
5.337336829E1,1.065419793E0,3.165134668E0,8.406042099E0
5.337535193E1,1.043871999E0,3.174711466E0,8.398859978E0
5.337730505E1,1.043871999E0,3.177105665E0,8.403648376E0
5.337928870E1,1.051054597E0,3.179499865E0,8.406042099E0
5.338127234E1,1.051054597E0,3.184288263E0,8.425195694E0
5.338328650E1,1.051054597E0,3.191470861E0,8.444349289E0
5.338523962E1,1.046266198E0,3.193865061E0,8.465897560E0
5.338722327E1,1.053448796E0,3.201047659E0,8.501810074E0
5.338920691E1,1.048660398E0,3.201047659E0,8.528146744E0
5.339119055E1,1.027112484E0,3.208230257E0,8.552088737E0
5.339311316E1,9.983820915E-1,3.217807055E0,8.566453934E0
5.339512732E1,9.696516991E-1,3.224989653E0,8.571242332E0
5.339708044E1,9.265560508E-1,3.248931646E0,8.568847656E0
5.339903357E1,8.834604025E-1,3.277662039E0,8.568847656E0
5.340101721E1,8.499416113E-1,3.303998232E0,8.576030731E0
5.340303137E1,8.283938169E-1,3.332728863E0,8.590395927E0
5.340498450E1,8.068459630E-1,3.368641853E0,8.623914719E0
5.340696814E1,7.972691655E-1,3.404554844E0,8.657433510E0
5.340895178E1,8.020575643E-1,3.438073635E0,8.676587105E0
5.341093543E1,8.188169599E-1,3.471592426E0,8.683769226E0
5.341288855E1,8.499416113E-1,3.502717018E0,8.674192429E0
5.341490271E1,8.978256583E-1,3.536235809E0,8.643068314E0
5.341688635E1,9.409212470E-1,3.569754839E0,8.599972725E0
5.341887000E1,9.864110947E-1,3.608062029E0,8.547300339E0
5.342082312E1,1.039083481E0,3.639186621E0,8.513781548E0
5.342283728E1,1.072602391E0,3.658340216E0,8.492233276E0
5.342479040E1,1.072602391E0,3.670311213E0,8.463502884E0
5.342677405E1,1.074996591E0,3.670311213E0,8.425195694E0
5.342875769E1,1.079784989E0,3.663128614E0,8.374917984E0
5.343077185E1,1.082179189E0,3.648763418E0,8.319850922E0
5.343272498E1,1.082179189E0,3.648763418E0,8.245630264E0
5.343470862E1,1.094150186E0,3.648763418E0,8.166622162E0
5.343669226E1,1.120486379E0,3.648763418E0,8.097189903E0
5.343867590E1,1.161187768E0,3.646369219E0,8.027758598E0
5.344059851E1,1.197100878E0,3.648763418E0,7.972691536E0
5.344261267E1,1.204283476E0,3.653551817E0,7.977479935E0
5.344456580E1,1.189918280E0,3.658340216E0,7.994239330E0
5.344654944E1,1.161187768E0,3.660734415E0,7.977479935E0
5.344850256E1,1.127668977E0,3.665522814E0,7.910442352E0
5.345051672E1,1.082179189E0,3.660734415E0,7.805097580E0
5.345246985E1,1.055842996E0,3.655946016E0,7.747636795E0
5.345445349E1,1.007958889E0,3.643975019E0,7.625532627E0
5.345643713E1,9.624691010E-1,3.632004023E0,7.515398979E0
5.345842078E1,9.289502501E-1,3.627215624E0,7.414842606E0
5.346034338E1,9.074024558E-1,3.610456228E0,7.309497833E0
5.346235754E1,8.762778044E-1,3.572149038E0,7.194576263E0
5.346431067E1,7.733271718E-1,3.459621429E0,7.048529625E0
5.346632483E1,6.488286853E-1,3.323152065E0,6.912060261E0
5.346827795E1,6.057330370E-1,3.251325846E0,6.818686485E0
5.347029211E1,6.560112834E-1,3.241749048E0,6.756437302E0
5.347224524E1,7.517793179E-1,3.260902643E0,6.708553314E0
5.347425940E1,8.475474119E-1,3.303998232E0,6.691793919E0
5.347621252E1,9.074024558E-1,3.361459255E0,6.744466305E0
5.347819617E1,9.241618514E-1,3.426102638E0,6.888118267E0
5.348017981E1,9.145850539E-1,3.490746021E0,7.101202011E0
5.348216345E1,8.906430602E-1,3.564966440E0,7.343016624E0
5.348414710E1,8.355764151E-1,3.632004023E0,7.580042362E0
5.348613074E1,7.589619160E-1,3.675099611E0,7.797914982E0
5.348811438E1,6.703764796E-1,3.715801001E0,7.982268333E0
5.349006751E1,6.105214357E-1,3.770867586E0,8.111555099E0
5.349202063E1,6.416460276E-1,3.823540211E0,8.161833763E0
5.349403479E1,7.230489254E-1,3.869029999E0,8.123526573E0
5.349598792E1,8.212111592E-1,3.904942989E0,8.030152321E0
5.349797156E1,9.074024558E-1,3.936067581E0,7.910442352E0
5.349992468E1,9.720458984E-1,3.957615376E0,7.764396191E0
5.350193884E1,1.010353088E0,3.969586372E0,7.603984833E0
5.350389197E1,1.027112484E0,3.976768970E0,7.450755596E0
5.350587561E1,1.036689281E0,3.974374771E0,7.321468830E0
5.350785925E1,1.063025594E0,3.967192173E0,7.232883453E0
5.350987341E1,1.096544385E0,3.960009575E0,7.180211067E0
5.351182654E1,1.134851575E0,3.943250179E0,7.149086475E0
5.351381018E1,1.168370485E0,3.945644379E0,7.141903877E0
5.351579382E1,1.185129881E0,3.964797974E0,7.170634270E0
5.351777747E1,1.175553083E0,3.976768970E0,7.223306656E0
5.351970007E1,1.168370485E0,3.969586372E0,7.283161640E0
5.352171423E1,1.154005170E0,3.957615376E0,7.335834026E0
5.352366736E1,1.134851575E0,3.952826977E0,7.386112213E0
5.352565100E1,1.106121182E0,3.950432777E0,7.433996201E0
5.352763464E1,1.079784989E0,3.960009575E0,7.479485989E0
5.352964880E1,1.048660398E0,3.962403774E0,7.517793179E0
5.353160193E1,1.027112484E0,3.964797974E0,7.546523571E0
5.353358557E1,1.017535686E0,3.964797974E0,7.565677166E0
5.353556921E1,1.017535686E0,3.964797974E0,7.589619160E0
5.353755286E1,1.034295082E0,3.974374771E0,7.613561630E0
5.353950598E1,1.058237195E0,3.995922565E0,7.639897823E0
5.354148962E1,1.096544385E0,4.029441357E0,7.675810814E0
5.354347327E1,1.139639974E0,4.060565948E0,7.730877399E0
5.354548743E1,1.180341482E0,4.091690540E0,7.802703381E0
5.354744055E1,1.221042871E0,4.120420933E0,7.888894558E0
5.354942419E1,1.259350061E0,4.134786129E0,7.982268333E0
5.355137732E1,1.297657371E0,4.144362926E0,8.073247910E0
5.355336096E1,1.321599364E0,4.158728123E0,8.154650688E0
5.355528357E1,1.350329757E0,4.170699596E0,8.226476669E0
5.355729773E1,1.395819545E0,4.187458992E0,8.286332130E0
5.355925085E1,1.446097851E0,4.201824188E0,8.327033043E0
5.356123450E1,1.486799240E0,4.204218388E0,8.353369713E0
5.356321814E1,1.517923832E0,4.197035789E0,8.370129585E0
5.356520178E1,1.532289028E0,4.177882195E0,8.384494781E0
5.356712439E1,1.539471745E0,4.151545525E0,8.389283180E0
5.356913855E1,1.544260144E0,4.120420933E0,8.384494781E0
5.357109168E1,1.549048543E0,4.096478939E0,8.358158112E0
5.357307532E1,1.558625340E0,4.072536945E0,8.322244644E0
5.357499793E1,1.589749932E0,4.060565948E0,8.286332130E0
5.357698157E1,1.637633920E0,4.062960148E0,8.252813339E0
5.357896521E1,1.685518026E0,4.077325344E0,8.233659744E0
5.358094885E1,1.742978811E0,4.091690540E0,8.233659744E0
5.358290198E1,1.790862918E0,4.108449936E0,8.240841866E0
5.358488562E1,1.824381709E0,4.134786129E0,8.233659744E0
5.358686926E1,1.850717902E0,4.161122322E0,8.224082947E0
5.358888342E1,1.869871497E0,4.189853191E0,8.219294548E0
5.359080603E1,1.874659896E0,4.209006786E0,8.197746277E0
5.359282019E1,1.869871497E0,4.228160381E0,8.145073891E0
5.359477332E1,1.860294700E0,4.232948780E0,8.073247910E0
5.359672644E1,1.819593310E0,4.230554581E0,7.994239330E0
5.359871008E1,1.793257117E0,4.225766182E0,7.953537941E0
5.360069373E1,1.719036818E0,4.206612587E0,7.872135162E0
5.360264685E1,1.637633920E0,4.175487995E0,7.778761387E0
5.360463049E1,1.549048543E0,4.146757126E0,7.671022415E0
5.360661414E1,1.438915253E0,4.110844135E0,7.568071365E0
5.360856726E1,1.297657371E0,4.074931145E0,7.491456985E0
5.361052039E1,1.168370485E0,4.036623955E0,7.412448406E0
5.361253455E1,1.058237195E0,4.012681961E0,7.323863029E0
5.361448767E1,9.528923035E-1,4.007893562E0,7.237671852E0
5.361647131E1,8.690952063E-1,4.000710964E0,7.146692276E0
5.361845496E1,8.212111592E-1,3.991134167E0,7.067683220E0
5.362043860E1,7.948749661E-1,3.991134167E0,7.007828236E0
5.362242224E1,7.852981687E-1,3.998316765E0,6.964732647E0
5.362440588E1,8.068459630E-1,4.012681961E0,6.936002254E0
5.362635901E1,8.499416113E-1,4.036623955E0,6.919242859E0
5.362834265E1,8.930372596E-1,4.070142746E0,6.914454460E0
5.363029578E1,9.217676520E-1,4.115632534E0,6.933608055E0
5.363227942E1,9.433154464E-1,4.168305397E0,6.969521046E0
5.363423254E1,9.696516991E-1,4.211400986E0,7.017405033E0
5.363624670E1,9.888052940E-1,4.244919777E0,7.086836815E0
5.363819983E1,1.010353088E0,4.280832767E0,7.163451672E0
5.364018347E1,1.017535686E0,4.328716755E0,7.268796444E0
5.364216711E1,1.031900883E0,4.364629745E0,7.366958618E0
5.364415076E1,1.070208192E0,4.390965939E0,7.455543995E0
5.364607336E1,1.118092179E0,4.412513733E0,7.548917770E0
5.364808752E1,1.168370485E0,4.443638325E0,7.635109425E0
5.365004065E1,1.211466074E0,4.479551315E0,7.711723804E0
5.365202429E1,1.244984865E0,4.510675907E0,7.776367188E0
5.365397742E1,1.288080573E0,4.541800499E0,7.852981567E0
5.365599158E1,1.331176162E0,4.575319290E0,7.929595947E0
5.365794470E1,1.364694953E0,4.618414879E0,7.991845131E0
5.365992835E1,1.403002143E0,4.654327869E0,8.018181801E0
5.366191199E1,1.417367458E0,4.687847137E0,8.025363922E0
5.366389563E1,1.398213744E0,4.728548527E0,8.039729118E0
5.366581824E1,1.371877551E0,4.762067318E0,8.075642586E0
5.366783240E1,1.359906554E0,4.793191910E0,8.125920296E0
5.366978552E1,1.367089152E0,4.814739704E0,8.192957878E0
5.367176916E1,1.379060149E0,4.841075897E0,8.271966934E0
5.367369177E1,1.371877551E0,4.869806290E0,8.365341187E0
5.367567542E1,1.323993564E0,4.888959885E0,8.475474358E0
5.367765906E1,1.302445769E0,4.920084476E0,8.597578049E0
5.367964270E1,1.340752959E0,4.948814869E0,8.698134422E0
5.368159582E1,1.391031146E0,4.958391666E0,8.743624687E0
5.368357947E1,1.429338455E0,4.953603268E0,8.767566681E0
5.368556311E1,1.446097851E0,4.951209068E0,8.793902397E0
5.368757727E1,1.446097851E0,4.934449673E0,8.836998940E0
5.368953040E1,1.458068848E0,4.924872875E0,8.856152534E0
5.369154456E1,1.493981838E0,4.929661274E0,8.846575737E0
5.369352820E1,1.534683347E0,4.958391666E0,8.813055992E0
5.369551184E1,1.575384736E0,4.977545261E0,8.777143478E0
5.369746497E1,1.601720929E0,5.001487255E0,8.736441612E0
5.369944861E1,1.618480325E0,5.025429249E0,8.683769226E0
5.370143225E1,1.637633920E0,5.049371243E0,8.616731644E0
5.370344641E1,1.628057122E0,5.066130638E0,8.532935143E0
5.370539954E1,1.596932530E0,5.082890034E0,8.441955566E0
5.370738318E1,1.551442742E0,5.087678432E0,8.353369713E0
5.370933630E1,1.493981838E0,5.085284233E0,8.264783859E0
5.371131995E1,1.414973259E0,5.090072632E0,8.190564156E0
5.371324255E1,1.312022567E0,5.104437828E0,8.135497093E0
5.371525671E1,1.201889277E0,5.116408825E0,8.106766701E0
5.371720984E1,1.091755986E0,5.123591423E0,8.094796181E0
5.371922400E1,9.911994934E-1,5.130774021E0,8.092401505E0
5.372117712E1,9.002198577E-1,5.135562420E0,8.099584579E0
5.372319128E1,8.331822157E-1,5.133168221E0,8.097189903E0
5.372514441E1,7.852981687E-1,5.114014626E0,8.099584579E0
5.372712805E1,7.445967197E-1,5.082890034E0,8.116343498E0
5.372911169E1,7.134721279E-1,5.058948040E0,8.149862289E0
5.373112585E1,6.775590777E-1,5.037400246E0,8.202534676E0
5.373307898E1,6.560112834E-1,5.013458252E0,8.279149055E0
5.373506262E1,6.703764796E-1,4.977545261E0,8.365341187E0
5.373704627E1,6.919242740E-1,4.944026470E0,8.451532364E0
5.373902991E1,6.943184733E-1,4.908113480E0,8.549694061E0
5.374101355E1,6.679822803E-1,4.867412090E0,8.676587105E0
5.374299719E1,6.177040339E-1,4.821922302E0,8.820239067E0
5.374498084E1,5.530605912E-1,4.776432514E0,8.963891029E0
5.374693396E1,5.171475410E-1,4.754884720E0,9.028534889E0
5.374888709E1,4.525041282E-1,4.716577530E0,9.150638580E0
5.375090124E1,3.902548850E-1,4.683058739E0,9.255983353E0
5.375285437E1,3.280056417E-1,4.647145271E0,9.349357605E0
5.375480750E1,2.657563984E-1,4.608838081E0,9.425971985E0
5.375679114E1,2.154781520E-1,4.584896088E0,9.481039047E0
5.375877478E1,1.795651317E-1,4.560954094E0,9.516951561E0
5.376069739E1,1.628057212E-1,4.541800499E0,9.524134636E0
5.376271155E1,1.436520964E-1,4.525041103E0,9.512163162E0
5.376469519E1,1.005564705E-1,4.515464306E0,9.488221169E0
5.376664832E1,7.422025502E-2,4.513070107E0,9.445125580E0
5.376930335E1,6.224924326E-2,4.503493309E0,9.334992409E0
5.377064612E1,5.506663769E-2,4.498704910E0,9.284713745E0
5.377259924E1,4.788403213E-2,4.498704910E0,9.186552048E0
5.377458289E1,7.182604820E-2,4.498704910E0,9.085995674E0
5.377653601E1,1.101332754E-1,4.505887508E0,8.992621422E0
5.377851965E1,1.388636976E-1,4.527435303E0,8.904036522E0
5.378047278E1,1.580173075E-1,4.575319290E0,8.832210541E0
5.378248694E1,1.628057212E-1,4.620809078E0,8.781931877E0
5.378444006E1,1.532289088E-1,4.668693542E0,8.741230011E0
5.378642371E1,1.460463107E-1,4.711789131E0,8.707711220E0
5.378917029E1,2.298433632E-1,4.721365929E0,8.657433510E0
5.379036047E1,2.705447972E-1,4.723760128E0,8.645462036E0
5.379234412E1,3.327940404E-1,4.742913723E0,8.635885239E0
5.379432776E1,3.495534360E-1,4.788403511E0,8.650250435E0
5.379631140E1,3.399766386E-1,4.826710701E0,8.690952301E0
5.379829504E1,3.327940404E-1,4.850652695E0,8.738836288E0
5.380027869E1,3.136404157E-1,4.843470097E0,8.791508675E0
5.380229285E1,3.016694188E-1,4.826710701E0,8.860940933E0
5.380424597E1,3.256114423E-1,4.821922302E0,8.930372238E0
5.380622961E1,3.327940404E-1,4.817133904E0,8.971074104E0
5.380821326E1,3.160346150E-1,4.807557106E0,8.992621422E0
5.381019690E1,3.327940404E-1,4.781220913E0,9.026140213E0
5.381211951E1,3.782838583E-1,4.764461517E0,9.069235802E0
5.381410315E1,4.189853072E-1,4.764461517E0,9.112331390E0
5.381611731E1,4.381389022E-1,4.781220913E0,9.143456459E0
5.381813147E1,4.477157295E-1,4.812345505E0,9.179368973E0
5.382011511E1,4.668693244E-1,4.829104900E0,9.222464561E0
5.382212927E1,4.812345505E-1,4.857835293E0,9.275136948E0
5.382408240E1,5.075707436E-1,4.879383087E0,9.339780807E0
5.382609656E1,5.195417404E-1,4.898536682E0,9.404424667E0
5.382804968E1,5.410895944E-1,4.929661274E0,9.469067574E0
5.383003332E1,5.722141862E-1,4.955997467E0,9.543288231E0
5.383201697E1,5.961562395E-1,4.982333660E0,9.607931137E0
5.383400061E1,6.248866320E-1,5.003881454E0,9.662998199E0
5.383595374E1,6.751648784E-1,5.027823448E0,9.722852707E0
5.383793738E1,7.589619160E-1,5.042188644E0,9.787496567E0
5.383992102E1,8.858546019E-1,5.042188644E0,9.852140427E0
5.384193518E1,1.000776291E0,5.046977043E0,9.926360130E0
5.384394934E1,1.079784989E0,5.051765442E0,1.000536919E1
5.384593298E1,1.173158884E0,5.058948040E0,1.006761837E1
5.384791663E1,1.278503656E0,5.063736439E0,1.012507915E1
5.384990027E1,1.357512355E0,5.056553841E0,1.017535686E1
5.385188391E1,1.419761658E0,5.056553841E0,1.021605873E1
5.385386755E1,1.505952835E0,5.068524837E0,1.024478912E1
5.385579016E1,1.577778935E0,5.082890034E0,1.028309631E1
5.385780432E1,1.561019540E0,5.078101635E0,1.037407589E1
5.385975745E1,1.462857246E0,5.051765442E0,1.050096893E1
5.386177161E1,1.357512355E0,5.006275654E0,1.061828423E1
5.386372473E1,1.302445769E0,4.936843872E0,1.073799419E1
5.386573889E1,1.271321058E0,4.872200489E0,1.086967564E1
5.386769202E1,1.225831270E0,4.797980309E0,1.097741508E1
5.386967566E1,1.163581967E0,4.709394932E0,1.104684639E1
5.387168982E1,1.098938584E0,4.604049683E0,1.109473038E1
5.387367346E1,1.034295082E0,4.479551315E0,1.114022064E1
5.387565710E1,9.624691010E-1,4.340687752E0,1.120246983E1
5.387764075E1,8.954314590E-1,4.180276394E0,1.127429581E1
5.387962439E1,8.355764151E-1,4.029441357E0,1.133415127E1
5.388160803E1,7.589619160E-1,3.881000996E0,1.141555405E1
5.388353064E1,6.560112834E-1,3.718195200E0,1.152568722E1
5.388554480E1,5.458779931E-1,3.545812607E0,1.163821411E1
5.388749793E1,4.596867263E-1,3.378218651E0,1.174834728E1
5.388948157E1,3.878606856E-1,3.201047659E0,1.185848141E1
5.389146521E1,2.896983922E-1,3.021482468E0,1.198537350E1
5.389344885E1,1.723825186E-1,2.858676910E0,1.210747814E1
5.389540198E1,6.464344263E-2,2.715024710E0,1.222000504E1
5.389738562E1,-3.351882473E-2,2.580949545E0,1.232535076E1
5.389939978E1,-1.173158810E-1,2.454056740E0,1.243069553E1
5.390138342E1,-1.915361285E-1,2.336740971E0,1.255279922E1
5.390333655E1,-2.466027737E-1,2.255337954E0,1.269645119E1
5.390532019E1,-2.609679997E-1,2.200271368E0,1.285925770E1
5.390730383E1,-2.322375625E-1,2.159569979E0,1.302924538E1
5.390931799E1,-1.723825186E-1,2.130839586E0,1.320162773E1
5.391127112E1,-1.316810995E-1,2.109291792E0,1.338119316E1
5.391328528E1,-1.149216816E-1,2.097320795E0,1.353921032E1
5.391523840E1,-1.077390760E-1,2.097320795E0,1.367807388E1
5.391722205E1,-1.292868853E-1,2.114080191E0,1.381933212E1
5.391920569E1,-1.891419291E-1,2.121262789E0,1.394383049E1
5.392118933E1,-2.753331959E-1,2.121262789E0,1.403959846E1
5.392311194E1,-3.758896589E-1,2.114080191E0,1.410663605E1
5.392512610E1,-4.644751251E-1,2.090138197E0,1.415212631E1
5.392714026E1,-4.812345505E-1,2.073378563E0,1.413536644E1
5.392915442E1,-3.806780577E-1,2.092532396E0,1.404917526E1
5.393113806E1,-1.987187415E-1,2.140416384E0,1.392228317E1
5.393309119E1,2.394201607E-2,2.205059767E0,1.375229454E1
5.393510535E1,2.394201756E-1,2.257732153E0,1.355597019E1
5.393708899E1,4.309563041E-1,2.308010340E0,1.333809757E1
5.393907263E1,6.009446383E-1,2.365471363E0,1.311304283E1
5.394105627E1,7.613561153E-1,2.427720547E0,1.289517021E1
5.394303992E1,9.409212470E-1,2.489969730E0,1.265814400E1
5.394502356E1,1.074996591E0,2.533065319E0,1.241872406E1
5.394697668E1,1.144428372E0,2.561795712E0,1.217451572E1
5.394899085E1,1.173158884E0,2.592920542E0,1.189918232E1
5.395094397E1,1.201889277E0,2.633621931E0,1.158793640E1
5.395295813E1,1.242590666E0,2.657563925E0,1.126950741E1
5.395491126E1,1.285686255E0,2.676717520E0,1.095347309E1
5.395689490E1,1.312022567E0,2.695871115E0,1.062067890E1
5.395887854E1,1.312022567E0,2.695871115E0,1.028549004E1
5.396089270E1,1.271321058E0,2.674323320E0,9.947908401E0
5.396284582E1,1.242590666E0,2.667140722E0,9.773131371E0
5.396482947E1,1.173158884E0,2.664746523E0,9.416395187E0
5.396678259E1,1.098938584E0,2.674323320E0,9.042900085E0
5.396879675E1,1.031900883E0,2.683900118E0,8.662221909E0
5.397074988E1,9.888052940E-1,2.691082716E0,8.295908928E0
5.397276404E1,9.576807022E-1,2.695871115E0,7.953537941E0
5.397471716E1,9.169792533E-1,2.705447912E0,7.623138428E0
5.397673132E1,8.690952063E-1,2.726995707E0,7.307103634E0
5.397868445E1,7.852981687E-1,2.770091295E0,7.010222435E0
5.398069861E1,6.272808313E-1,2.815581083E0,6.749254704E0
5.398265173E1,4.261679053E-1,2.861071110E0,6.526593685E0
5.398463538E1,2.178723514E-1,2.911349297E0,6.308721542E0
5.398661902E1,2.394201700E-3,2.964021683E0,6.090848923E0
5.398860266E1,-2.106897533E-1,3.011905670E0,5.884947777E0
5.399052527E1,-4.094084799E-1,3.050212860E0,5.686229229E0
5.399253943E1,-5.793967843E-1,3.083731890E0,5.492298603E0
5.399449255E1,-7.206547260E-1,3.114856482E0,5.303156853E0
5.399647620E1,-8.451532125E-1,3.131615877E0,5.116408825E0
5.399842932E1,-9.600749016E-1,3.155557871E0,4.941632271E0
5.400044348E1,-1.043871999E0,3.174711466E0,4.781220913E0
5.400239661E1,-1.072602391E0,3.162740469E0,4.630385876E0
5.400438025E1,-1.125274777E0,3.145981073E0,4.517858505E0
5.400636389E1,-1.235408068E0,3.134010077E0,4.465186119E0
5.400834753E1,-1.364694953E0,3.122039080E0,4.458003521E0
5.401030066E1,-1.496376038E0,3.110068083E0,4.486733913E0
5.401231482E1,-1.623268723E0,3.102885485E0,4.534617901E0
5.401426794E1,-1.695094824E0,3.112462282E0,4.584896088E0
5.401625159E1,-1.671152830E0,3.138798475E0,4.606443882E0
5.401823523E1,-1.656787634E0,3.160346270E0,4.661510944E0
5.402024939E1,-1.697489023E0,3.165134668E0,4.786009312E0
5.402220252E1,-1.790862918E0,3.165134668E0,4.970362663E0
5.402418616E1,-1.884236693E0,3.162740469E0,5.181052685E0
5.402613928E1,-1.970427990E0,3.160346270E0,5.401319027E0
5.402815344E1,-2.066195965E0,3.157952070E0,5.633556366E0
5.403010657E1,-2.159569979E0,3.150769472E0,5.861005783E0
5.403212073E1,-2.257732153E0,3.129221678E0,6.071695328E0
5.403404334E1,-2.348711967E0,3.100491285E0,6.256049156E0
5.403605750E1,-2.408566952E0,3.047818661E0,6.433219910E0
5.403801062E1,-2.430114746E0,2.973598480E0,6.603208065E0
5.404002478E1,-2.415749550E0,2.894589901E0,6.718130112E0
5.404197790E1,-2.384624958E0,2.801215887E0,6.840234280E0
5.404399207E1,-2.343923569E0,2.695871115E0,7.015010834E0
5.404597571E1,-2.291250944E0,2.592920542E0,7.218518257E0
5.404795935E1,-2.173935175E0,2.525882721E0,7.431602001E0
5.404994299E1,-1.989581585E0,2.489969730E0,7.647080421E0
5.405192664E1,-1.795651317E0,2.468421936E0,7.903259754E0
5.405387976E1,-1.635239720E0,2.458845139E0,8.216899872E0
5.405586340E1,-1.498770237E0,2.461239338E0,8.552088737E0
5.405784705E1,-1.359906554E0,2.477998734E0,8.882488251E0
5.405983069E1,-1.209071875E0,2.501940727E0,9.203310966E0
5.406175330E1,-1.043871999E0,2.530671120E0,9.512163162E0
5.406376746E1,-8.834604025E-1,2.564189911E0,9.799467087E0
5.406572058E1,-7.326257229E-1,2.597708941E0,1.005085850E1
5.406770422E1,-6.009446383E-1,2.621650934E0,1.028309631E1
5.406968787E1,-4.884171486E-1,2.650381327E0,1.047702694E1
5.407167151E1,-3.806780577E-1,2.679111719E0,1.062786102E1
5.407362463E1,-2.705447972E-1,2.707842112E0,1.074278259E1
5.407560828E1,-1.604115069E-1,2.738966703E0,1.081939793E1
5.407759192E1,-4.309562966E-2,2.779668093E0,1.087446404E1
5.407957556E1,7.182604820E-2,2.822763920E0,1.091277122E1
5.408152869E1,1.867477298E-1,2.863465309E0,1.094150162E1
5.408354285E1,2.992752194E-1,2.894589901E0,1.094629002E1
5.408549597E1,3.974374831E-1,2.918531895E0,1.092953110E1
5.408747961E1,4.740519226E-1,2.947262287E0,1.089840603E1
5.408946326E1,5.339069963E-1,2.968810081E0,1.085531044E1
5.409147742E1,5.793967843E-1,2.985569477E0,1.080263805E1
5.409343054E1,6.009446383E-1,2.995146275E0,1.074278259E1
5.409541418E1,6.009446383E-1,2.999934673E0,1.068532181E1
5.409736731E1,5.841852427E-1,3.002328873E0,1.060152531E1
5.409938147E1,5.602431893E-1,3.004723072E0,1.049378586E1
5.410133460E1,5.147533417E-1,3.009511471E0,1.036449909E1
5.410331824E1,4.668693244E-1,3.019088268E0,1.021366405E1
5.410527136E1,4.237737060E-1,3.011905670E0,1.004607010E1
5.410728552E1,3.950432837E-1,3.007117271E0,9.847352028E0
5.410923865E1,4.620809257E-1,3.019088268E0,9.607931137E0
5.411125281E1,5.075707436E-1,3.033453465E0,9.414001465E0
5.411320593E1,4.788403511E-1,3.045424461E0,9.294290543E0
5.411518958E1,3.974374831E-1,3.055001259E0,9.217676163E0
5.411714270E1,3.136404157E-1,3.055001259E0,9.143456459E0
5.411915686E1,2.370259613E-1,3.057395458E0,9.054870605E0
5.412110999E1,1.604115069E-1,3.055001259E0,8.975862503E0
5.412309363E1,9.337386489E-2,3.052607059E0,8.913613319E0
5.412507727E1,3.591302410E-2,3.052607059E0,8.860940933E0
5.412709143E1,-4.788403399E-3,3.062183857E0,8.808267593E0
5.412904456E1,-3.351882473E-2,3.069366693E0,8.748413086E0
5.413102820E1,-5.027823523E-2,3.081337690E0,8.678980827E0
5.413301184E1,-5.985504389E-2,3.093308687E0,8.602366447E0
5.413499548E1,-5.746084079E-2,3.098097086E0,8.518569946E0
5.413697913E1,-4.548983276E-2,3.100491285E0,8.422801971E0
5.413899329E1,-3.591302410E-2,3.110068083E0,8.327033043E0
5.414094641E1,-1.675941236E-2,3.124433279E0,8.221688271E0
5.414293005E1,1.915361360E-2,3.134010077E0,8.109161377E0
5.414488318E1,3.112462163E-2,3.143586874E0,8.063671112E0
5.414689734E1,-2.873042040E-2,3.205836058E0,7.999027729E0
5.414885046E1,-1.628057212E-1,3.301604033E0,7.939172745E0
5.415086462E1,-2.178723514E-1,3.351882458E0,7.850587368E0
5.415281775E1,-1.987187415E-1,3.371036053E0,7.742848396E0
5.415483191E1,-1.580173075E-1,3.387795448E0,7.637503624E0
5.415678503E1,-1.292868853E-1,3.397372246E0,7.546523571E0
5.415879919E1,-1.221042871E-1,3.411737442E0,7.467514992E0
5.416075232E1,-1.292868853E-1,3.423708439E0,7.398083210E0
5.416273596E1,-1.460463107E-1,3.421314240E0,7.328651428E0
5.416471960E1,-1.675941199E-1,3.416525841E0,7.247248650E0
5.416670325E1,-1.771709323E-1,3.416525841E0,7.149086475E0
5.416865637E1,-1.436520964E-1,3.406949043E0,7.043741226E0
5.417067053E1,-7.182604820E-2,3.392583847E0,6.943184853E0
5.417262366E1,-5.267243832E-2,3.390189648E0,6.876147270E0
5.417460730E1,-8.858546615E-2,3.397372246E0,6.828263283E0
5.417659094E1,-1.412578970E-1,3.409343243E0,6.785167694E0
5.417857459E1,-1.508347094E-1,3.426102638E0,6.749254704E0
5.418052771E1,-1.125274822E-1,3.445256233E0,6.730101109E0
5.418251135E1,-3.830722719E-2,3.473986626E0,6.742072105E0
5.418446448E1,4.788403213E-2,3.507505417E0,6.780379295E0
5.418644812E1,1.532289088E-1,3.543418407E0,6.837840080E0
5.418843176E1,2.777273953E-1,3.591302633E0,6.904877663E0
5.419044592E1,3.974374831E-1,3.636792421E0,6.974309444E0
5.419239905E1,5.195417404E-1,3.682282209E0,7.041347027E0
5.419441321E1,6.344634295E-1,3.725377798E0,7.105990410E0
5.419636633E1,7.278373241E-1,3.761290789E0,7.168240070E0
5.419838049E1,8.140285611E-1,3.813963413E0,7.223306656E0
5.420033362E1,8.882488012E-1,3.869029999E0,7.292738438E0
5.420231726E1,9.457096457E-1,3.924096584E0,7.378929615E0
5.420430090E1,9.768342972E-1,3.981557369E0,7.472303391E0
5.420628455E1,9.888052940E-1,4.048594952E0,7.580042362E0
5.420820715E1,9.864110947E-1,4.120420933E0,7.682993412E0
5.421022131E1,9.720458984E-1,4.180276394E0,7.771578789E0
5.421217444E1,9.457096457E-1,4.235342979E0,7.848193169E0
5.421415808E1,9.097966552E-1,4.290409565E0,7.905653954E0
5.421611121E1,8.619126081E-1,4.333505154E0,7.936778545E0
5.421812537E1,8.092401624E-1,4.364629745E0,7.951143742E0
5.422007849E1,7.422025204E-1,4.386177540E0,7.960720539E0
5.422206213E1,6.703764796E-1,4.398148537E0,7.955932140E0
5.422404578E1,6.081272364E-1,4.405331135E0,7.953537941E0
5.422602942E1,5.554547906E-1,4.407725334E0,7.958326340E0
5.422795203E1,5.075707436E-1,4.414907932E0,7.975085735E0
5.422996619E1,4.644751251E-1,4.412513733E0,8.003816605E0
5.423191931E1,4.333505034E-1,4.407725334E0,8.032546997E0
5.423390295E1,4.261679053E-1,4.410119534E0,8.063671112E0
5.423585608E1,4.285621047E-1,4.412513733E0,8.104372978E0
5.423787024E1,4.453215301E-1,4.405331135E0,8.157045364E0
5.423982336E1,4.548983276E-1,4.388571739E0,8.236053467E0
5.424180701E1,4.477157295E-1,4.369418144E0,8.331821442E0
5.424379065E1,4.237737060E-1,4.335899353E0,8.437167168E0
5.424577429E1,3.806780577E-1,4.295197964E0,8.542511940E0
5.424769690E1,3.327940404E-1,4.256890774E0,8.640673637E0
5.424968054E1,2.920926213E-1,4.213795185E0,8.731653214E0
5.425166418E1,2.657563984E-1,4.185064793E0,8.805873871E0
5.425367835E1,2.466027737E-1,4.149151325E0,8.875306129E0
5.425563147E1,2.274491638E-1,4.115632534E0,8.937555313E0
5.425764563E1,2.082955539E-1,4.089296341E0,8.980650902E0
5.425959876E1,1.891419291E-1,4.065354347E0,9.014169693E0
5.426161292E1,1.604115069E-1,4.041412354E0,9.030928612E0
5.426356604E1,1.244984865E-1,4.017470360E0,9.035717010E0
5.426554968E1,8.858546615E-2,4.007893562E0,9.042900085E0
5.426753332E1,5.746084079E-2,4.012681961E0,9.042900085E0
5.426951697E1,3.830722719E-2,4.017470360E0,9.030928612E0
5.427147009E1,2.154781483E-2,4.024652958E0,9.021351814E0
5.427345374E1,4.788403399E-3,4.031835556E0,9.018958092E0
5.427543738E1,-9.576806799E-3,4.041412354E0,9.011775017E0
5.427742102E1,-2.633621916E-2,4.053383350E0,8.987833023E0
5.427934363E1,-4.548983276E-2,4.055777550E0,8.959102631E0
5.428135779E1,-7.182604820E-2,4.043806553E0,8.930372238E0
5.428331091E1,-1.005564705E-1,4.041412354E0,8.892065048E0
5.428529456E1,-1.077390760E-1,4.041412354E0,8.844181061E0
5.428727820E1,-1.173158810E-1,4.036623955E0,8.793902397E0
5.428929236E1,-1.221042871E-1,4.029441357E0,8.753201485E0
5.429124548E1,-1.149216816E-1,4.027047157E0,8.705317497E0
5.429322913E1,-9.337386489E-2,4.022258759E0,8.647856712E0
5.429518225E1,-6.464344263E-2,4.010287762E0,8.588001251E0
5.429719641E1,-3.351882473E-2,4.024652958E0,8.525752068E0
5.429914954E1,-2.394201700E-3,4.053383350E0,8.465897560E0
5.430113318E1,5.027823523E-2,4.082113743E0,8.398859978E0
5.430311682E1,1.197100878E-1,4.108449936E0,8.327033043E0
5.430510046E1,1.843535304E-1,4.141968727E0,8.262390137E0
5.430705359E1,2.082955539E-1,4.161122322E0,8.233659744E0
5.430906775E1,2.394201756E-1,4.216189384E0,8.185775757E0
5.431102087E1,2.466027737E-1,4.230554581E0,8.171410561E0
5.431300452E1,2.753331959E-1,4.254496574E0,8.130708694E0
5.431492712E1,3.112462163E-1,4.290409565E0,8.066065788E0
5.431694128E1,3.543418646E-1,4.326322556E0,8.003816605E0
5.431889441E1,3.950432837E-1,4.347870350E0,7.939172745E0
5.432087805E1,4.620809257E-1,4.367023945E0,7.862558365E0
5.432286169E1,6.991068721E-1,4.405331135E0,7.718906403E0
5.432484534E1,9.457096457E-1,4.422090530E0,7.560888767E0
5.432679846E1,9.959878922E-1,4.400542736E0,7.553706169E0
5.432881262E1,9.074024558E-1,4.376600742E0,7.623138428E0
5.433076575E1,7.852981687E-1,4.350264549E0,7.666234016E0
5.433274939E1,6.823474765E-1,4.326322556E0,7.666234016E0
5.433467200E1,5.961562395E-1,4.295197964E0,7.647080421E0
5.433668616E1,5.075707436E-1,4.266467571E0,7.637503624E0
5.433866980E1,4.094084799E-1,4.240131378E0,7.627926826E0
5.434065344E1,3.064578176E-1,4.209006786E0,7.615955830E0
5.434263709E1,1.987187415E-1,4.187458992E0,7.584830761E0
5.434465124E1,9.576806426E-2,4.173093796E0,7.541735172E0
5.434660437E1,7.182605099E-3,4.170699596E0,7.498639584E0
5.434858801E1,-7.182604820E-2,4.168305397E0,7.469909191E0
5.435054114E1,-1.221042871E-1,4.161122322E0,7.462726593E0
5.435252478E1,-1.675941199E-1,4.158728123E0,7.479485989E0
5.435450842E1,-2.202665508E-1,4.175487995E0,7.510610580E0
5.435649207E1,-2.609679997E-1,4.197035789E0,7.546523571E0
5.435844519E1,-2.896983922E-1,4.209006786E0,7.577648163E0
5.436045935E1,-3.184288144E-1,4.216189384E0,7.603984833E0
5.436241248E1,-3.375824392E-1,4.204218388E0,7.611167431E0
5.436439612E1,-3.639186621E-1,4.185064793E0,7.611167431E0
5.436637976E1,-3.998316824E-1,4.120420933E0,7.611167431E0
5.436836340E1,-4.309563041E-1,4.024652958E0,7.618350029E0
5.437031653E1,-4.429273009E-1,3.981557369E0,7.630321026E0
5.437230017E1,-4.716577232E-1,3.960009575E0,7.661445618E0
5.437428381E1,-5.363011956E-1,3.943250179E0,7.699752808E0
5.437626746E1,-6.560112834E-1,3.933673382E0,7.730877399E0
5.437822058E1,-7.781155705E-1,3.943250179E0,7.750030994E0
5.438023474E1,-8.236053586E-1,3.974374771E0,7.726089001E0
5.438218787E1,-7.565677166E-1,4.022258759E0,7.656657219E0
5.438417151E1,-6.105214357E-1,4.070142746E0,7.584830761E0
5.438615515E1,-4.668693244E-1,4.110844135E0,7.556100368E0
5.438816931E1,-3.591302633E-1,4.134786129E0,7.568071365E0
5.439012244E1,-2.873041928E-1,4.151545525E0,7.599195957E0
5.439210608E1,-2.202665508E-1,4.177882195E0,7.630321026E0
5.439408972E1,-1.197100878E-1,4.223371983E0,7.673416615E0
5.439610388E1,4.788403399E-3,4.268861771E0,7.726089001E0
5.439805701E1,1.077390760E-1,4.316745758E0,7.783549786E0
5.440004065E1,1.987187415E-1,4.357447147E0,7.843404770E0
5.440202429E1,2.681505978E-1,4.400542736E0,7.898471355E0
5.440400793E1,3.136404157E-1,4.441244125E0,7.946355343E0
5.440593054E1,3.280056417E-1,4.479551315E0,7.989450932E0
5.440794470E1,3.303998411E-1,4.515464306E0,8.022970200E0
5.440989783E1,3.327940404E-1,4.553771496E0,8.039729118E0
5.441188147E1,3.375824392E-1,4.582501888E0,8.039729118E0
5.441383460E1,3.495534360E-1,4.601655483E0,8.018181801E0
5.441584876E1,3.543418646E-1,4.616020679E0,7.984662533E0
5.441780188E1,3.591302633E-1,4.632780075E0,7.946355343E0
5.441978552E1,3.687070608E-1,4.656722069E0,7.912836552E0
5.442176916E1,3.782838583E-1,4.668693542E0,7.886500359E0
5.442375281E1,3.926490843E-1,4.680664539E0,7.864952564E0
5.442567542E1,4.094084799E-1,4.685452938E0,7.826645374E0
5.442768958E1,4.213795066E-1,4.695029736E0,7.783549786E0
5.442964270E1,4.309563041E-1,4.707000732E0,7.738059998E0
5.443162634E1,4.333505034E-1,4.718971729E0,7.694964409E0
5.443354895E1,4.405331016E-1,4.730942726E0,7.663839817E0
5.443556311E1,4.453215301E-1,4.754884720E0,7.651868820E0
5.443751624E1,4.644751251E-1,4.778826714E0,7.651868820E0
5.443949988E1,4.908113480E-1,4.795586109E0,7.678205013E0
5.444148352E1,5.099649429E-1,4.809951305E0,7.728483200E0
5.444346716E1,5.243301988E-1,4.817133904E0,7.776367188E0
5.444545081E1,5.339069963E-1,4.817133904E0,7.821856976E0
5.444743445E1,5.363011956E-1,4.802768707E0,7.869740963E0
5.444935706E1,5.267243981E-1,4.786009312E0,7.915230751E0
5.445137122E1,5.171475410E-1,4.771644115E0,7.948749542E0
5.445332434E1,5.123591423E-1,4.766855717E0,7.958326340E0
5.445530798E1,4.955997467E-1,4.757278919E0,7.967903137E0
5.445726111E1,4.740519226E-1,4.728548527E0,7.977479935E0
5.445927527E1,4.548983276E-1,4.697423935E0,7.996633530E0
5.446125891E1,4.309563041E-1,4.685452938E0,8.018181801E0
5.446324255E1,3.950432837E-1,4.678270340E0,8.051700592E0
5.446522620E1,3.758896589E-1,4.668693542E0,8.111555099E0
5.446720984E1,3.687070608E-1,4.668693542E0,8.183381081E0
5.446916296E1,3.854664862E-1,4.683058739E0,8.259995461E0
5.447114661E1,4.812345505E-1,4.754884720E0,8.329427719E0
5.447313025E1,6.823474765E-1,4.888959885E0,8.401253700E0
5.447511389E1,9.504981041E-1,5.049371243E0,8.497021675E0
5.447703650E1,1.256955862E0,5.216965675E0,8.628703117E0
5.447905066E1,1.537077546E0,5.370194435E0,8.825027466E0
5.448100378E1,1.742978811E0,5.497087002E0,9.097966194E0
5.448298743E1,1.867477298E0,5.595249176E0,9.406818390E0
5.448497107E1,1.917755604E0,5.659893036E0,9.718064308E0
5.448695471E1,1.903390408E0,5.714959621E0,1.002691650E1
5.448893835E1,1.862688899E0,5.767632008E0,1.036689377E1
5.449095252E1,1.829170108E0,5.805939198E0,1.073560047E1
5.449290564E1,1.819593310E0,5.832275391E0,1.109473038E1
5.449488928E1,1.862688899E0,5.844246387E0,1.136527538E1
5.449687293E1,1.977610588E0,5.846640587E0,1.150653362E1
5.449888709E1,2.149993181E0,5.839457989E0,1.155441761E1
5.450080969E1,2.372653961E0,5.837063789E0,1.157357121E1
5.450282385E1,2.607285738E0,5.856217384E0,1.163342571E1
5.450477698E1,2.820369720E0,5.877765179E0,1.174355888E1
5.450676062E1,2.966415882E0,5.884947777E0,1.187045193E1
5.450871374E1,3.038241863E0,5.870582581E0,1.197340298E1
5.451069739E1,3.038241863E0,5.849034786E0,1.201410389E1
5.451268103E1,3.009511471E0,5.822698593E0,1.198537350E1
5.451466467E1,2.930502892E0,5.789179802E0,1.191594219E1
5.451661780E1,2.810792685E0,5.755661011E0,1.181538582E1
5.451863196E1,2.679111719E0,5.722142220E0,1.168849277E1
5.452058508E1,2.537853718E0,5.681440830E0,1.151132202E1
5.452256873E1,2.389413357E0,5.633556366E0,1.130063248E1
5.452455237E1,2.233790159E0,5.588066578E0,1.105163479E1
5.452656653E1,2.078166962E0,5.537788391E0,1.077390766E1
5.452851965E1,1.898601890E0,5.475539207E0,1.048420906E1
5.453050330E1,1.704671621E0,5.403713226E0,1.018493366E1
5.453248694E1,1.501164436E0,5.324704647E0,9.878476143E0
5.453447058E1,1.290474772E0,5.245696068E0,9.557653427E0
5.453645422E1,1.072602391E0,5.173870087E0,9.220070839E0
5.453843787E1,8.643068075E-1,5.118803024E0,8.846575737E0
5.454039099E1,6.727706790E-1,5.073313236E0,8.485051155E0
5.454240515E1,5.075707436E-1,5.032611847E0,8.159439087E0
5.454435828E1,3.663128614E-1,4.994304657E0,7.872135162E0
5.454634192E1,2.418143749E-1,4.965574265E0,7.637503624E0
5.454829504E1,1.292868853E-1,4.944026470E0,7.457938194E0
5.455027869E1,3.830722719E-2,4.929661274E0,7.316680431E0
5.455226233E1,-3.112462163E-2,4.915296078E0,7.223306656E0
5.455424597E1,-7.900865376E-2,4.903325081E0,7.170634270E0
5.455616858E1,-1.077390760E-1,4.896142483E0,7.146692276E0
5.455818274E1,-1.125274822E-1,4.888959885E0,7.156269073E0
5.456013586E1,-9.337386489E-2,4.896142483E0,7.180211067E0
5.456211951E1,-5.985504389E-2,4.905719280E0,7.213729858E0
5.456410315E1,-1.675941236E-2,4.912901878E0,7.259219646E0
5.456608679E1,1.197100803E-2,4.922478676E0,7.311892033E0
5.456803992E1,5.506663769E-2,4.944026470E0,7.357381821E0
5.457002356E1,1.197100878E-1,4.967968464E0,7.412448406E0
5.457194617E1,1.915361285E-1,4.982333660E0,7.474697590E0
5.457396033E1,2.777273953E-1,5.020640850E0,7.544129372E0
5.457591345E1,3.591302633E-1,5.051765442E0,7.623138428E0
5.457789710E1,3.734954596E-1,5.030217648E0,7.687781811E0
5.457988074E1,3.663128614E-1,4.984727859E0,7.711723804E0
5.458186438E1,4.022258818E-1,4.967968464E0,7.723694801E0
5.458381751E1,4.644751251E-1,4.987122059E0,7.757213593E0
5.458583166E1,5.243301988E-1,5.015852451E0,7.776367188E0
5.458778479E1,5.793967843E-1,5.042188644E0,7.783549786E0
5.458976843E1,6.464344859E-1,5.073313236E0,7.797914982E0
5.459172156E1,7.158663273E-1,5.106832027E0,7.826645374E0
5.459373572E1,7.996633649E-1,5.145139217E0,7.891288757E0
5.459568884E1,9.002198577E-1,5.202600479E0,8.001421928E0
5.459767249E1,1.000776291E0,5.276820660E0,8.135497093E0
5.459965613E1,1.079784989E0,5.339069843E0,8.257601738E0
5.460163977E1,1.149216771E0,5.391742229E0,8.362946510E0
5.460362341E1,1.206677675E0,5.432443619E0,8.463502884E0
5.460560706E1,1.249773264E0,5.482721806E0,8.552088737E0
5.460756018E1,1.316810966E0,5.523423195E0,8.623914719E0
5.460954382E1,1.391031146E0,5.554547787E0,8.702922821E0
5.461146643E1,1.417367458E0,5.564124584E0,8.748413086E0
5.461348059E1,1.458068848E0,5.578489780E0,8.844181061E0
5.461543372E1,1.503558636E0,5.588066578E0,8.959102631E0
5.461741736E1,1.558625340E0,5.602431774E0,9.093177795E0
5.461940100E1,1.601720929E0,5.607220173E0,9.234436035E0
5.462138464E1,1.640028119E0,5.597643375E0,9.349357605E0
5.462330725E1,1.685518026E0,5.580883980E0,9.433155060E0
5.462532141E1,1.745373011E0,5.559336185E0,9.490615845E0
5.462727454E1,1.798045516E0,5.525817394E0,9.509769440E0
5.462925818E1,1.838746905E0,5.477933407E0,9.483432770E0
5.463118079E1,1.881842494E0,5.439626217E0,9.421183586E0
5.463319495E1,1.915361404E0,5.406107426E0,9.334992409E0
5.463514807E1,1.872265697E0,5.336675644E0,9.258378029E0
5.463713171E1,1.757344007E0,5.236119270E0,9.179368973E0
5.463911536E1,1.596932530E0,5.142745018E0,9.085995674E0
5.464109900E1,1.417367458E0,5.078101635E0,8.990227699E0
5.464305212E1,1.268926859E0,5.042188644E0,8.884882927E0
5.464500525E1,1.168370485E0,5.035006046E0,8.753201485E0
5.464698889E1,1.118092179E0,5.058948040E0,8.626308441E0
5.464900305E1,1.091755986E0,5.109226227E0,8.492233276E0
5.465095618E1,1.084573388E0,5.171475887E0,8.362946510E0
5.465293982E1,1.118092179E0,5.231330872E0,8.252813339E0
5.465492346E1,1.182735682E0,5.281609058E0,8.161833763E0
5.465693762E1,1.268926859E0,5.334281445E0,8.094796181E0
5.465889075E1,1.367089152E0,5.377377033E0,8.063671112E0
5.466087439E1,1.489193439E0,5.410895824E0,8.056488991E0
5.466285803E1,1.587355733E0,5.418078423E0,8.044517517E0
5.466484168E1,1.388636947E0,5.240907669E0,8.006210327E0
5.466676428E1,1.146822572E0,5.087678432E0,7.927201748E0
5.466877844E1,1.261744261E0,5.128379822E0,7.869740963E0
5.467073157E1,1.613691926E0,5.228936672E0,7.888894558E0
5.467274573E1,1.975216389E0,5.284003258E0,7.967903137E0
5.467469885E1,2.236184359E0,5.279214859E0,8.061277390E0
5.467671301E1,2.422932148E0,5.231330872E0,8.161833763E0
5.467863562E1,2.597708941E0,5.173870087E0,8.293514252E0
5.468064978E1,2.839523315E0,5.118803024E0,8.470685959E0
5.468263342E1,3.138798475E0,5.063736439E0,8.695740700E0
5.468461707E1,3.356670856E0,4.982333660E0,8.966285706E0
5.468657019E1,3.457227230E0,4.879383087E0,9.275136948E0
5.468855383E1,3.488351822E0,4.769249916E0,9.600749016E0
5.469053748E1,3.476380825E0,4.661510944E0,9.943120003E0
5.469252112E1,3.421314240E0,4.553771496E0,1.029027843E1
5.469444373E1,3.335123062E0,4.431667328E0,1.061110210E1
5.469645789E1,3.215412855E0,4.276044369E0,1.088404083E1
5.469841101E1,3.069366693E0,4.106055737E0,1.109233665E1
5.470039465E1,2.908955097E0,3.919308186E0,1.123838234E1
5.470237830E1,2.734178305E0,3.725377798E0,1.134133339E1
5.470439246E1,2.542642117E0,3.519476414E0,1.142752457E1
5.470634558E1,2.355894566E0,3.311181068E0,1.149935055E1
5.470832922E1,2.171540976E0,3.112462282E0,1.154962921E1
5.471031287E1,1.991975784E0,2.923320293E0,1.157357121E1
5.471229651E1,1.814804912E0,2.746149302E0,1.158793640E1
5.471421912E1,1.642422318E0,2.571372509E0,1.157357121E1
5.471623328E1,1.472434044E0,2.408566952E0,1.152329254E1
5.471818640E1,1.314416766E0,2.257732153E0,1.144667816E1
5.472017004E1,1.165976286E0,2.118868589E0,1.132696819E1
5.472215369E1,1.027112484E0,1.991975784E0,1.117134476E1
5.472413733E1,8.762778044E-1,1.869871497E0,1.099896240E1
5.472605994E1,7.326257229E-1,1.754949808E0,1.082179165E1
5.472807410E1,6.057330370E-1,1.666364431E0,1.063743782E1
5.473002722E1,4.932055473E-1,1.606509328E0,1.045069027E1
5.473201086E1,4.118026793E-1,1.575384736E0,1.024239445E1
5.473399451E1,3.711012602E-1,1.563413739E0,9.993397713E0
5.473600867E1,3.639186621E-1,1.553836942E0,9.730035782E0
5.473796179E1,3.639186621E-1,1.551442742E0,9.466673851E0
5.473997595E1,3.902548850E-1,1.568202138E0,9.203310966E0
5.474195960E1,4.309563041E-1,1.618480325E0,8.947132111E0
5.474394324E1,4.788403511E-1,1.673547029E0,8.714894295E0
5.474586585E1,5.315127969E-1,1.745373011E0,8.508993149E0
5.474788001E1,5.746083856E-1,1.824381709E0,8.324639320E0
5.474983313E1,6.224924326E-1,1.924938202E0,8.166622162E0
5.475184729E1,6.871358752E-1,2.049436569E0,8.025363922E0
5.475380042E1,7.661445141E-1,2.169146776E0,7.903259754E0
5.475581458E1,8.379706144E-1,2.269703150E0,7.819462776E0
5.475776770E1,8.643068075E-1,2.319981337E0,7.790732384E0
5.475975134E1,9.289502501E-1,2.487575531E0,7.735665798E0
5.476173499E1,9.481038451E-1,2.542642117E0,7.728483200E0
5.476371863E1,9.983820915E-1,2.655169725E0,7.721300602E0
5.476564124E1,1.065419793E0,2.748543501E0,7.733271599E0
5.476765540E1,1.130063176E0,2.829946518E0,7.773972988E0
5.476960852E1,1.180341482E0,2.894589901E0,7.824251175E0
5.477162268E1,1.221042871E0,2.932897091E0,7.874529362E0
5.477357581E1,1.240196466E0,2.940079689E0,7.929595947E0
5.477558997E1,1.247379065E0,2.937685490E0,7.984662533E0
5.477751257E1,1.235408068E0,2.928108692E0,8.039729118E0
5.477952673E1,1.192312479E0,2.899378300E0,8.094796181E0
5.478151038E1,1.067813993E0,2.837129116E0,8.137891769E0
5.478349402E1,5.602431893E-1,2.621650934E0,8.169015884E0
5.478544714E1,-6.464344263E-2,2.401384354E0,8.128314972E0
5.478743079E1,-2.370259613E-1,2.377442360E0,8.037335396E0
5.478941443E1,-5.506663769E-2,2.420537949E0,7.984662533E0
5.479139807E1,2.035071403E-1,2.430114746E0,8.020575523E0
5.479335120E1,4.046200812E-1,2.403778553E0,8.128314972E0
5.479536536E1,5.171475410E-1,2.351106167E0,8.274360657E0
5.479731848E1,5.554547906E-1,2.305616140E0,8.434772491E0
5.479930212E1,5.793967843E-1,2.286462545E0,8.595184326E0
5.480128577E1,6.584054828E-1,2.312798738E0,8.755595207E0
5.480326941E1,7.398083210E-1,2.339135170E0,8.906430244E0
5.480522253E1,8.092401624E-1,2.324769735E0,9.069235802E0
5.480720618E1,8.212111592E-1,2.382230759E0,9.236829758E0
5.480918982E1,7.924807668E-1,2.494758129E0,9.294290543E0
5.481117346E1,7.493851185E-1,2.616862535E0,9.272743225E0
5.481309607E1,7.062895298E-1,2.726995707E0,9.210494041E0
5.481511023E1,6.248866320E-1,2.853888512E0,9.148244858E0
5.481706335E1,5.650315881E-1,2.975992680E0,9.050082207E0
5.481904700E1,5.817909837E-1,3.078943491E0,8.920795441E0
5.482103064E1,6.272808313E-1,3.157952070E0,8.779537201E0
5.482301428E1,6.727706790E-1,3.220201254E0,8.626308441E0
5.482496741E1,7.110779285E-1,3.275267839E0,8.461109161E0
5.482695105E1,7.589619160E-1,3.339911461E0,8.291120529E0
5.482893469E1,8.283938169E-1,3.421314240E0,8.121131897E0
5.483091834E1,9.121908545E-1,3.512293816E0,7.953537941E0
5.483284094E1,1.010353088E0,3.598485231E0,7.797914982E0
5.483485510E1,1.113303781E0,3.687070608E0,7.649474621E0
5.483680823E1,1.199495077E0,3.775655985E0,7.510610580E0
5.483879187E1,1.271321058E0,3.849876404E0,7.378929615E0
5.484077551E1,1.369483352E0,3.933673382E0,7.268796444E0
5.484275916E1,1.491587639E0,4.010287762E0,7.175422668E0
5.484471228E1,1.606509328E0,4.072536945E0,7.101202011E0
5.484669592E1,1.714248419E0,4.127603531E0,7.041347027E0
5.484861853E1,1.814804912E0,4.177882195E0,6.988674641E0
5.485063269E1,1.910573006E0,4.220977783E0,6.947973251E0
5.485258582E1,1.987187386E0,4.244919777E0,6.938396454E0
5.485456946E1,2.063801765E0,4.271255970E0,6.955155849E0
5.485655310E1,2.159569979E0,4.297592163E0,6.974309444E0
5.485853674E1,2.262520552E0,4.323928356E0,7.010222435E0
5.486048987E1,2.358288765E0,4.352658749E0,7.067683220E0
5.486250403E1,2.449268341E0,4.371812344E0,7.139509678E0
5.486445715E1,2.525882721E0,4.374206543E0,7.216124058E0
5.486644080E1,2.590526342E0,4.369418144E0,7.271190643E0
5.486836340E1,2.671929121E0,4.381389141E0,7.333439827E0
5.487037756E1,2.753331900E0,4.410119534E0,7.410054207E0
5.487233069E1,2.832340717E0,4.431667328E0,7.491456985E0
5.487431433E1,2.908955097E0,4.436455727E0,7.572859764E0
5.487629797E1,2.978386879E0,4.443638325E0,7.644686222E0
5.487828162E1,3.038241863E0,4.441244125E0,7.740454197E0
5.488020422E1,2.985569477E0,4.438849926E0,7.867346764E0
5.488218787E1,2.808398485E0,4.441244125E0,8.013393402E0
5.488417151E1,2.554613113E0,4.441244125E0,8.173804283E0
5.488618567E1,2.269703150E0,4.419696331E0,8.331821442E0
5.488813879E1,1.977610588E0,4.395754337E0,8.449137688E0
5.489012244E1,1.716642618E0,4.352658749E0,8.520963669E0
5.489210608E1,1.498770237E0,4.278438568E0,8.537723541E0
5.489408972E1,1.300051570E0,4.189853191E0,8.520963669E0
5.489604285E1,1.110909581E0,4.074931145E0,8.487444878E0
5.489805701E1,9.409212470E-1,3.948038578E0,8.446743965E0
5.490001013E1,8.738836050E-1,3.890577793E0,8.420407295E0
5.490196326E1,7.757213712E-1,3.780444384E0,8.355764389E0
5.490391638E1,6.919242740E-1,3.689464808E0,8.315062523E0
5.490593054E1,6.344634295E-1,3.617638826E0,8.307879448E0
5.490788367E1,5.985504389E-1,3.550601006E0,8.305485725E0
5.490989783E1,5.913678408E-1,3.493140221E0,8.327033043E0
5.491185095E1,6.057330370E-1,3.445256233E0,8.362946510E0
5.491386511E1,6.153098345E-1,3.397372246E0,8.425195694E0
5.491578772E1,6.344634295E-1,3.373430252E0,8.504204750E0
5.491780188E1,6.871358752E-1,3.380612850E0,8.578424454E0
5.491978552E1,7.685387731E-1,3.409343243E0,8.638279915E0
5.492176916E1,8.690952063E-1,3.438073635E0,8.676587105E0
5.492372229E1,9.457096457E-1,3.462015629E0,8.722076416E0
5.492570593E1,1.003170490E0,3.490746021E0,8.774748802E0
5.492768958E1,1.086967587E0,3.529053211E0,8.815450668E0
5.492967322E1,1.194706678E0,3.576937437E0,8.870517731E0
5.493159582E1,1.297657371E0,3.634398222E0,8.937555313E0
5.493360999E1,1.376665950E0,3.677493811E0,8.975862503E0
5.493556311E1,1.458068848E0,3.725377798E0,8.961497307E0
5.493754675E1,1.575384736E0,3.799597979E0,8.892065048E0
5.493953040E1,1.707065821E0,3.873818398E0,8.810662270E0
5.494151404E1,1.843535304E0,3.955221176E0,8.731653214E0
5.494346716E1,1.975216389E0,4.048594952E0,8.652645111E0
5.494545081E1,2.085349798E0,4.129997730E0,8.583212852E0
5.494740393E1,2.181117773E0,4.211400986E0,8.520963669E0
5.494941809E1,2.252943754E0,4.299986362E0,8.453926086E0
5.495137122E1,2.303221941E0,4.393360138E0,8.365341187E0
5.495335486E1,2.360682964E0,4.472368717E0,8.252813339E0
5.495533850E1,2.418143749E0,4.532223701E0,8.161833763E0
5.495732214E1,2.473210335E0,4.594472885E0,8.090007782E0
5.495924475E1,2.528276920E0,4.654327869E0,8.018181801E0
5.496125891E1,2.557007313E0,4.697423935E0,7.934384346E0
5.496321204E1,2.559401512E0,4.728548527E0,7.838616371E0
5.496519568E1,2.542642117E0,4.757278919E0,7.718906403E0
5.496711829E1,2.501940727E0,4.786009312E0,7.582436562E0
5.496913245E1,2.434903145E0,4.781220913E0,7.433996201E0
5.497108557E1,2.353500366E0,4.759673119E0,7.275979042E0
5.497306921E1,2.279279947E0,4.730942726E0,7.125144482E0
5.497505286E1,2.217030764E0,4.690241337E0,6.981492043E0
5.497703650E1,2.181117773E0,4.630385876E0,6.866570473E0
5.497898962E1,2.147598982E0,4.546588898E0,6.787561893E0
5.498100378E1,2.102109194E0,4.450820923E0,6.751648903E0
5.498295691E1,2.049436569E0,4.350264549E0,6.756437302E0
5.498494055E1,1.987187386E0,4.252102375E0,6.782773495E0
5.498686316E1,1.922544003E0,4.165910721E0,6.840234280E0
5.498887732E1,1.855506301E0,4.084507942E0,6.921637058E0
5.499083044E1,1.778891921E0,4.012681961E0,7.022193432E0
5.499281409E1,1.702277422E0,3.948038578E0,7.134721279E0
5.499479773E1,1.625662923E0,3.892971992E0,7.249642849E0
5.499678137E1,1.541865945E0,3.842693806E0,7.350199223E0
5.499873450E1,1.455674648E0,3.794809580E0,7.448361397E0
5.500074866E1,1.381454349E0,3.746925592E0,7.556100368E0
5.500270178E1,1.323993564E0,3.703830004E0,7.671022415E0
5.500468543E1,1.278503656E0,3.675099611E0,7.783549786E0
5.500663855E1,1.254561663E0,3.653551817E0,7.905653954E0
5.500865271E1,1.252167463E0,3.643975019E0,8.034940720E0
5.501060584E1,1.266532660E0,3.639186621E0,8.171410561E0
5.501258948E1,1.290474772E0,3.629609823E0,8.319850922E0
5.501457312E1,1.316810966E0,3.620033026E0,8.463502884E0
5.501655676E1,1.352723956E0,3.617638826E0,8.609549522E0
5.501847937E1,1.405396342E0,3.617638826E0,8.741230011E0
5.502049353E1,1.465251446E0,3.620033026E0,8.875306129E0
5.502244666E1,1.534683347E0,3.632004023E0,8.997409821E0
5.502443030E1,1.623268723E0,3.651157618E0,9.090784073E0
5.502635290E1,1.671152830E0,3.663128614E0,9.133879662E0
5.502836707E1,1.817199111E0,3.715801001E0,9.253589630E0
5.503032019E1,1.862688899E0,3.737348795E0,9.289502144E0
5.503230383E1,1.948880196E0,3.785232782E0,9.320627213E0
5.503428748E1,2.037465572E0,3.835511208E0,9.311050415E0
5.503627112E1,2.116474390E0,3.892971992E0,9.284713745E0
5.503819373E1,2.195482969E0,3.962403774E0,9.248801231E0
5.504017737E1,2.257732153E0,4.041412354E0,9.208099365E0
5.504213049E1,2.293645144E0,4.122815132E0,9.107542992E0
5.504414465E1,2.331952572E0,4.201824188E0,8.971074104E0
5.504609778E1,2.384624958E0,4.280832767E0,8.834604263E0
5.504811194E1,2.442085743E0,4.369418144E0,8.693346024E0
5.505006506E1,2.521094322E0,4.472368717E0,8.566453934E0
5.505207922E1,2.621650934E0,4.570530891E0,8.429984093E0
5.505403235E1,2.746149302E0,4.673481941E0,8.190564156E0
5.505601599E1,2.990357876E0,4.824316502E0,7.548917770E0
5.505799963E1,3.275267839E0,5.001487255E0,6.816292286E0
5.505998328E1,3.462015629E0,5.169081688E0,6.409277916E0
5.506190588E1,3.531447411E0,5.305551052E0,6.272808552E0
5.506392004E1,3.490746021E0,5.394136429E0,6.253654957E0
5.506590369E1,3.390189648E0,5.442020416E0,6.315904140E0
5.506788733E1,3.258508444E0,5.456385612E0,6.397306919E0
5.506984045E1,3.112462282E0,5.442020416E0,6.461950302E0
5.507185461E1,2.987963676E0,5.406107426E0,6.526593685E0
5.507380774E1,2.892195702E0,5.341464043E0,6.610390663E0
5.507579138E1,2.832340717E0,5.262455463E0,6.722918510E0
5.507777502E1,2.806004286E0,5.188235283E0,6.845022678E0
5.507975867E1,2.813186884E0,5.125985622E0,6.962338448E0
5.508171179E1,2.839523315E0,5.082890034E0,7.072471619E0
5.508369543E1,2.877830505E0,5.063736439E0,7.165845871E0
5.508567908E1,2.908955097E0,5.051765442E0,7.247248650E0
5.508766272E1,2.913743496E0,5.049371243E0,7.321468830E0
5.508958533E1,2.916137695E0,5.046977043E0,7.390900612E0
5.509159949E1,2.916137695E0,5.049371243E0,7.457938194E0
5.509355261E1,2.913743496E0,5.056553841E0,7.520187378E0
5.509553626E1,2.923320293E0,5.066130638E0,7.582436562E0
5.509751990E1,2.964021683E0,5.078101635E0,7.625532627E0
5.509950354E1,3.040636063E0,5.104437828E0,7.654263020E0
5.510145666E1,3.129221678E0,5.130774021E0,7.663839817E0
5.510344031E1,3.186682463E0,5.154716492E0,7.680599213E0
5.510542395E1,3.222595453E0,5.185841084E0,7.706935406E0
5.510740759E1,3.268085241E0,5.243301868E0,7.726089001E0
5.510933020E1,3.330334663E0,5.312733650E0,7.735665798E0
5.511134436E1,3.368641853E0,5.370194435E0,7.740454197E0
5.511329749E1,3.347094059E0,5.401319027E0,7.733271599E0
5.511528113E1,3.292027235E0,5.420472622E0,7.706935406E0
5.511726477E1,3.169923067E0,5.406107426E0,7.615955830E0
5.511924841E1,2.964021683E0,5.348646641E0,7.450755596E0
5.512120154E1,2.734178305E0,5.284003258E0,7.264008045E0
5.512318518E1,2.537853718E0,5.224148273E0,7.089231014E0
5.512516882E1,2.391807556E0,5.157110691E0,6.940790653E0
5.512715247E1,2.286462545E0,5.097255230E0,6.809109688E0
5.512907507E1,2.221819162E0,5.054159641E0,6.684611320E0
5.513108923E1,2.197877169E0,5.023035049E0,6.579266071E0
5.513304236E1,2.202665567E0,4.996698856E0,6.509834290E0
5.513502600E1,2.217030764E0,4.970362663E0,6.471527100E0
5.513700964E1,2.238578558E0,4.958391666E0,6.445190907E0
5.513899329E1,2.262520552E0,4.953603268E0,6.445190907E0
5.514097693E1,2.284068346E0,4.958391666E0,6.471527100E0
5.514296057E1,2.284068346E0,4.965574265E0,6.509834290E0
5.514488318E1,2.262520552E0,4.977545261E0,6.538564682E0
5.514689734E1,2.217030764E0,4.996698856E0,6.560112476E0
5.514885046E1,2.097320795E0,5.051765442E0,6.576871872E0
5.515083411E1,1.941697598E0,5.116408825E0,6.552929878E0
5.515281775E1,1.853112102E0,5.147533417E0,6.545747280E0
5.515480139E1,1.814804912E0,5.140350819E0,6.600813866E0
5.515672400E1,1.793257117E0,5.111620426E0,6.696582317E0
5.515873816E1,1.807622313E0,5.116408825E0,6.806715488E0
5.516069128E1,1.862688899E0,5.149928093E0,6.945579052E0
5.516267493E1,1.898601890E0,5.169081688E0,7.015010834E0
5.516462805E1,1.984793186E0,5.185841084E0,7.144298077E0
5.516664221E1,2.063801765E0,5.178658485E0,7.278373241E0
5.516859534E1,2.104503393E0,5.149928093E0,7.429207802E0
5.517057898E1,2.118868589E0,5.125985622E0,7.580042362E0
5.517256262E1,2.142810583E0,5.140350819E0,7.747636795E0
5.517454627E1,2.161964178E0,5.169081688E0,7.931990147E0
5.517646887E1,2.166752577E0,5.193023682E0,8.118738174E0
5.517848303E1,2.152387381E0,5.212177277E0,8.305485725E0
5.518043616E1,2.123656988E0,5.226542473E0,8.482656479E0
5.518245032E1,2.066195965E0,5.219359875E0,8.638279915E0
5.518440344E1,1.991975784E0,5.193023682E0,8.779537201E0
5.518641760E1,1.910573006E0,5.157110691E0,8.916007042E0
5.518837073E1,1.829170108E0,5.109226227E0,9.028534889E0
5.519035437E1,1.769315004E0,5.061342239E0,9.112331390E0
5.519233801E1,1.726219416E0,5.013458252E0,9.181763649E0
5.519432166E1,1.675941229E0,4.965574265E0,9.215282440E0
5.519624426E1,1.623268723E0,4.915296078E0,9.220070839E0
5.519825842E1,1.570596337E0,4.876988888E0,9.212887764E0
5.520021155E1,1.510741234E0,4.836287498E0,9.184157372E0
5.520219519E1,1.453280449E0,4.790797710E0,9.126696587E0
5.520414832E1,1.403002143E0,4.759673119E0,9.038111687E0
5.520616248E1,1.345541358E0,4.735731125E0,8.920795441E0
5.520811560E1,1.288080573E0,4.718971729E0,8.793902397E0
5.521009924E1,1.221042871E0,4.714183331E0,8.667010307E0
5.521205237E1,1.156399369E0,4.714183331E0,8.520963669E0
5.521406653E1,1.115697980E0,4.709394932E0,8.377311707E0
5.521601965E1,1.098938584E0,4.711789131E0,8.245630264E0
5.521803381E1,1.086967587E0,4.728548527E0,8.128314972E0
5.521998694E1,1.089361787E0,4.762067318E0,8.008605003E0
5.522200110E1,1.108515382E0,4.797980309E0,7.896077156E0
5.522395422E1,1.144428372E0,4.833893299E0,7.783549786E0
5.522596838E1,1.185129881E0,4.876988888E0,7.673416615E0
5.522792151E1,1.228225470E0,4.932055473E0,7.565677166E0
5.522990515E1,1.276109457E0,4.984727859E0,7.462726593E0
5.523188879E1,1.338358760E0,5.037400246E0,7.359776020E0
5.523387244E1,1.407790542E0,5.099649429E0,7.266402245E0
5.523579504E1,1.474828243E0,5.169081688E0,7.187393665E0
5.523777869E1,1.546654344E0,5.238513470E0,7.132327080E0
5.523976233E1,1.632845521E0,5.293580055E0,7.079654217E0
5.524177649E1,1.731007814E0,5.343858242E0,7.022193432E0
5.524372961E1,1.898601890E0,5.341464043E0,6.967126846E0
5.524571326E1,2.075772762E0,5.315127850E0,6.916848660E0
5.524769690E1,2.157175779E0,5.339069843E0,6.883329868E0
5.524968054E1,2.166752577E0,5.374982834E0,6.861782074E0
5.525160315E1,2.135627985E0,5.396530628E0,6.856993675E0
5.525361731E1,2.099714994E0,5.410895824E0,6.861782074E0
5.525557043E1,2.073378563E0,5.420472622E0,6.873753071E0
5.525755408E1,2.037465572E0,5.427655220E0,6.878541470E0
5.525953772E1,1.994369984E0,5.425261021E0,6.883329868E0
5.526155188E1,1.936909199E0,5.413290024E0,6.895300865E0
5.526350501E1,1.869871497E0,5.406107426E0,6.933608055E0
5.526548865E1,1.793257117E0,5.401319027E0,6.991068840E0
5.526747229E1,1.714248419E0,5.394136429E0,7.058106422E0
5.526945593E1,1.625662923E0,5.389348030E0,7.132327080E0
5.527140906E1,1.520318031E0,5.391742229E0,7.211335659E0
5.527342322E1,1.419761658E0,5.410895824E0,7.273584843E0
5.527537634E1,1.340752959E0,5.432443619E0,7.319074631E0
5.527735999E1,1.283292055E0,5.451597214E0,7.354987621E0
5.527928259E1,1.240196466E0,5.475539207E0,7.383718014E0
5.528129675E1,1.187524080E0,5.509057999E0,7.426813602E0
5.528328040E1,1.130063176E0,5.540182590E0,7.474697590E0
5.528526404E1,1.084573388E0,5.547365189E0,7.517793179E0
5.528721716E1,1.074996591E0,5.532999992E0,7.563282967E0
5.528923132E1,1.101332784E0,5.511452198E0,7.603984833E0
5.529118445E1,1.156399369E0,5.485116005E0,7.632715225E0
5.529316809E1,1.235408068E0,5.444414616E0,7.651868820E0
5.529515173E1,1.340752959E0,5.406107426E0,7.673416615E0
5.529713538E1,1.448492050E0,5.365406036E0,7.718906403E0
5.529908850E1,1.549048543E0,5.331887245E0,7.773972988E0
5.530107214E1,1.637633920E0,5.305551052E0,7.838616371E0
5.530305579E1,1.709460020E0,5.279214859E0,7.915230751E0
5.530503943E1,1.766920805E0,5.264849663E0,8.006210327E0
5.530699255E1,1.805228114E0,5.255272865E0,8.092401505E0
5.530900671E1,1.829170108E0,5.252878666E0,8.169015884E0
5.531095984E1,1.814804912E0,5.252878666E0,8.233659744E0
5.531294348E1,1.786074519E0,5.260061264E0,8.276755333E0
5.531492712E1,1.757344007E0,5.272032261E0,8.307879448E0
5.531691077E1,1.709460020E0,5.293580055E0,8.317456245E0
5.531886389E1,1.678335428E0,5.303156853E0,8.312667847E0
5.532084753E1,1.611297727E0,5.319916248E0,8.303091049E0
5.532283118E1,1.556231141E0,5.331887245E0,8.293514252E0
5.532481482E1,1.508347034E0,5.336675644E0,8.286332130E0
5.532673743E1,1.470039845E0,5.339069843E0,8.279149055E0
5.532875159E1,1.434126854E0,5.339069843E0,8.276755333E0
5.533070471E1,1.400607944E0,5.336675644E0,8.279149055E0
5.533268835E1,1.371877551E0,5.322310448E0,8.271966934E0
5.533467200E1,1.343147159E0,5.310339451E0,8.264783859E0
5.533668616E1,1.316810966E0,5.303156853E0,8.262390137E0
5.533866980E1,1.295263171E0,5.298368454E0,8.264783859E0
5.534068396E1,1.283292055E0,5.298368454E0,8.267178535E0
5.534263709E1,1.280897856E0,5.291185856E0,8.279149055E0
5.534462073E1,1.278503656E0,5.291185856E0,8.283937454E0
5.534660437E1,1.268926859E0,5.293580055E0,8.286332130E0
5.534858801E1,1.271321058E0,5.307945251E0,8.274360657E0
5.535051062E1,1.266532660E0,5.315127850E0,8.236053467E0
5.535252478E1,1.247379065E0,5.317522049E0,8.176198959E0
5.535447790E1,1.225831270E0,5.317522049E0,8.097189903E0
5.535646155E1,1.199495077E0,5.317522049E0,8.006210327E0
5.535844519E1,1.165976286E0,5.322310448E0,7.905653954E0
5.536045935E1,1.132457376E0,5.324704647E0,7.795520782E0
5.536241248E1,1.096544385E0,5.334281445E0,7.680599213E0
5.536439612E1,1.074996591E0,5.351040840E0,7.575253963E0
5.536637976E1,1.055842996E0,5.370194435E0,7.498639584E0
5.536836340E1,1.046266198E0,5.403713226E0,7.455543995E0
5.537031653E1,1.051054597E0,5.446808815E0,7.431602001E0
5.537233069E1,1.072602391E0,5.487510204E0,7.426813602E0
5.537428381E1,1.098938584E0,5.521028996E0,7.445967197E0
5.537623694E1,1.120486379E0,5.561730385E0,7.484274387E0
5.537822058E1,1.149216771E0,5.607220173E0,7.529764175E0
5.538023474E1,1.177947283E0,5.650316238E0,7.577648163E0
5.538218787E1,1.204283476E0,5.695806026E0,7.644686222E0
5.538417151E1,1.242590666E0,5.746084213E0,7.716512203E0
5.538615515E1,1.302445769E0,5.803544998E0,7.793126583E0
5.538813879E1,1.359906554E0,5.870582581E0,7.867346764E0
5.539006140E1,1.410184860E0,5.932831764E0,7.939172745E0
5.539207556E1,1.458068848E0,5.992686749E0,8.008605003E0
5.539402869E1,1.503558636E0,6.045359135E0,8.078036308E0
5.539601233E1,1.544260144E0,6.090848923E0,8.145073891E0
5.539799597E1,1.580173135E0,6.124367714E0,8.228871346E0
5.540001013E1,1.608903527E0,6.153098583E0,8.312667847E0
5.540196326E1,1.625662923E0,6.174646378E0,8.398859978E0
5.540394690E1,1.618480325E0,6.196194172E0,8.473079681E0
5.540593054E1,1.604115129E0,6.212953568E0,8.532935143E0
5.540791418E1,1.599326730E0,6.189011574E0,8.590395927E0
5.540986731E1,1.594538331E0,6.138733387E0,8.652645111E0
5.541188147E1,1.604115129E0,6.078877926E0,8.722076416E0
5.541383460E1,1.620874524E0,6.007051945E0,8.817844391E0
5.541581824E1,1.644816518E0,5.935225964E0,8.908824921E0
5.541777136E1,1.654393315E0,5.870582581E0,9.011775017E0
5.541976712E1,1.651999116E0,5.798756599E0,9.160215378E0
5.542168973E1,1.642422318E0,5.724536419E0,9.334992409E0
5.542370389E1,1.637633920E0,5.647922039E0,9.531316757E0
5.542565701E1,1.632845521E0,5.568912983E0,9.744400978E0
5.542764066E1,1.630451322E0,5.492298603E0,9.969455719E0
5.542962430E1,1.630451322E0,5.420472622E0,1.019211674E1
5.543160794E1,1.635239720E0,5.351040840E0,1.041717148E1
5.543353055E1,1.656787634E0,5.284003258E0,1.064222622E1
5.543551419E1,1.680729628E0,5.204994678E0,1.087207031E1
5.543749783E1,1.690306425E0,5.118803024E0,1.109473038E1
5.543948148E1,1.680729628E0,5.030217648E0,1.129584408E1
5.544140408E1,1.666364431E0,4.939238071E0,1.149456215E1
5.544341824E1,1.640028119E0,4.843470097E0,1.168609810E1
5.544537137E1,1.601720929E0,4.723760128E0,1.187284660E1
5.544735501E1,1.549048543E0,4.592078686E0,1.203565216E1
5.544933865E1,1.484405041E0,4.458003521E0,1.216972733E1
5.545135281E1,1.405396342E0,4.326322556E0,1.227746677E1
5.545330594E1,1.312022567E0,4.194641590E0,1.236365795E1
5.545528958E1,1.206677675E0,4.067748547E0,1.243548393E1
5.545727322E1,1.096544385E0,3.962403774E0,1.248097324E1
5.545928738E1,9.888052940E-1,3.873818398E0,1.250491524E1
5.546124051E1,9.026140571E-1,3.787626982E0,1.251209831E1
5.546322415E1,8.283938169E-1,3.708618402E0,1.250252151E1
5.546520779E1,7.733271718E-1,3.627215624E0,1.246181965E1
5.546722195E1,7.326257229E-1,3.548206806E0,1.240196514E1
5.546914456E1,7.182605267E-1,3.481169224E0,1.232774448E1
5.547115872E1,6.991068721E-1,3.430891037E0,1.223915863E1
5.547311185E1,6.799532771E-1,3.390189648E0,1.215296745E1
5.547509549E1,6.679822803E-1,3.361459255E0,1.205959415E1
5.547701810E1,6.607996821E-1,3.349488258E0,1.201171017E1
5.547903226E1,6.488286853E-1,3.330334663E0,1.192073059E1
5.548101590E1,6.488286853E-1,3.325546265E0,1.183214474E1
5.548299954E1,6.560112834E-1,3.320757866E0,1.172440529E1
5.548495267E1,6.679822803E-1,3.320757866E0,1.161666679E1
5.548696683E1,7.015010715E-1,3.325546265E0,1.151132202E1
5.548891995E1,7.469909191E-1,3.349488258E0,1.140358257E1
5.549090359E1,8.020575643E-1,3.371036053E0,1.129823780E1
5.549288724E1,8.523358107E-1,3.390189648E0,1.118570995E1
5.549487088E1,9.145850539E-1,3.411737442E0,1.107078838E1
5.549685452E1,9.816226959E-1,3.435679436E0,1.096304989E1
5.549883816E1,1.053448796E0,3.478775024E0,1.085770512E1
5.550082181E1,1.151610970E0,3.541024208E0,1.075235939E1
5.550280545E1,1.233013868E0,3.598485231E0,1.065419769E1
5.550472806E1,1.276109457E0,3.620033026E0,1.056321812E1
5.550674222E1,1.321599364E0,3.620033026E0,1.046505547E1
5.550869534E1,1.379060149E0,3.639186621E0,1.035971069E1
5.551067899E1,1.438915253E0,3.665522814E0,1.023760605E1
5.551266263E1,1.496376038E0,3.699041605E0,1.009395409E1
5.551464627E1,1.549048543E0,3.725377798E0,9.943120003E0
5.551659940E1,1.589749932E0,3.737348795E0,9.789890289E0
5.551861356E1,1.618480325E0,3.722983599E0,9.619902611E0
5.552056668E1,1.623268723E0,3.699041605E0,9.459490776E0
5.552258084E1,1.570596337E0,3.682282209E0,9.301473618E0
5.552453397E1,1.479616642E0,3.655946016E0,9.107542992E0
5.552651761E1,1.376665950E0,3.639186621E0,8.887276649E0
5.552850125E1,1.273715258E0,3.634398222E0,8.633491516E0
5.553048489E1,1.173158884E0,3.627215624E0,8.370129585E0
5.553243802E1,1.086967587E0,3.620033026E0,8.123526573E0
5.553445218E1,9.888052940E-1,3.600879431E0,7.910442352E0
5.553637479E1,8.619126081E-1,3.576937437E0,7.718906403E0
5.553838895E1,7.422025204E-1,3.557783842E0,7.541735172E0
5.554037259E1,6.440402865E-1,3.538630009E0,7.378929615E0
5.554235623E1,5.722141862E-1,3.521870613E0,7.232883453E0
5.554430936E1,5.339069963E-1,3.507505417E0,7.105990410E0
5.554632352E1,4.979939461E-1,3.485957623E0,6.998251438E0
5.554827664E1,4.644751251E-1,3.478775024E0,6.914454460E0
5.555026028E1,4.381389022E-1,3.485957623E0,6.849811077E0
5.555224393E1,4.213795066E-1,3.490746021E0,6.799532890E0
5.555422757E1,4.141969085E-1,3.512293816E0,6.749254704E0
5.555615018E1,4.046200812E-1,3.536235809E0,6.694188118E0
5.555816434E1,3.902548850E-1,3.562572241E0,6.639121532E0
5.556011746E1,3.854664862E-1,3.581725836E0,6.591237068E0
5.556213162E1,3.902548850E-1,3.603273630E0,6.550535679E0
5.556408475E1,3.902548850E-1,3.629609823E0,6.497863293E0
5.556609891E1,3.782838583E-1,3.651157618E0,6.442796707E0
5.556805203E1,3.567360640E-1,3.672705412E0,6.385335922E0
5.557003567E1,3.232172430E-1,3.691859007E0,6.318298340E0
5.557201932E1,2.825157940E-1,3.703830004E0,6.246472359E0
5.557400296E1,2.274491638E-1,3.706224203E0,6.191405773E0
5.557595608E1,1.747767180E-1,3.706224203E0,6.162675381E0
5.557793973E1,1.197100878E-1,3.706224203E0,6.148310184E0
5.557992337E1,5.746084079E-2,3.706224203E0,6.150704384E0
5.558190701E1,1.197100803E-2,3.703830004E0,6.169857979E0
5.558382962E1,-9.576806799E-3,3.703830004E0,6.198588371E0
5.558584378E1,-2.873042040E-2,3.689464808E0,6.246472359E0
5.558874295E1,-5.746084079E-2,3.634398222E0,6.368576527E0
5.558984158E1,-6.943184882E-2,3.612850428E0,6.426037312E0
5.559182522E1,-1.101332754E-1,3.572149038E0,6.567295074E0
5.559380887E1,-1.747767180E-1,3.533841610E0,6.720524311E0
5.559576199E1,-2.466027737E-1,3.502717018E0,6.873753071E0
5.559774564E1,-3.160346150E-1,3.476380825E0,7.012616634E0
5.559969876E1,-3.998316824E-1,3.435679436E0,7.139509678E0
5.560171292E1,-4.955997467E-1,3.394978046E0,7.252037048E0
5.560366605E1,-5.889736414E-1,3.363853455E0,7.357381821E0
5.560564969E1,-6.679822803E-1,3.325546265E0,7.448361397E0
5.560763333E1,-7.278373241E-1,3.289633036E0,7.527369976E0
5.560961697E1,-7.829039693E-1,3.256114244E0,7.618350029E0
5.561153958E1,-8.259995580E-1,3.215412855E0,7.730877399E0
5.561352322E1,-8.523358107E-1,3.181894064E0,7.841010571E0
5.561547635E1,-8.786720037E-1,3.150769472E0,7.946355343E0
5.561745999E1,-8.978256583E-1,3.114856482E0,8.058882713E0
5.561941312E1,-9.241618514E-1,3.069366693E0,8.166622162E0
5.562139676E1,-9.504981041E-1,3.031059265E0,8.274360657E0
5.562341092E1,-9.672574997E-1,2.995146275E0,8.377311707E0
5.562539456E1,-9.696516991E-1,2.968810081E0,8.485051155E0
5.562734769E1,-9.648633003E-1,2.952050686E0,8.602366447E0
5.562936185E1,-9.528923035E-1,2.935291290E0,8.712499619E0
5.563131497E1,-9.313444495E-1,2.928108692E0,8.813055992E0
5.563329861E1,-9.026140571E-1,2.935291290E0,8.894459724E0
5.563525174E1,-8.858546019E-1,2.940079689E0,8.930372238E0
5.563723538E1,-8.259995580E-1,2.949656487E0,9.016563416E0
5.563921902E1,-8.044517636E-1,2.952050686E0,9.045293808E0
5.564120267E1,-7.541735172E-1,2.964021683E0,9.102754593E0
5.564312527E1,-6.895300746E-1,2.980781078E0,9.160215378E0
5.564513943E1,-6.248866320E-1,2.995146275E0,9.227252960E0
5.564709256E1,-5.482721925E-1,3.019088268E0,9.279925346E0
5.564907620E1,-4.692635238E-1,3.050212860E0,9.327810287E0
5.565109036E1,-3.926490843E-1,3.086126089E0,9.387664795E0
5.565310452E1,-3.112462163E-1,3.122039080E0,9.445125580E0
5.565508816E1,-2.370259613E-1,3.153163671E0,9.493009567E0
5.565707181E1,-1.723825186E-1,3.189076662E0,9.540893555E0
5.565905545E1,-1.053448766E-1,3.229778051E0,9.588777542E0
5.566106961E1,-4.309562966E-2,3.277662039E0,9.636661530E0
5.566302274E1,-9.576806799E-3,3.313575268E0,9.670180321E0
5.566500638E1,1.675941236E-2,3.344699860E0,9.677363396E0
5.566699002E1,4.070143029E-2,3.371036053E0,9.660603523E0
5.566897366E1,5.027823523E-2,3.387795448E0,9.624691010E0
5.567089627E1,4.309562966E-2,3.390189648E0,9.562441826E0
5.567291043E1,3.112462163E-2,3.387795448E0,9.488221169E0
5.567483304E1,2.394201700E-3,3.375824451E0,9.399636269E0
5.567684720E1,-3.591302410E-2,3.351882458E0,9.296685219E0
5.567886136E1,-7.422025502E-2,3.323152065E0,9.181763649E0
5.568087552E1,-1.149216816E-1,3.301604033E0,9.064447403E0
5.568285916E1,-1.460463107E-1,3.296815634E0,8.951920509E0
5.568484280E1,-1.699883193E-1,3.296815634E0,8.846575737E0
5.568685696E1,-1.939303428E-1,3.294421434E0,8.741230011E0
5.568884061E1,-2.130839527E-1,3.292027235E0,8.640673637E0
5.569079373E1,-2.202665508E-1,3.303998232E0,8.542511940E0
5.569280789E1,-2.226607651E-1,3.332728863E0,8.451532364E0
5.569476102E1,-2.250549644E-1,3.361459255E0,8.362946510E0
5.569674466E1,-2.202665508E-1,3.385401249E0,8.286332130E0
5.569869778E1,-1.987187415E-1,3.428496838E0,8.214506149E0
5.570068143E1,-1.699883193E-1,3.469198227E0,8.149862289E0
5.570263455E1,-1.292868853E-1,3.505111217E0,8.090007782E0
5.570461819E1,-8.379705995E-2,3.543418407E0,8.039729118E0
5.570663235E1,-1.436521020E-2,3.574543238E0,7.996633530E0
5.570861600E1,5.985504389E-2,3.593696833E0,7.963114738E0
5.571059964E1,1.316810995E-1,3.612850428E0,7.946355343E0
5.571258328E1,1.867477298E-1,3.634398222E0,7.941566944E0
5.571456692E1,2.322375625E-1,3.636792421E0,7.948749542E0
5.571655057E1,2.585737705E-1,3.634398222E0,7.967903137E0
5.571847317E1,2.633621991E-1,3.629609823E0,8.008605003E0
5.572048734E1,2.561795712E-1,3.627215624E0,8.078036308E0
5.572244046E1,2.370259613E-1,3.612850428E0,8.157045364E0
5.572442410E1,2.130839527E-1,3.600879431E0,8.233659744E0
5.572637723E1,1.939303428E-1,3.591302633E0,8.307879448E0
5.572836087E1,1.723825186E-1,3.591302633E0,8.382100105E0
5.573028348E1,1.628057212E-1,3.605667830E0,8.439560890E0
5.573229764E1,1.651999205E-1,3.622427225E0,8.485051155E0
5.573431180E1,1.771709323E-1,3.646369219E0,8.528146744E0
5.573632596E1,2.011129409E-1,3.677493811E0,8.571242332E0
5.573830960E1,2.226607651E-1,3.706224203E0,8.611943245E0
5.574032376E1,2.442085743E-1,3.730166197E0,8.659827232E0
5.574230740E1,2.753331959E-1,3.746925592E0,8.712499619E0
5.574429105E1,3.112462163E-1,3.758896589E0,8.781931877E0
5.574624417E1,3.543418646E-1,3.778050184E0,8.851364136E0
5.574822781E1,4.118026793E-1,3.785232782E0,8.939949036E0
5.575015042E1,4.501099288E-1,3.799597979E0,9.040505409E0
5.575216458E1,4.501099288E-1,3.830722809E0,9.117119789E0
5.575417874E1,4.525041282E-1,3.871424198E0,9.167398453E0
5.575619290E1,4.740519226E-1,3.912125587E0,9.215282440E0
5.575817654E1,5.051765442E-1,3.955221176E0,9.253589630E0
5.576016019E1,5.410895944E-1,3.998316765E0,9.275136948E0
5.576211331E1,5.626373887E-1,4.031835556E0,9.279925346E0
5.576412747E1,5.841852427E-1,4.039018154E0,9.255983353E0
5.576608060E1,6.177040339E-1,4.022258759E0,9.210494041E0
5.576806424E1,6.416460276E-1,4.034229755E0,9.184157372E0
5.577004788E1,6.392518282E-1,4.067748547E0,9.141061783E0
5.577203152E1,6.105214357E-1,4.118026733E0,9.050082207E0
5.577395413E1,5.865794420E-1,4.182670593E0,8.920795441E0
5.577596829E1,5.865794420E-1,4.242525578E0,8.784325600E0
5.577792142E1,6.057330370E-1,4.292803764E0,8.655038834E0
5.577990506E1,6.296750307E-1,4.340687752E0,8.530540466E0
5.578182767E1,6.344634295E-1,4.388571739E0,8.420407295E0
5.578384183E1,6.296750307E-1,4.431667328E0,8.303091049E0
5.578579495E1,6.392518282E-1,4.472368717E0,8.188169479E0
5.578777859E1,6.679822803E-1,4.510675907E0,8.090007782E0
5.578973172E1,7.038952708E-1,4.529829502E0,8.008605003E0
5.579171536E1,7.374141216E-1,4.544194698E0,7.946355343E0
5.579366849E1,7.541735172E-1,4.546588898E0,7.903259754E0
5.579565213E1,7.589619160E-1,4.541800499E0,7.881711960E0
5.579760526E1,7.517793179E-1,4.541800499E0,7.896077156E0
5.579958890E1,7.326257229E-1,4.532223701E0,7.905653954E0
5.580151150E1,7.015010715E-1,4.513070107E0,7.915230751E0
5.580352566E1,6.607996821E-1,4.486733913E0,7.929595947E0
5.580547879E1,6.177040339E-1,4.460397720E0,7.951143742E0
5.580746243E1,5.698199868E-1,4.436455727E0,7.972691536E0
5.580941556E1,5.027823448E-1,4.407725334E0,7.991845131E0
5.581139920E1,4.237737060E-1,4.393360138E0,8.022970200E0
5.581332181E1,3.830722570E-1,4.390965939E0,8.042123795E0
5.581533597E1,2.705447972E-1,4.369418144E0,8.106766701E0
5.581728909E1,2.346317619E-1,4.357447147E0,8.123526573E0
5.581930325E1,1.556231081E-1,4.333505154E0,8.142680168E0
5.582122586E1,8.619125932E-2,4.307168961E0,8.161833763E0
5.582324002E1,2.633621916E-2,4.278438568E0,8.183381081E0
5.582519314E1,-2.154781483E-2,4.252102375E0,8.195352554E0
5.582720730E1,-4.070143029E-2,4.216189384E0,8.204929352E0
5.582916043E1,-4.788403213E-2,4.173093796E0,8.236053467E0
5.583117459E1,-4.309562966E-2,4.129997730E0,8.288725853E0
5.583312772E1,-3.112462163E-2,4.096478939E0,8.348581314E0
5.583511136E1,-2.873042040E-2,4.074931145E0,8.432378769E0
5.583709500E1,-7.182605099E-3,4.058171749E0,8.532935143E0
5.583907864E1,1.436521020E-2,4.031835556E0,8.640673637E0
5.584100125E1,2.394201607E-2,3.988739967E0,8.738836288E0
5.584301541E1,4.309562966E-2,3.948038578E0,8.846575737E0
5.584496854E1,7.422025502E-2,3.912125587E0,8.959102631E0
5.584695218E1,1.029506698E-1,3.881000996E0,9.078812599E0
5.584890530E1,1.244984865E-1,3.852270603E0,9.198522568E0
5.585088895E1,1.460463107E-1,3.825934410E0,9.301473618E0
5.585287259E1,1.651999205E-1,3.809175014E0,9.411606789E0
5.585485623E1,1.843535304E-1,3.806780815E0,9.504981041E0
5.585677884E1,2.106897533E-1,3.797203779E0,9.560047150E0
5.585879300E1,2.442085743E-1,3.785232782E0,9.598354340E0
5.586074612E1,2.849099934E-1,3.785232782E0,9.636661530E0
5.586272977E1,3.303998411E-1,3.804386616E0,9.679757118E0
5.586468289E1,3.687070608E-1,3.823540211E0,9.706093788E0
5.586669705E1,3.902548850E-1,3.830722809E0,9.694122314E0
5.586865018E1,4.261679053E-1,3.835511208E0,9.665391922E0
5.587063382E1,4.740519226E-1,3.849876404E0,9.629479408E0
5.587255643E1,5.267243981E-1,3.871424198E0,9.588777542E0
5.587457059E1,5.770025849E-1,3.892971992E0,9.564835548E0
5.587652371E1,6.177040339E-1,3.921702385E0,9.564835548E0
5.587850735E1,6.464344859E-1,3.952826977E0,9.569623947E0
5.588046048E1,6.607996821E-1,3.981557369E0,9.572018623E0
5.588247464E1,6.584054828E-1,3.988739967E0,9.564835548E0
5.588439725E1,6.607996821E-1,3.991134167E0,9.543288231E0
5.588641141E1,6.631938815E-1,3.983951569E0,9.533711433E0
5.588836453E1,6.631938815E-1,3.974374771E0,9.533711433E0
5.589031766E1,6.679822803E-1,3.967192173E0,9.516951561E0
5.589227078E1,6.679822803E-1,3.955221176E0,9.483432770E0
5.589428494E1,6.607996821E-1,3.948038578E0,9.423578262E0
5.589623807E1,6.560112834E-1,3.938461781E0,9.378087997E0
5.589822171E1,6.488286853E-1,3.931279182E0,9.375694275E0
5.590017484E1,6.272808313E-1,3.938461781E0,9.404424667E0
5.590218900E1,5.889736414E-1,3.940855980E0,9.418789864E0
5.590414212E1,5.626373887E-1,3.936067581E0,9.382876396E0
5.590612576E1,5.530605912E-1,3.926490784E0,9.344569206E0
5.590810941E1,5.458779931E-1,3.924096584E0,9.320627213E0
5.591009305E1,5.339069963E-1,3.921702385E0,9.318233490E0
5.591201566E1,5.195417404E-1,3.926490784E0,9.308655739E0
5.591402982E1,5.267243981E-1,3.938461781E0,9.279925346E0
5.591601346E1,5.339069963E-1,3.955221176E0,9.265560150E0
5.591799710E1,5.506663918E-1,3.974374771E0,9.246406555E0
5.591991971E1,5.770025849E-1,4.007893562E0,9.236829758E0
5.592193387E1,6.177040339E-1,4.046200752E0,9.232041359E0
5.592388699E1,6.631938815E-1,4.106055737E0,9.198522568E0
5.592587064E1,7.086837292E-1,4.168305397E0,9.138668060E0
5.592788480E1,7.661445141E-1,4.223371983E0,9.050082207E0
5.592989896E1,8.259995580E-1,4.268861771E0,8.959102631E0
5.593188260E1,8.978256583E-1,4.316745758E0,8.877699852E0
5.593386624E1,9.648633003E-1,4.357447147E0,8.801085472E0
5.593578885E1,1.015141487E0,4.393360138E0,8.702922821E0
5.593780301E1,1.053448796E0,4.438849926E0,8.568847656E0
5.593975613E1,1.110909581E0,4.481945515E0,8.456320763E0
5.594173978E1,1.173158884E0,4.503493309E0,8.394071579E0
5.594372342E1,1.221042871E0,4.525041103E0,8.348581314E0
5.594570706E1,1.312022567E0,4.575319290E0,8.281543732E0
5.594762967E1,1.374271750E0,4.604049683E0,8.245630264E0
5.594964383E1,1.520318031E0,4.680664539E0,8.176198959E0
5.595159695E1,1.556231141E0,4.697423935E0,8.171410561E0
5.595358060E1,1.625662923E0,4.733336926E0,8.166622162E0
5.595556424E1,1.675941229E0,4.788403511E0,8.176198959E0
5.595757840E1,1.692700624E0,4.865017891E0,8.178592682E0
5.595953152E1,1.695094824E0,4.924872875E0,8.145073891E0
5.596151517E1,1.695094824E0,4.958391666E0,8.034940720E0
5.596346829E1,1.702277422E0,4.989516258E0,7.900865555E0
5.596545193E1,1.704671621E0,4.994304657E0,7.771578789E0
5.596737454E1,1.697489023E0,4.984727859E0,7.632715225E0
5.596938870E1,1.673547029E0,4.972756863E0,7.469909191E0
5.597134183E1,1.647210717E0,4.953603268E0,7.299921036E0
5.597335599E1,1.589749932E0,4.915296078E0,7.223306656E0
5.597527859E1,1.532289028E0,4.862623692E0,7.196970463E0
5.597729276E1,1.522712231E0,4.814739704E0,7.137115479E0
5.597924588E1,1.534683347E0,4.778826714E0,7.089231014E0
5.598122952E1,1.644816518E0,4.683058739E0,6.581660271E0
5.598318265E1,2.015917778E0,4.479551315E0,4.783615112E0
5.598516629E1,2.363077164E0,4.302380562E0,2.504334927E0
5.598711942E1,2.334346771E0,4.220977783E0,1.211466074E0
5.598907254E1,1.896207690E0,4.168305397E0,1.558625340E0
5.599105618E1,1.273715258E0,4.074931145E0,3.035847664E0
5.599303983E1,7.661445141E-1,3.986345768E0,4.702212334E0
5.599499295E1,5.961562395E-1,3.981557369E0,6.121973515E0
5.599697659E1,7.733271718E-1,4.070142746E0,7.438784599E0
5.599892972E1,1.142034173E0,4.175487995E0,8.786720276E0
5.600091336E1,1.558625340E0,4.278438568E0,1.013704967E1
5.600286649E1,1.924938202E0,4.405331135E0,1.134612179E1
5.600488064E1,2.154781580E0,4.527435303E0,1.227986050E1
5.600680325E1,2.212242365E0,4.618414879E0,1.288319969E1
5.600881741E1,2.130839586E0,4.683058739E0,1.316571522E1
5.601077054E1,1.970427990E0,4.699818134E0,1.321599293E1
5.601275418E1,1.754949808E0,4.649539471E0,1.312261963E1
5.601473782E1,1.520318031E0,4.532223701E0,1.294784260E1
5.601672147E1,1.297657371E0,4.362235546E0,1.274433517E1
5.601864407E1,1.108515382E0,4.170699596E0,1.253364563E1
5.602065823E1,9.888052940E-1,3.991134167E0,1.232535076E1
5.602261136E1,9.481038451E-1,3.837905407E0,1.214099693E1
5.602459500E1,9.720458984E-1,3.730166197E0,1.201171017E1
5.602657864E1,1.015141487E0,3.658340216E0,1.192791271E1
5.602856229E1,1.067813993E0,3.624821424E0,1.187524033E1
5.603054593E1,1.120486379E0,3.620033026E0,1.183453941E1
5.603252957E1,1.177947283E0,3.634398222E0,1.180341434E1
5.603445218E1,1.261744261E0,3.658340216E0,1.174116516E1
5.603646634E1,1.393425345E0,3.689464808E0,1.161666679E1
5.603841946E1,1.537077546E0,3.725377798E0,1.143949604E1
5.604040311E1,1.671152830E0,3.758896589E0,1.121922874E1
5.604235623E1,1.790862918E0,3.797203779E0,1.096065521E1
5.604433987E1,1.939303398E0,3.845088005E0,1.064940929E1
5.604629300E1,2.126051188E0,3.892971992E0,1.030943298E1
5.604827664E1,2.317587137E0,3.919308186E0,9.976638794E0
5.605026028E1,2.463633537E0,3.940855980E0,9.660603523E0
5.605224393E1,2.540247917E0,3.950432777E0,9.370905876E0
5.605416653E1,2.535459518E0,3.926490784E0,9.097966194E0
5.605618069E1,2.406172752E0,3.876212597E0,8.793902397E0
5.605813382E1,2.138022184E0,3.801992416E0,8.427590370E0
5.606011746E1,1.735796213E0,3.722983599E0,8.010998726E0
5.606207059E1,1.276109457E0,3.655946016E0,7.589619160E0
5.606405423E1,1.063025594E0,3.627215624E0,7.398083210E0
5.606597684E1,6.895300746E-1,3.584120035E0,7.072471619E0
5.606796048E1,4.046200812E-1,3.557783842E0,6.856993675E0
5.606994412E1,2.130839527E-1,3.543418407E0,6.751648903E0
5.607192776E1,8.140286058E-2,3.593696833E0,6.715735912E0
5.607385037E1,0.000000000E0,3.677493811E0,6.684611320E0
5.607586453E1,-2.154781483E-2,3.732560396E0,6.660669327E0
5.607781766E1,2.633621916E-2,3.761290789E0,6.646304131E0
5.607977078E1,1.436520964E-1,3.799597979E0,6.663063526E0
5.608172391E1,3.016694188E-1,3.878606796E0,6.708553314E0
5.608373807E1,4.908113480E-1,3.981557369E0,6.780379295E0
5.608569119E1,6.919242740E-1,4.113238335E0,6.880935669E0
5.608907864E1,1.046266198E0,4.405331135E0,7.103596210E0
5.608971951E1,1.046266198E0,4.405331135E0,7.103596210E0
